3.584293881431221962e-04
3.584293881431221962e-04
9.992831945419311523e-01
1.442695021629333496e+00
1.442695021629333496e+00
1.442695021629333496e+00
1.442695021629333496e+00
1.442695021629333496e+00
1.442695021629333496e+00
1.442695021629333496e+00
1.442695021629333496e+00
1.442695021629333496e+00
1.442695021629333496e+00
1.442695021629333496e+00
1.442695021629333496e+00
1.442695021629333496e+00
1.442695021629333496e+00
1.442695021629333496e+00
1.442695021629333496e+00
1.442695021629333496e+00
1.442695021629333496e+00
6.960242241621017456e-02
6.290692836046218872e-02
3.402007496333681047e-05
