1.069597549438476562e+02 -3.415620040893554688e+01
9.633087158203125000e+01 -3.514800643920898438e+01
1.013208694458007812e+02 -3.582661056518554688e+01
1.319854736328125000e+02 -1.547032833099365234e+01
1.239668197631835938e+02 -1.599758338928222656e+01
1.268560485839843750e+02 -1.602062988281250000e+01
1.022114181518554688e+02 -1.751833915710449219e+01
1.152413024902343750e+02 -1.326514434814453125e+01
1.248423538208007812e+02 -1.553536128997802734e+01
1.152380905151367188e+02 -1.199093151092529297e+01
1.273420257568359375e+02 -1.251143741607666016e+01
1.237469406127929688e+02 -1.775670051574707031e+01
8.480004882812500000e+01 -3.652462387084960938e+01
8.882680511474609375e+01 -3.555676269531250000e+01
1.048991088867187500e+02 -3.409355545043945312e+01
9.622538757324218750e+01 -3.191756439208984375e+01
8.707395172119140625e+01 -3.495750808715820312e+01
8.654845428466796875e+01 -3.135955047607421875e+01
9.111580657958984375e+01 -3.638192749023437500e+01
1.125276184082031250e+02 -3.446451187133789062e+01
9.475702667236328125e+01 -3.410628509521484375e+01
8.151612091064453125e+01 -3.633989334106445312e+01
9.561306762695312500e+01 -3.108159255981445312e+01
1.111124191284179688e+02 -3.315713882446289062e+01
1.356582489013671875e+02 -1.169969844818115234e+01
1.286643371582031250e+02 -1.544789981842041016e+01
1.235726928710937500e+02 -1.704360771179199219e+01
1.231390457153320312e+02 -1.894243049621582031e+01
1.120911636352539062e+02 -1.852858161926269531e+01
1.204364700317382812e+02 -7.712051868438720703e+00
1.213532562255859375e+02 -1.690662765502929688e+01
1.275988082885742188e+02 -1.410772705078125000e+01
1.200837707519531250e+02 -5.189877510070800781e+00
1.314807739257812500e+02 -1.432385921478271484e+01
1.264617156982421875e+02 -1.516389560699462891e+01
1.153640213012695312e+02 -1.529515933990478516e+01
1.147415542602539062e+02 -1.403244686126708984e+01
1.185940551757812500e+02 -1.528011322021484375e+01
1.177107009887695312e+02 -1.303799629211425781e+01
1.250289688110351562e+02 -1.667036819458007812e+01
9.801247406005859375e+01 -1.270595550537109375e+01
1.211596755981445312e+02 -1.586656475067138672e+01
1.183529968261718750e+02 -1.676763916015625000e+01
1.212821197509765625e+02 -1.518193912506103516e+01
1.616307525634765625e+02 1.326979637145996094e+01
1.525495605468750000e+02 5.771015644073486328e+00
1.441024932861328125e+02 1.395778846740722656e+01
1.166469268798828125e+02 1.550690841674804688e+01
1.318701629638671875e+02 1.748465728759765625e+01
1.228210296630859375e+02 1.593337154388427734e+01
1.270183029174804688e+02 1.722135925292968750e+01
1.325823211669921875e+02 7.872575283050537109e+00
1.446556549072265625e+02 1.001818752288818359e+01
1.337828216552734375e+02 1.777724647521972656e+01
1.446104888916015625e+02 4.810985088348388672e+00
1.481634979248046875e+02 2.520690155029296875e+01
1.373822631835937500e+02 1.281089496612548828e+01
1.579862365722656250e+02 1.187241744995117188e+01
1.136904373168945312e+02 1.293749237060546875e+01
1.531511688232421875e+02 9.445287704467773438e+00
1.557879791259765625e+02 6.517068386077880859e+00
1.366106109619140625e+02 1.180340671539306641e+01
1.503906097412109375e+02 1.691337585449218750e+01
1.512498321533203125e+02 1.078298854827880859e+01
1.464743804931640625e+02 1.043413543701171875e+01
1.296667175292968750e+02 1.505285358428955078e+01
8.804019165039062500e+01 -3.755490779876708984e+00
1.413039398193359375e+02 -8.885103225708007812e+00
1.254858016967773438e+02 -9.007939338684082031e+00
1.026007766723632812e+02 6.127381324768066406e+00
1.336592864990234375e+02 -7.463340282440185547e+00
1.324878692626953125e+02 -5.304749965667724609e+00
1.366702728271484375e+02 -1.202907180786132812e+01
1.425354614257812500e+02 -9.285571098327636719e+00
1.332468414306640625e+02 -9.022399902343750000e+00
8.466292572021484375e+01 -5.997454643249511719e+00
1.185035171508789062e+02 -9.632003784179687500e+00
1.375132446289062500e+02 -1.100805091857910156e+01
1.089798507690429688e+02 -1.405525207519531250e+01
1.304962615966796875e+02 -7.259893417358398438e+00
9.008940887451171875e+01 2.863058090209960938e+00
8.504161071777343750e+01 -5.742555260658264160e-01
9.977397155761718750e+01 -7.171611785888671875e+00
1.078621902465820312e+02 -5.415365695953369141e+00
1.070054397583007812e+02 -6.347509860992431641e+00
1.145752105712890625e+02 -5.979346752166748047e+00
1.363402252197265625e+02 -6.130703449249267578e+00
1.048636703491210938e+02 -7.392317295074462891e+00
9.939930725097656250e+01 3.157394647598266602e+00
1.264104156494140625e+02 -5.583152294158935547e+00
1.127436523437500000e+02 4.052068233489990234e+00
1.200636520385742188e+02 3.107924699783325195e+00
1.279609909057617188e+02 -6.374861240386962891e+00
9.875704193115234375e+01 -5.044931888580322266e+00
1.090409545898437500e+02 -5.782031059265136719e+00
1.125746459960937500e+02 3.253410756587982178e-01
1.211305999755859375e+02 -7.976773262023925781e+00
1.016049957275390625e+02 -5.429300308227539062e+00
1.206413269042968750e+02 -4.945384025573730469e+00
1.067364578247070312e+02 7.824977397918701172e+00
1.231321792602539062e+02 -4.986999511718750000e+00
1.045523376464843750e+02 4.368714332580566406e+00
1.189850158691406250e+02 -5.383419513702392578e+00
1.221114273071289062e+02 -1.987095117568969727e+00
1.167379531860351562e+02 -3.837469577789306641e+00
1.245698318481445312e+02 -4.851479053497314453e+00
1.170198211669921875e+02 -6.325798034667968750e+00
1.148747329711914062e+02 -1.417592716217041016e+01
1.477228393554687500e+02 -1.300917911529541016e+01
1.445370178222656250e+02 -9.958603858947753906e+00
1.427902221679687500e+02 -9.380158424377441406e+00
1.480586853027343750e+02 -6.404679298400878906e+00
1.449695892333984375e+02 -1.047303009033203125e+01
1.473379974365234375e+02 -1.188568019866943359e+01
1.506396942138671875e+02 -1.048490524291992188e+01
1.470083160400390625e+02 -1.036697196960449219e+01
1.509692077636718750e+02 -1.030592823028564453e+01
1.416505584716796875e+02 -1.058163452148437500e+01
1.486893463134765625e+02 -1.060608196258544922e+01
1.511207275390625000e+02 -1.117231750488281250e+01
1.176486129760742188e+02 -1.257196712493896484e+01
1.273105545043945312e+02 -1.210864830017089844e+01
1.166518707275390625e+02 -1.413236999511718750e+01
1.280205841064453125e+02 -1.726851081848144531e+01
1.216509552001953125e+02 -1.205273342132568359e+01
1.226496658325195312e+02 -1.321970272064208984e+01
1.369356842041015625e+02 -1.423638248443603516e+01
1.191368637084960938e+02 -1.592429637908935547e+01
1.177775802612304688e+02 -5.534677982330322266e+00
1.126979598999023438e+02 -1.144960784912109375e+01
1.471874084472656250e+02 -9.213050842285156250e+00
1.500945129394531250e+02 -1.146097660064697266e+01
1.451182861328125000e+02 -8.201841354370117188e+00
1.468778228759765625e+02 -8.755334854125976562e+00
1.445921936035156250e+02 -1.118926143646240234e+01
1.449134674072265625e+02 -1.055329036712646484e+01
1.385412445068359375e+02 -1.100196170806884766e+01
1.449841766357421875e+02 -1.136126899719238281e+01
1.166897201538085938e+02 -9.522772789001464844e+00
1.469683227539062500e+02 -9.869243621826171875e+00
1.532200622558593750e+02 -1.053047466278076172e+01
1.472788391113281250e+02 -1.131376075744628906e+01
1.481839904785156250e+02 -1.099802303314208984e+01
1.432737426757812500e+02 -1.168400096893310547e+01
1.479777984619140625e+02 -1.139975357055664062e+01
1.421332244873046875e+02 -1.144442749023437500e+01
1.448633270263671875e+02 -1.092103958129882812e+01
1.546762237548828125e+02 -1.055068969726562500e+01
1.477007446289062500e+02 -1.059397220611572266e+01
1.483343505859375000e+02 -1.113926982879638672e+01
1.435214233398437500e+02 -3.987064743041992188e+01
1.469145507812500000e+02 -3.520883560180664062e+01
1.315056304931640625e+02 -4.208820343017578125e+01
1.519025268554687500e+02 -3.643484878540039062e+01
1.515947113037109375e+02 -3.577713775634765625e+01
1.568753814697265625e+02 -4.056856918334960938e+01
1.431718292236328125e+02 -3.816989898681640625e+01
1.464201354980468750e+02 -3.718764495849609375e+01
1.467342376708984375e+02 -3.644776153564453125e+01
1.408817443847656250e+02 -4.216426086425781250e+01
1.405986022949218750e+02 -3.846498870849609375e+01
1.449332275390625000e+02 -3.830728530883789062e+01
1.546710968017578125e+02 -3.985436630249023438e+01
1.514961547851562500e+02 -3.644992446899414062e+01
1.325499725341796875e+02 -3.744781494140625000e+01
1.250238418579101562e+02 -4.145524215698242188e+01
1.422086181640625000e+02 -1.038256740570068359e+01
1.528372192382812500e+02 -1.310178089141845703e+01
1.473433380126953125e+02 -9.926836013793945312e+00
1.540474395751953125e+02 -1.064088058471679688e+01
1.531092987060546875e+02 -1.001868343353271484e+01
1.504043273925781250e+02 -1.048683738708496094e+01
1.221085510253906250e+02 -1.098831653594970703e+01
1.195462112426757812e+02 -1.059859657287597656e+01
9.748018646240234375e+01 -1.368095970153808594e+01
1.124717864990234375e+02 -1.764949226379394531e+01
1.004681777954101562e+02 -1.643895721435546875e+01
1.040516128540039062e+02 -1.907884597778320312e+01
1.240299072265625000e+02 -1.775597763061523438e+01
8.957223510742187500e+01 -1.666593360900878906e+01
1.032119445800781250e+02 -1.822452354431152344e+01
1.151541137695312500e+02 -1.586287784576416016e+01
1.036557159423828125e+02 -1.166596603393554688e+01
1.417116088867187500e+02 -3.717143249511718750e+01
1.494512329101562500e+02 -3.633812332153320312e+01
1.501442565917968750e+02 -3.649886322021484375e+01
1.541511535644531250e+02 -4.057906341552734375e+01
1.197291946411132812e+02 -3.183394622802734375e+01
1.326939086914062500e+02 -4.376986312866210938e+01
1.514300384521484375e+02 -3.470709609985351562e+01
1.555079650878906250e+02 -3.690001296997070312e+01
9.448880767822265625e+01 -7.861670017242431641e+00
8.264396667480468750e+01 -6.161327838897705078e+00
8.991453552246093750e+01 -1.147862434387207031e+01
8.488200378417968750e+01 -1.199693298339843750e+01
9.529427337646484375e+01 -1.065455055236816406e+01
1.035029373168945312e+02 -1.149214839935302734e+01
6.305134963989257812e+01 -2.564096069335937500e+01
5.695967864990234375e+01 -1.515475654602050781e+01
3.605746459960937500e+01 -1.192117881774902344e+01
6.815988159179687500e+01 -5.241347312927246094e+00
2.756514739990234375e+01 -6.858623981475830078e+00
2.503232383728027344e+01 -1.322900485992431641e+01
2.245039367675781250e+01 -6.674631595611572266e+00
4.472074890136718750e+01 -1.768898963928222656e+01
3.857320785522460938e+01 -9.743875503540039062e+00
3.470258331298828125e+01 -1.314621353149414062e+01
5.585121917724609375e+01 -1.202255249023437500e+01
6.677251434326171875e+01 -1.085026073455810547e+01
4.659037399291992188e+01 -1.089811038970947266e+01
9.341032409667968750e+01 -1.795518302917480469e+01
7.060445404052734375e+01 -1.127525424957275391e+01
5.992212295532226562e+01 -1.271376132965087891e+01
7.219544982910156250e+01 -1.938681221008300781e+01
6.550434112548828125e+01 -1.296007823944091797e+01
7.192462158203125000e+01 -1.272248268127441406e+01
8.213648986816406250e+01 -1.060700321197509766e+01
1.041955337524414062e+02 -1.828826713562011719e+01
5.898323059082031250e+01 -1.052490901947021484e+01
6.960276031494140625e+01 -1.445854473114013672e+01
4.814614486694335938e+01 -1.129626369476318359e+01
8.840664672851562500e+01 -1.858773994445800781e+01
4.909978103637695312e+01 -1.193529701232910156e+01
5.786705017089843750e+01 -1.145479297637939453e+01
4.700229263305664062e+01 -1.005461311340332031e+01
5.877725601196289062e+01 -1.271744251251220703e+01
5.019117355346679688e+01 -1.363691425323486328e+01
1.066498718261718750e+02 -6.307681083679199219e+00
9.914738464355468750e+01 -1.028198337554931641e+01
8.937985992431640625e+01 -6.028908252716064453e+00
3.105062675476074219e+01 -9.802325248718261719e+00
2.641680335998535156e+01 -7.748888969421386719e+00
3.706494903564453125e+01 -1.588506031036376953e+01
2.946350669860839844e+01 -8.550148963928222656e+00
4.647033691406250000e+01 -1.243800067901611328e+01
6.426205444335937500e+01 -2.145745086669921875e+01
4.797525787353515625e+01 -1.373192310333251953e+01
6.398456192016601562e+01 -1.087871932983398438e+01
5.295096206665039062e+01 -1.394861316680908203e+01
6.928006744384765625e+01 -2.070066833496093750e+01
3.038990211486816406e+01 -8.154766082763671875e+00
2.665926170349121094e+01 -6.893824577331542969e+00
5.693220520019531250e+01 -1.507284641265869141e+01
3.410636901855468750e+01 -9.850200653076171875e+00
6.748900604248046875e+01 -2.207201766967773438e+01
2.146565055847167969e+01 -6.521100997924804688e+00
3.473571395874023438e+01 -1.194108390808105469e+01
3.158965682983398438e+01 -7.072305679321289062e+00
2.701913070678710938e+01 -4.121214866638183594e+00
