1.069667510986328125e+02 -1.617946815490722656e+01 6.009873580932617188e+01 1.204867553710937500e+01 -1.372352790832519531e+01 -3.247757673263549805e+00 -1.948345184326171875e+01
9.628087615966796875e+01 -1.439704322814941406e+01 5.158266067504882812e+01 1.736054229736328125e+01 -1.646228790283203125e+01 2.993298292160034180e+00 -1.254334163665771484e+01
1.013165359497070312e+02 -1.291007614135742188e+01 5.769303894042968750e+01 1.182891464233398438e+01 -1.395364665985107422e+01 -2.076202630996704102e+00 -6.324276924133300781e+00
1.318296508789062500e+02 -2.933823776245117188e+01 1.872057723999023438e+01 1.196374034881591797e+01 -6.401663303375244141e+00 2.058765411376953125e+01 -1.873494863510131836e+00
1.238224563598632812e+02 -2.689809226989746094e+01 1.840936660766601562e+01 1.303948593139648438e+01 -5.343454360961914062e+00 1.320170497894287109e+01 -1.340555548667907715e+00
1.266894836425781250e+02 -2.869616699218750000e+01 1.613600540161132812e+01 1.417914962768554688e+01 -5.293147087097167969e+00 1.285557746887207031e+01 7.541469335556030273e-01
1.019875106811523438e+02 -2.778927612304687500e+01 5.756360530853271484e+00 2.402354621887207031e+01 -6.967141628265380859e+00 1.963322448730468750e+01 -2.562516212463378906e+00
1.150952911376953125e+02 -2.919342803955078125e+01 1.676603126525878906e+01 1.083210945129394531e+01 -4.244069099426269531e+00 1.817812156677246094e+01 -5.808485150337219238e-01
1.246907958984375000e+02 -2.794588851928710938e+01 1.872687530517578125e+01 1.248056507110595703e+01 -7.589212417602539062e+00 2.052194786071777344e+01 6.071841716766357422e-01
1.150768814086914062e+02 -2.900412178039550781e+01 1.366583156585693359e+01 1.210726547241210938e+01 -6.544830322265625000e+00 1.690810966491699219e+01 -2.198815107345581055e+00
1.272034683227539062e+02 -2.973026466369628906e+01 1.933039474487304688e+01 9.561908721923828125e+00 -6.336576461791992188e+00 1.664659309387207031e+01 2.672869563102722168e-01
1.235672378540039062e+02 -2.777548789978027344e+01 1.387209606170654297e+01 1.787279129028320312e+01 -6.255403995513916016e+00 2.030294036865234375e+01 -6.520271301269531250e-01
8.480324554443359375e+01 -9.609390258789062500e+00 5.402384948730468750e+01 1.501710319519042969e+01 -1.381196403503417969e+01 -7.292360305786132812e+00 -9.769024848937988281e+00
8.881671142578125000e+01 -1.280263805389404297e+01 5.650336074829101562e+01 1.361178398132324219e+01 -1.399283123016357422e+01 -7.431661605834960938e+00 -1.866883850097656250e+01
1.048943252563476562e+02 -1.378963565826416016e+01 5.679964447021484375e+01 1.267949581146240234e+01 -1.447916889190673828e+01 6.388595104217529297e+00 -7.972340583801269531e+00
9.621601867675781250e+01 -1.231343936920166016e+01 5.709875488281250000e+01 1.038229560852050781e+01 -1.717239379882812500e+01 -2.007566928863525391e+00 -1.354402923583984375e+01
8.703656005859375000e+01 -1.080379676818847656e+01 5.120001602172851562e+01 1.616174507141113281e+01 -1.728431510925292969e+01 -2.424275398254394531e+00 -1.035528087615966797e+01
8.653734588623046875e+01 -1.156400871276855469e+01 5.290662765502929688e+01 1.050129604339599609e+01 -1.614245986938476562e+01 -5.125607013702392578e+00 -1.455548000335693359e+01
9.108799743652343750e+01 -1.404225540161132812e+01 5.499043655395507812e+01 1.420596694946289062e+01 -1.519937324523925781e+01 -1.004774475097656250e+01 -1.207872390747070312e+01
1.125326232910156250e+02 -1.549913787841796875e+01 6.242357254028320312e+01 9.725437164306640625e+00 -1.587412357330322266e+01 -6.885820627212524414e-02 -1.034969425201416016e+01
9.473442840576171875e+01 -1.666418457031250000e+01 5.915753555297851562e+01 1.278606891632080078e+01 -1.776417922973632812e+01 -4.976706981658935547e+00 -1.309382152557373047e+01
8.148217773437500000e+01 -1.427456665039062500e+01 5.321373367309570312e+01 1.385299968719482422e+01 -1.084011936187744141e+01 -3.385833978652954102e+00 -5.388672351837158203e+00
9.557981872558593750e+01 -1.476545906066894531e+01 5.137630462646484375e+01 1.108941841125488281e+01 -1.494545078277587891e+01 5.240598201751708984e+00 -2.771874427795410156e+00
1.111065521240234375e+02 -1.460548210144042969e+01 5.708936309814453125e+01 1.039958477020263672e+01 -1.361023998260498047e+01 1.471822738647460938e+00 -1.108566761016845703e+01
1.355237579345703125e+02 -2.987245750427246094e+01 1.982466888427734375e+01 7.658921241760253906e+00 -5.999751091003417969e+00 1.655060005187988281e+01 -2.769402265548706055e+00
1.285053863525390625e+02 -2.712735176086425781e+01 1.681641387939453125e+01 1.458174610137939453e+01 -7.795897006988525391e+00 1.888277816772460938e+01 1.813375711441040039e+00
1.234065704345703125e+02 -3.048282432556152344e+01 1.622201538085937500e+01 1.687801361083984375e+01 -4.948204040527343750e+00 1.600241470336914062e+01 -4.169777870178222656e+00
1.229793624877929688e+02 -2.488489723205566406e+01 1.514347648620605469e+01 1.780153656005859375e+01 -6.260914325714111328e+00 1.480410480499267578e+01 -6.376355290412902832e-01
1.119065933227539062e+02 -2.558870506286621094e+01 1.044864559173583984e+01 1.835402870178222656e+01 -5.792165756225585938e+00 1.873265457153320312e+01 7.765429615974426270e-01
1.202744750976562500e+02 -3.104284858703613281e+01 1.700408363342285156e+01 3.482979774475097656e+00 -9.131421089172363281e+00 2.313478660583496094e+01 1.542895078659057617e+00
1.211830673217773438e+02 -2.772186660766601562e+01 1.393426990509033203e+01 1.717149543762207031e+01 -5.534264087677001953e+00 1.902901649475097656e+01 1.079247355461120605e+00
1.274607162475585938e+02 -2.968028831481933594e+01 2.023789978027343750e+01 1.093117809295654297e+01 -5.822397232055664062e+00 1.437504100799560547e+01 -5.752472400665283203e+00
1.199190368652343750e+02 -3.364595031738281250e+01 1.693125152587890625e+01 1.865842819213867188e+00 -1.104595375061035156e+01 2.730916595458984375e+01 -2.122351169586181641e+00
1.313388824462890625e+02 -2.877039718627929688e+01 1.689810371398925781e+01 1.316741943359375000e+01 -4.111998081207275391e+00 1.478281021118164062e+01 -4.868194103240966797e+00
1.262864761352539062e+02 -3.213426589965820312e+01 1.901420211791992188e+01 1.218825149536132812e+01 -6.904827594757080078e+00 1.715966796875000000e+01 -1.279051661491394043e+00
1.151651916503906250e+02 -3.151148605346679688e+01 1.196494674682617188e+01 1.665989112854003906e+01 -6.315310955047607422e+00 1.614345169067382812e+01 -1.434790372848510742e+00
1.146134948730468750e+02 -2.533603286743164062e+01 1.639706230163574219e+01 1.128957366943359375e+01 -4.610913276672363281e+00 1.629332160949707031e+01 -6.247653961181640625e-01
1.184663772583007812e+02 -2.361950874328613281e+01 1.636404609680175781e+01 1.341350841522216797e+01 -4.618236541748046875e+00 1.388945579528808594e+01 -1.261639952659606934e+00
1.175207824707031250e+02 -3.242131805419921875e+01 1.446938800811767578e+01 1.268270874023437500e+01 -7.557298660278320312e+00 2.108393287658691406e+01 -6.851720064878463745e-02
1.248838500976562500e+02 -2.617494010925292969e+01 1.598439311981201172e+01 1.598094654083251953e+01 -5.755221366882324219e+00 1.654628181457519531e+01 -2.710804224014282227e+00
9.782704162597656250e+01 -2.585657691955566406e+01 9.021648406982421875e+00 1.475827503204345703e+01 -8.535342216491699219e+00 1.825922012329101562e+01 -8.506547212600708008e-01
1.210047149658203125e+02 -2.710411834716796875e+01 1.494202423095703125e+01 1.552566242218017578e+01 -5.208353042602539062e+00 1.811818122863769531e+01 -4.318762719631195068e-01
1.182075424194335938e+02 -2.577519416809082031e+01 1.553740978240966797e+01 1.593301105499267578e+01 -4.528131484985351562e+00 1.176389789581298828e+01 -4.049284458160400391e+00
1.211182785034179688e+02 -2.785002517700195312e+01 1.571787738800048828e+01 1.434498596191406250e+01 -7.261181831359863281e+00 1.798610877990722656e+01 1.202394366264343262e+00
1.614357604980468750e+02 -3.995922470092773438e+01 2.748441696166992188e+01 -2.297942733764648438e+01 -3.270101928710937500e+01 8.454167366027832031e+00 6.766243457794189453e+00
1.523529510498046875e+02 -2.975844001770019531e+01 2.393233108520507812e+01 -1.178426933288574219e+01 -3.472163391113281250e+01 -1.991948962211608887e+00 2.635483026504516602e+00
1.438746185302734375e+02 -3.861405563354492188e+01 2.173537445068359375e+01 -1.931168746948242188e+01 -3.705699920654296875e+01 8.409656524658203125e+00 5.891226291656494141e+00
1.164111022949218750e+02 -4.411591339111328125e+01 2.160423278808593750e+01 -1.980785560607910156e+01 -3.406910324096679688e+01 7.678251743316650391e+00 2.310922622680664062e+00
1.316184692382812500e+02 -4.031430435180664062e+01 1.957532882690429688e+01 -2.343352699279785156e+01 -4.022884750366210938e+01 1.269196796417236328e+01 3.922072649002075195e+00
1.226274261474609375e+02 -4.036428833007812500e+01 2.193902587890625000e+01 -2.283272171020507812e+01 -3.028913116455078125e+01 1.068455791473388672e+01 2.032700300216674805e+00
1.267839050292968750e+02 -3.650663757324218750e+01 2.150830078125000000e+01 -2.356347465515136719e+01 -4.361277008056640625e+01 1.112874603271484375e+01 3.960456848144531250e+00
1.323821716308593750e+02 -4.058654022216796875e+01 2.746199417114257812e+01 -1.340159511566162109e+01 -3.278391647338867188e+01 -7.978694438934326172e+00 -6.292266368865966797e+00
1.444985504150390625e+02 -3.542483901977539062e+01 2.810037612915039062e+01 -1.909346771240234375e+01 -2.870545768737792969e+01 -5.874068140983581543e-01 2.196533679962158203e+00
1.335100708007812500e+02 -4.721450424194335938e+01 2.093482971191406250e+01 -2.031564903259277344e+01 -4.099153900146484375e+01 1.300321769714355469e+01 7.840719699859619141e+00
1.444696044921875000e+02 -3.129595947265625000e+01 2.848410034179687500e+01 -1.368798637390136719e+01 -2.674182701110839844e+01 4.779644489288330078e+00 2.647912502288818359e+00
1.479251708984375000e+02 -4.335489273071289062e+01 2.021384048461914062e+01 -3.086949348449707031e+01 -4.163171005249023438e+01 1.086972808837890625e+01 5.424129009246826172e+00
1.371677703857421875e+02 -3.737870025634765625e+01 2.229009246826171875e+01 -1.878720474243164062e+01 -3.461951065063476562e+01 4.229121685028076172e+00 6.659698963165283203e+00
1.577708129882812500e+02 -3.831569671630859375e+01 2.559365844726562500e+01 -1.732351684570312500e+01 -3.808049392700195312e+01 -2.145109891891479492e+00 4.340847969055175781e+00
1.134298858642578125e+02 -3.635566711425781250e+01 1.676308822631835938e+01 -1.722505378723144531e+01 -4.090685653686523438e+01 6.737915515899658203e+00 -9.842659950256347656e+00
1.529908905029296875e+02 -3.638633728027343750e+01 2.490094757080078125e+01 -1.603357124328613281e+01 -2.683966827392578125e+01 5.860710144042968750e-01 -3.923865854740142822e-01
1.556814117431640625e+02 -3.128031730651855469e+01 3.080623817443847656e+01 -1.832452583312988281e+01 -2.465893173217773438e+01 6.661570549011230469e+00 1.643074274063110352e+00
1.363886871337890625e+02 -4.163741302490234375e+01 2.042245101928710938e+01 -1.253929233551025391e+01 -3.123563957214355469e+01 1.423166513442993164e+00 -2.742393970489501953e+00
1.502319183349609375e+02 -3.506470108032226562e+01 2.519661140441894531e+01 -2.803214073181152344e+01 -3.220734786987304688e+01 1.129740428924560547e+01 5.327597618103027344e+00
1.511007995605468750e+02 -3.678313446044921875e+01 3.205752182006835938e+01 -2.256615257263183594e+01 -2.902876281738281250e+01 -3.755096673965454102e+00 1.469598770141601562e+00
1.463036041259765625e+02 -3.102303504943847656e+01 2.647781562805175781e+01 -1.831798744201660156e+01 -3.485144424438476562e+01 -3.114967346191406250e+00 -1.821779757738113403e-01
1.294253692626953125e+02 -4.109266281127929688e+01 2.243029785156250000e+01 -2.044351005554199219e+01 -3.883636856079101562e+01 6.144719123840332031e+00 2.081255674362182617e+00
8.791321563720703125e+01 -3.696857690811157227e+00 1.268124198913574219e+01 1.459834480285644531e+01 -4.732217025756835938e+01 2.639388465881347656e+01 -7.413014411926269531e+00
1.412688293457031250e+02 3.823838710784912109e+00 2.469983863830566406e+01 1.324550724029541016e+01 -4.028428649902343750e+01 1.998322677612304688e+01 -6.521062374114990234e+00
1.254029998779296875e+02 -7.896676063537597656e-01 2.368889427185058594e+01 1.823066139221191406e+01 -4.632140350341796875e+01 1.320444869995117188e+01 -1.799516296386718750e+01
1.025360641479492188e+02 -4.333968162536621094e+00 1.576669502258300781e+01 3.106264829635620117e+00 -4.630807495117187500e+01 3.326996231079101562e+01 -1.016788101196289062e+01
1.336297607421875000e+02 -7.943262457847595215e-01 2.321166610717773438e+01 1.600155639648437500e+01 -4.032962036132812500e+01 1.932688713073730469e+01 -1.912739944458007812e+01
1.324744415283203125e+02 -2.550675630569458008e+00 2.414752960205078125e+01 1.132319068908691406e+01 -3.596780395507812500e+01 2.187926673889160156e+01 -1.535459995269775391e+01
1.366422729492187500e+02 5.828126907348632812e+00 2.359081077575683594e+01 1.695747375488281250e+01 -3.692657089233398438e+01 2.410203742980957031e+01 -2.805228471755981445e+00
1.425143585205078125e+02 1.379302978515625000e+00 2.689386177062988281e+01 1.342463874816894531e+01 -3.807562255859375000e+01 2.068069648742675781e+01 -1.158039569854736328e+01
1.332085723876953125e+02 2.439321041107177734e+00 2.249223136901855469e+01 1.472211170196533203e+01 -3.746205139160156250e+01 2.268670654296875000e+01 -4.679492950439453125e+00
8.453899383544921875e+01 -4.107254028320312500e+00 1.310459804534912109e+01 2.028326988220214844e+01 -4.796162033081054688e+01 1.323247909545898438e+01 -2.529965400695800781e+01
1.184292221069335938e+02 3.543841123580932617e+00 1.772629737854003906e+01 1.713933753967285156e+01 -4.077453613281250000e+01 2.579419517517089844e+01 -7.630661964416503906e+00
1.374648895263671875e+02 1.229915380477905273e+00 2.121060180664062500e+01 2.051214027404785156e+01 -3.803140258789062500e+01 2.163673973083496094e+01 -1.558008003234863281e+01
1.088892669677734375e+02 3.571036577224731445e+00 1.763160705566406250e+01 2.440961647033691406e+01 -4.407194519042968750e+01 1.584709358215332031e+01 -1.727332878112792969e+01
1.304430541992187500e+02 1.948767453432083130e-01 1.942760467529296875e+01 1.591151332855224609e+01 -3.886589813232421875e+01 2.427161598205566406e+01 -6.501082897186279297e+00
8.999923706054687500e+01 -2.894441843032836914e+00 1.043830490112304688e+01 1.511723327636718750e+01 -4.525864028930664062e+01 2.755855178833007812e+01 -3.074452590942382812e+01
8.491540527343750000e+01 -1.429286718368530273e+00 7.817533016204833984e+00 1.213263702392578125e+01 -3.934212493896484375e+01 2.374454116821289062e+01 -8.569922447204589844e+00
9.964403533935546875e+01 -4.660681247711181641e+00 1.618832969665527344e+01 1.587754726409912109e+01 -4.521835708618164062e+01 1.881278419494628906e+01 -6.300623893737792969e+00
1.078607864379882812e+02 -2.485252189636230469e+01 2.270523452758789062e+01 4.208971261978149414e-01 2.777387857437133789e+00 8.085428237915039062e+00 -3.812309741973876953e+00
1.070035247802734375e+02 -2.312080574035644531e+01 2.263693809509277344e+01 2.316674470901489258e+00 6.244775056838989258e-01 1.061013698577880859e+01 -2.965373754501342773e+00
1.146030273437500000e+02 -2.767004776000976562e+01 2.569182014465332031e+01 -3.878431022167205811e-02 6.509389877319335938e+00 1.110308647155761719e+01 -4.943322658538818359e+00
1.363552703857421875e+02 -2.634266853332519531e+01 3.197806549072265625e+01 -3.974131584167480469e+00 -7.581664919853210449e-01 1.144790935516357422e+01 -3.760465145111083984e+00
1.048637313842773438e+02 -2.121277427673339844e+01 2.286457633972167969e+01 2.682456970214843750e+00 7.654392626136541367e-03 8.733191490173339844e+00 -4.311537265777587891e+00
9.935803985595703125e+01 -3.158441352844238281e+01 2.052321815490722656e+01 -7.735410213470458984e+00 -2.968066453933715820e+00 1.733195686340332031e+01 -2.478595733642578125e+00
1.264465866088867188e+02 -2.352142333984375000e+01 2.922668647766113281e+01 -4.409567356109619141e+00 2.813816547393798828e+00 1.058698368072509766e+01 -2.462509155273437500e+00
1.127340011596679688e+02 -3.151511001586914062e+01 2.379421424865722656e+01 -1.118099308013916016e+01 -1.371492385864257812e+00 2.059954071044921875e+01 -2.338523149490356445e+00
1.200396194458007812e+02 -3.373393249511718750e+01 2.626397705078125000e+01 -1.087908172607421875e+01 -3.477620124816894531e+00 2.219074440002441406e+01 -3.725932836532592773e+00
1.279678268432617188e+02 -2.802112770080566406e+01 2.814671134948730469e+01 7.045339941978454590e-01 7.954810857772827148e-01 1.311245727539062500e+01 -4.374676227569580078e+00
9.874455261230468750e+01 -2.379137039184570312e+01 2.037381744384765625e+01 2.233595371246337891e+00 7.793911695480346680e-01 9.347809791564941406e+00 -3.792764663696289062e+00
1.090582809448242188e+02 -2.441189956665039062e+01 2.588234519958496094e+01 -1.573137402534484863e+00 3.459306001663208008e+00 8.652786254882812500e+00 -2.762043237686157227e+00
1.125268936157226562e+02 -3.324351882934570312e+01 2.295846366882324219e+01 -4.505424499511718750e+00 -3.764290809631347656e+00 2.137589454650878906e+01 -2.444778919219970703e+00
1.211735992431640625e+02 -2.538473320007324219e+01 2.821173477172851562e+01 -3.248075768351554871e-02 6.707636356353759766e+00 1.026270294189453125e+01 -4.791426658630371094e+00
1.015938568115234375e+02 -2.497461318969726562e+01 2.023675155639648438e+01 2.978538274765014648e+00 1.990364432334899902e+00 9.306566238403320312e+00 -6.150695800781250000e+00
1.206472473144531250e+02 -2.808806991577148438e+01 2.470530128479003906e+01 -2.298573851585388184e-01 2.602757453918457031e+00 1.429159832000732422e+01 -4.839289665222167969e+00
1.067052383422851562e+02 -3.536203002929687500e+01 2.127468681335449219e+01 -1.274722480773925781e+01 -2.621430158615112305e+00 2.015333747863769531e+01 -3.912360668182373047e-01
1.231614074707031250e+02 -2.364838790893554688e+01 2.693518447875976562e+01 -3.076655149459838867e+00 2.194475650787353516e+00 1.122104358673095703e+01 -4.760471820831298828e+00
1.045174255371093750e+02 -3.472902297973632812e+01 2.237683486938476562e+01 -1.004109573364257812e+01 -1.147682070732116699e+00 2.172306251525878906e+01 -3.950952768325805664e+00
1.189907150268554688e+02 -2.724542617797851562e+01 2.731751251220703125e+01 -1.906751394271850586e+00 2.119516611099243164e+00 9.133939743041992188e+00 -3.745547294616699219e+00
1.221182022094726562e+02 -2.781903839111328125e+01 2.788600540161132812e+01 -6.128667831420898438e+00 -4.632500112056732178e-01 1.319646835327148438e+01 -3.379321813583374023e+00
1.167401199340820312e+02 -2.601884841918945312e+01 2.749201774597167969e+01 -4.675466537475585938e+00 -6.839927434921264648e-01 1.161833763122558594e+01 -2.787509202957153320e+00
1.245683212280273438e+02 -2.808403778076171875e+01 2.897721672058105469e+01 -1.971044898033142090e+00 -9.265081286430358887e-01 1.027528095245361328e+01 -2.991308450698852539e+00
1.170240859985351562e+02 -2.421504402160644531e+01 2.581652832031250000e+01 -5.949478149414062500e-01 1.241370677947998047e+00 1.005845260620117188e+01 -2.444325923919677734e+00
1.147252426147460938e+02 -2.847072029113769531e+01 1.571949386596679688e+01 1.220079803466796875e+01 -3.674169778823852539e+00 1.818472480773925781e+01 1.837170839309692383e+00
1.478593292236328125e+02 1.405533313751220703e+01 2.891008567810058594e+01 -8.169123649597167969e+00 -7.685251235961914062e+00 1.578147506713867188e+01 -2.196349382400512695e+00
1.446781921386718750e+02 1.239654064178466797e+01 2.881381416320800781e+01 -1.170483779907226562e+01 -7.797158718109130859e+00 1.514671993255615234e+01 -5.555561542510986328e+00
1.429137573242187500e+02 1.167193984985351562e+01 2.589471435546875000e+01 -1.008422374725341797e+01 -8.071368217468261719e+00 1.375660800933837891e+01 -4.499701023101806641e+00
1.481962890625000000e+02 9.017577171325683594e+00 2.967551231384277344e+01 -1.584489250183105469e+01 -8.038468360900878906e+00 1.301084136962890625e+01 -4.277467250823974609e+00
1.451057128906250000e+02 1.391564178466796875e+01 2.715732955932617188e+01 -9.894624710083007812e+00 -8.204236984252929688e+00 1.284858036041259766e+01 -3.164530992507934570e+00
1.474765167236328125e+02 1.587513256072998047e+01 2.850056076049804688e+01 -9.764313697814941406e+00 -9.145544052124023438e+00 1.357258319854736328e+01 -2.174324274063110352e+00
1.507926177978515625e+02 1.416607856750488281e+01 2.954461288452148438e+01 -1.233012771606445312e+01 -6.986693382263183594e+00 1.397218227386474609e+01 -3.493869781494140625e+00
1.471642761230468750e+02 1.304858112335205078e+01 3.207119369506835938e+01 -1.358498287200927734e+01 -7.410444259643554688e+00 1.150750446319580078e+01 -4.170769691467285156e+00
1.511047210693359375e+02 1.353160095214843750e+01 2.822594451904296875e+01 -1.114242172241210938e+01 -8.244771003723144531e+00 1.338240051269531250e+01 -2.342661380767822266e+00
1.417867126464843750e+02 1.136466312408447266e+01 2.891470718383789062e+01 -1.091382026672363281e+01 -7.550576686859130859e+00 1.328469181060791016e+01 -5.926394939422607422e+00
1.488192443847656250e+02 1.421376705169677734e+01 2.666668891906738281e+01 -9.344884872436523438e+00 -9.112036705017089844e+00 1.422912788391113281e+01 -3.322053194046020508e+00
1.512581176757812500e+02 1.336111640930175781e+01 2.991829490661621094e+01 -1.107078838348388672e+01 -8.477249145507812500e+00 1.163357543945312500e+01 -2.489423036575317383e+00
1.174904556274414062e+02 -3.077108955383300781e+01 1.575305461883544922e+01 1.138316059112548828e+01 -4.860633850097656250e+00 1.295336246490478516e+01 -2.687862157821655273e+00
1.271507720947265625e+02 -3.055457115173339844e+01 1.608905410766601562e+01 1.033288478851318359e+01 -6.003939628601074219e+00 1.969191932678222656e+01 2.424052715301513672e+00
1.165219192504882812e+02 -2.439760398864746094e+01 1.572045803070068359e+01 1.221280670166015625e+01 -5.538748741149902344e+00 1.387051963806152344e+01 -1.539857268333435059e+00
1.278556137084960938e+02 -2.632652664184570312e+01 1.649407386779785156e+01 1.594542789459228516e+01 -6.522207736968994141e+00 1.708470535278320312e+01 2.562547445297241211e+00
1.215289230346679688e+02 -2.741665458679199219e+01 1.814056777954101562e+01 8.337189674377441406e+00 -4.328726768493652344e+00 1.483617496490478516e+01 -2.856334924697875977e+00
1.224902954101562500e+02 -2.781370735168457031e+01 1.507153511047363281e+01 1.237388038635253906e+01 -6.680571079254150391e+00 1.795509147644042969e+01 3.062633983790874481e-02
1.368238830566406250e+02 -2.662150382995605469e+01 2.273027992248535156e+01 8.289710044860839844e+00 -5.035678386688232422e+00 1.466005134582519531e+01 -5.857762694358825684e-01
1.189613494873046875e+02 -2.716113471984863281e+01 1.193084621429443359e+01 1.758126640319824219e+01 -6.252748966217041016e+00 1.900023841857910156e+01 3.194945454597473145e-01
1.178583068847656250e+02 8.041647911071777344e+00 2.159753799438476562e+01 -1.089164543151855469e+01 -1.201524448394775391e+01 1.789022064208984375e+01 -2.674376726150512695e+00
1.127878189086914062e+02 1.179168128967285156e+01 2.037709617614746094e+01 -2.481298208236694336e+00 -8.257494926452636719e+00 1.027176094055175781e+01 -2.847398042678833008e+00
1.473309326171875000e+02 1.106139755249023438e+01 2.885867309570312500e+01 -1.195581817626953125e+01 -6.739377498626708984e+00 1.275373458862304688e+01 -5.535670280456542969e+00
1.502440032958984375e+02 1.429480361938476562e+01 2.919460868835449219e+01 -9.781059265136718750e+00 -7.848448753356933594e+00 1.489568519592285156e+01 -5.739469051361083984e+00
1.452328491210937500e+02 6.394480228424072266e+00 3.025643157958984375e+01 -1.151324462890625000e+01 -1.093488121032714844e+01 1.071250534057617188e+01 -7.624134063720703125e+00
1.470009460449218750e+02 1.090183162689208984e+01 2.707553291320800781e+01 -1.111032676696777344e+01 -8.674294471740722656e+00 1.428916835784912109e+01 -2.815206766128540039e+00
1.447163238525390625e+02 1.396490669250488281e+01 2.600886154174804688e+01 -8.423156738281250000e+00 -8.501488685607910156e+00 1.501726341247558594e+01 -1.488178730010986328e+00
1.450360565185546875e+02 1.336793899536132812e+01 2.731982421875000000e+01 -1.021272850036621094e+01 -8.905076980590820312e+00 1.374416160583496094e+01 -4.882490336894989014e-01
1.386636810302734375e+02 1.250920295715332031e+01 2.749009132385253906e+01 -8.632571220397949219e+00 -8.455067634582519531e+00 1.363861942291259766e+01 -3.062380790710449219e+00
1.451142578125000000e+02 1.317279148101806641e+01 2.790266799926757812e+01 -9.101755142211914062e+00 -9.007774353027343750e+00 1.451563835144042969e+01 -3.890671253204345703e+00
1.167767410278320312e+02 9.897896766662597656e+00 2.066472434997558594e+01 -5.497837543487548828e+00 -6.914004802703857422e+00 1.080662727355957031e+01 -2.043545484542846680e+00
1.470983581542968750e+02 1.372109127044677734e+01 2.632289886474609375e+01 -9.894511222839355469e+00 -9.162953376770019531e+00 1.458215522766113281e+01 -4.174970149993896484e+00
1.533480224609375000e+02 1.335457324981689453e+01 2.813813972473144531e+01 -1.100155258178710938e+01 -8.966730117797851562e+00 1.567909526824951172e+01 -1.995433568954467773e+00
1.474171142578125000e+02 1.442550563812255859e+01 2.800493049621582031e+01 -9.951954841613769531e+00 -7.607712745666503906e+00 1.334346294403076172e+01 -2.859689712524414062e+00
1.483184967041015625e+02 1.286098384857177734e+01 2.851821136474609375e+01 -9.500222206115722656e+00 -8.076529502868652344e+00 1.258495521545410156e+01 -4.523032188415527344e+00
1.434052429199218750e+02 1.424037170410156250e+01 2.825351142883300781e+01 -9.410838127136230469e+00 -8.456662178039550781e+00 1.301109218597412109e+01 -2.195924043655395508e+00
1.481073455810546875e+02 1.506072902679443359e+01 2.874612045288085938e+01 -1.045308589935302734e+01 -9.946822166442871094e+00 1.441704273223876953e+01 -6.648247838020324707e-01
1.422475280761718750e+02 1.320270538330078125e+01 2.644370079040527344e+01 -7.028929233551025391e+00 -9.869583129882812500e+00 1.291914272308349609e+01 -4.148316860198974609e+00
1.449937133789062500e+02 1.375901126861572266e+01 2.717301940917968750e+01 -8.829517364501953125e+00 -9.111581802368164062e+00 1.517395496368408203e+01 -2.392391681671142578e+00
1.548184356689453125e+02 1.345330810546875000e+01 3.107625198364257812e+01 -1.273280239105224609e+01 -9.590907096862792969e+00 1.555148124694824219e+01 -3.463937044143676758e+00
1.478389587402343750e+02 1.469748210906982422e+01 2.665407752990722656e+01 -9.240428924560546875e+00 -8.735232353210449219e+00 1.441829204559326172e+01 -4.939622402191162109e+00
1.484733276367187500e+02 1.368760871887207031e+01 2.920257186889648438e+01 -1.091229248046875000e+01 -8.144089698791503906e+00 1.315951633453369141e+01 -3.601539850234985352e+00
1.434779205322265625e+02 -1.418173027038574219e+01 5.985670471191406250e+01 1.242224216461181641e+01 -1.670873069763183594e+01 1.873594856262207031e+01 1.027542781829833984e+01
1.468917236328125000e+02 -1.567596721649169922e+01 5.871078872680664062e+01 7.119440555572509766e+00 -1.331812858581542969e+01 1.608961105346679688e+01 4.907215595245361328e+00
1.314327392578125000e+02 -1.506752681732177734e+01 6.227497863769531250e+01 1.475780677795410156e+01 -2.056010437011718750e+01 2.088593864440917969e+01 3.746694326400756836e+00
1.518751068115234375e+02 -1.570183849334716797e+01 6.114242553710937500e+01 7.799138545989990234e+00 -1.493476200103759766e+01 1.812159729003906250e+01 5.480519771575927734e+00
1.515742492675781250e+02 -1.591978073120117188e+01 6.235549163818359375e+01 6.047737598419189453e+00 -1.621045112609863281e+01 1.938990783691406250e+01 4.047593593597412109e+00
1.568269348144531250e+02 -1.666937446594238281e+01 6.238265609741210938e+01 1.265284824371337891e+01 -1.623938369750976562e+01 1.934539794921875000e+01 7.211325645446777344e+00
1.431180419921875000e+02 -1.672819900512695312e+01 5.994606781005859375e+01 1.175783157348632812e+01 -1.748141288757324219e+01 1.858241844177246094e+01 7.701792716979980469e+00
1.463720092773437500e+02 -1.577819538116455078e+01 6.193647384643554688e+01 1.058244037628173828e+01 -2.041617202758789062e+01 1.548999023437500000e+01 4.288045406341552734e+00
1.466812133789062500e+02 -1.819556617736816406e+01 6.041554641723632812e+01 9.655833244323730469e+00 -1.797064208984375000e+01 1.990274620056152344e+01 5.716335296630859375e+00
1.408189239501953125e+02 -1.547146129608154297e+01 6.142765426635742188e+01 1.660514259338378906e+01 -2.033589744567871094e+01 2.290126228332519531e+01 6.424959659576416016e+00
1.405343170166015625e+02 -1.622636413574218750e+01 5.726910400390625000e+01 1.348107910156250000e+01 -1.763353538513183594e+01 1.947872543334960938e+01 6.108041286468505859e+00
1.448765411376953125e+02 -1.699585914611816406e+01 6.029257202148437500e+01 1.075348567962646484e+01 -1.666416740417480469e+01 2.155694580078125000e+01 7.024506568908691406e+00
1.546228027343750000e+02 -1.529314899444580078e+01 6.208592224121093750e+01 1.075374984741210938e+01 -1.707354545593261719e+01 1.906444740295410156e+01 8.174354553222656250e+00
1.514237976074218750e+02 -1.828900527954101562e+01 5.876089477539062500e+01 9.922504425048828125e+00 -1.947604179382324219e+01 2.242329216003417969e+01 6.699645519256591797e+00
1.324636993408203125e+02 -1.781263160705566406e+01 5.778149032592773438e+01 1.192604446411132812e+01 -2.300896453857421875e+01 2.292617225646972656e+01 5.683187484741210938e+00
1.249370727539062500e+02 -1.718456077575683594e+01 6.072504806518554688e+01 1.482278347015380859e+01 -1.997847938537597656e+01 1.783745765686035156e+01 6.397078990936279297e+00
1.423345336914062500e+02 1.443673896789550781e+01 2.611516761779785156e+01 -9.263403892517089844e+00 -8.800396919250488281e+00 1.445215797424316406e+01 -1.455049037933349609e+00
1.529842224121093750e+02 1.589253044128417969e+01 3.073574066162109375e+01 -9.396526336669921875e+00 -8.878293991088867188e+00 1.231726074218750000e+01 -4.882535457611083984e+00
1.474837493896484375e+02 1.243678855895996094e+01 2.781605339050292969e+01 -1.151428985595703125e+01 -6.190359115600585938e+00 1.268688678741455078e+01 -2.996174335479736328e+00
1.541932830810546875e+02 1.349486064910888672e+01 2.958404731750488281e+01 -1.146898460388183594e+01 -7.928318977355957031e+00 1.413281440734863281e+01 -4.177674770355224609e+00
1.532467041015625000e+02 1.458632564544677734e+01 2.717411994934082031e+01 -1.123545360565185547e+01 -8.430758476257324219e+00 1.474116706848144531e+01 -3.071452856063842773e+00
1.505515289306640625e+02 1.377285194396972656e+01 2.926280021667480469e+01 -1.190883541107177734e+01 -7.447928428649902344e+00 1.266090393066406250e+01 -4.835970401763916016e+00
1.222025985717773438e+02 1.170987510681152344e+01 2.110477638244628906e+01 -4.118794441223144531e+00 -7.922877311706542969e+00 1.315945529937744141e+01 -1.573117017745971680e+00
1.196433944702148438e+02 1.247673320770263672e+01 2.100326538085937500e+01 -4.232784271240234375e+00 -8.479944229125976562e+00 1.185679435729980469e+01 -2.440158128738403320e+00
9.740744018554687500e+01 7.302777290344238281e+00 1.541231441497802734e+01 1.673073196411132812e+01 -2.746175575256347656e+01 1.002024292945861816e+00 1.414898204803466797e+01
1.123871841430664062e+02 8.144548416137695312e+00 1.469136714935302734e+01 2.243461227416992188e+01 -2.719389343261718750e+01 1.117769050598144531e+01 2.417617416381835938e+01
1.003922042846679688e+02 9.622993469238281250e+00 1.281926345825195312e+01 2.113286399841308594e+01 -2.638443183898925781e+01 6.290202140808105469e+00 1.927656745910644531e+01
1.039749145507812500e+02 7.778907299041748047e+00 1.628871726989746094e+01 2.208982276916503906e+01 -2.423455619812011719e+01 1.235419273376464844e+00 1.877332305908203125e+01
1.239690322875976562e+02 1.037245559692382812e+01 1.725512695312500000e+01 1.984923553466796875e+01 -2.693128776550292969e+01 5.610293865203857422e+00 2.115207099914550781e+01
8.950245666503906250e+01 7.322878837585449219e+00 1.369735908508300781e+01 1.940791320800781250e+01 -2.225161170959472656e+01 1.466047763824462891e+00 1.153620433807373047e+01
1.031141586303710938e+02 8.221711158752441406e+00 1.204691219329833984e+01 2.461551475524902344e+01 -2.757811927795410156e+01 6.781461715698242188e+00 1.741343688964843750e+01
1.151080093383789062e+02 1.235329437255859375e+01 1.636149406433105469e+01 1.790067481994628906e+01 -2.736945724487304688e+01 4.116348743438720703e+00 1.799408912658691406e+01
1.036650238037109375e+02 1.215262222290039062e+01 1.505918884277343750e+01 8.331025123596191406e+00 -1.599920749664306641e+01 6.465717792510986328e+00 1.178884029388427734e+01
1.416595001220703125e+02 -1.679667854309082031e+01 6.005357360839843750e+01 1.054101848602294922e+01 -1.749203872680664062e+01 1.840229415893554688e+01 5.184658050537109375e+00
1.494154968261718750e+02 -1.636234664916992188e+01 5.915560150146484375e+01 8.240718841552734375e+00 -1.438322353363037109e+01 1.845534896850585938e+01 8.317114830017089844e+00
1.501102600097656250e+02 -1.520672321319580078e+01 5.981133270263671875e+01 8.834067344665527344e+00 -1.633420181274414062e+01 1.877408599853515625e+01 6.645974636077880859e+00
1.541009826660156250e+02 -1.437131500244140625e+01 5.945919418334960938e+01 1.286055564880371094e+01 -1.638333129882812500e+01 1.938636779785156250e+01 7.004994392395019531e+00
1.196848831176757812e+02 -1.058549785614013672e+01 4.655996704101562500e+01 1.077851676940917969e+01 -1.477072143554687500e+01 1.579956912994384766e+01 4.861367225646972656e+00
1.326027984619140625e+02 -1.644626617431640625e+01 5.893138885498046875e+01 1.793360519409179688e+01 -1.943433380126953125e+01 2.109922790527343750e+01 8.631025314331054688e+00
1.514205322265625000e+02 -1.568134498596191406e+01 6.284422302246093750e+01 4.570454120635986328e+00 -1.568197250366210938e+01 1.776834869384765625e+01 4.327065944671630859e+00
1.554901733398437500e+02 -1.570871353149414062e+01 6.295650482177734375e+01 7.131696701049804688e+00 -1.583984279632568359e+01 1.950573921203613281e+01 4.548910140991210938e+00
9.450479888916015625e+01 9.796996116638183594e+00 1.675264930725097656e+01 1.339908242225646973e+00 -1.524437141418457031e+01 6.231086730957031250e+00 1.049842453002929688e+01
8.265068054199218750e+01 9.603240966796875000e+00 1.425111103057861328e+01 1.478725075721740723e+00 -1.568126869201660156e+01 3.818316459655761719e+00 8.387888908386230469e+00
8.988506317138671875e+01 9.871356964111328125e+00 1.052267169952392578e+01 1.257340431213378906e+01 -1.725485992431640625e+01 1.836465835571289062e+00 9.098969459533691406e+00
8.486001586914062500e+01 1.151132583618164062e+01 1.017682647705078125e+01 1.188692665100097656e+01 -1.582297229766845703e+01 4.019255161285400391e+00 1.228774356842041016e+01
9.528047943115234375e+01 1.110542201995849609e+01 1.410919189453125000e+01 7.021476745605468750e+00 -1.642082214355468750e+01 2.352016448974609375e+00 1.283880615234375000e+01
1.034724960327148438e+02 9.446713447570800781e+00 1.477451610565185547e+01 9.692400932312011719e+00 -2.014652061462402344e+01 6.356769561767578125e+00 1.490499496459960938e+01
6.301821136474609375e+01 -1.528563594818115234e+01 3.634423065185546875e+01 1.567080974578857422e+01 -1.569641399383544922e+01 2.152156352996826172e+00 1.445898437500000000e+01
5.694557189941406250e+01 -1.413199615478515625e+01 3.827523422241210938e+01 1.100648403167724609e+00 -1.550374794006347656e+01 1.233851146697998047e+01 -1.866013556718826294e-01
3.602786254882812500e+01 -1.012972640991210938e+01 3.498308181762695312e+01 -8.283220291137695312e+00 -1.584976577758789062e+01 1.793470954895019531e+01 -5.564038753509521484e-01
6.811111450195312500e+01 -2.064922523498535156e+01 3.807274627685546875e+01 -1.282165622711181641e+01 -1.958338356018066406e+01 1.955976676940917969e+01 -7.441586494445800781e+00
2.757218551635742188e+01 -6.345756053924560547e+00 2.862056732177734375e+01 -9.056403160095214844e+00 -1.426161193847656250e+01 1.166368865966796875e+01 -5.064917087554931641e+00
2.498612594604492188e+01 -7.856496810913085938e+00 2.589344215393066406e+01 -1.222417235374450684e+00 -1.311321640014648438e+01 1.335377883911132812e+01 8.063548207283020020e-01
2.246336364746093750e+01 -5.513278961181640625e+00 2.585342407226562500e+01 -9.320878982543945312e+00 -9.948450088500976562e+00 1.064183235168457031e+01 -3.051478385925292969e+00
4.465087890625000000e+01 -1.250954914093017578e+01 3.532958221435546875e+01 -4.461529731750488281e+00 -1.655547714233398438e+01 2.279475021362304688e+01 2.530456352233886719e+01
3.854423141479492188e+01 -1.021739768981933594e+01 3.099648475646972656e+01 -8.593918800354003906e+00 -1.604903984069824219e+01 1.763475418090820312e+01 1.090513467788696289e+00
3.466305923461914062e+01 -1.057803726196289062e+01 3.041476058959960938e+01 -3.975412368774414062e+00 -1.415230274200439453e+01 1.785597991943359375e+01 2.802223682403564453e+00
5.574209976196289062e+01 -2.331250762939453125e+01 2.497629356384277344e+01 5.241390705108642578e+00 -1.679495239257812500e+01 2.748090362548828125e+01 -1.056212139129638672e+01
6.662738800048828125e+01 -2.329071617126464844e+01 2.595076560974121094e+01 3.808638334274291992e+00 -2.047463989257812500e+01 2.390031623840332031e+01 5.561297416687011719e+00
4.656556320190429688e+01 -1.052892208099365234e+01 3.657513046264648438e+01 -1.045674037933349609e+01 -1.827821350097656250e+01 2.509830474853515625e+01 1.645010232925415039e+00
9.331747436523437500e+01 -2.583940124511718750e+01 4.051287841796875000e+01 8.155291557312011719e+00 -2.106606864929199219e+01 2.248522949218750000e+01 -4.657828330993652344e+00
7.063796234130859375e+01 -7.026631832122802734e+00 4.121557235717773438e+01 -1.225336647033691406e+01 -1.898637390136718750e+01 3.034733200073242188e+01 -7.925549149513244629e-01
5.993372726440429688e+01 -1.251508998870849609e+01 4.301907348632812500e+01 -1.228989505767822266e+01 -1.742654037475585938e+01 3.173832321166992188e+01 -4.882804870605468750e+00
7.225344085693359375e+01 -7.013225555419921875e+00 4.818694686889648438e+01 -5.825104713439941406e+00 -1.346022510528564453e+01 1.617688751220703125e+01 -5.234256744384765625e+00
6.554444122314453125e+01 -7.956307411193847656e+00 4.712781143188476562e+01 -1.526013755798339844e+01 -1.798782157897949219e+01 3.239518356323242188e+01 1.503653168678283691e+00
7.196557617187500000e+01 -9.238044738769531250e+00 4.851850128173828125e+01 -1.502001380920410156e+01 -1.992632865905761719e+01 3.323111724853515625e+01 4.771698951721191406e+00
8.217243194580078125e+01 -1.208239459991455078e+01 4.841790771484375000e+01 -1.752924346923828125e+01 -1.924669075012207031e+01 3.605533981323242188e+01 8.014983177185058594e+00
1.042591094970703125e+02 -1.137168693542480469e+01 5.373351287841796875e+01 -9.323368072509765625e+00 -1.467412185668945312e+01 2.227497482299804688e+01 1.700999259948730469e+00
5.902216339111328125e+01 -9.526464462280273438e+00 4.192546463012695312e+01 -1.364118194580078125e+01 -1.531615543365478516e+01 3.080910491943359375e+01 4.143265247344970703e+00
6.960835266113281250e+01 -1.014914798736572266e+01 4.100597381591796875e+01 -5.982785701751708984e+00 -1.723757171630859375e+01 1.233588790893554688e+01 -6.844303607940673828e+00
4.817200851440429688e+01 -7.268914699554443359e+00 3.714374160766601562e+01 -1.181890010833740234e+01 -1.474098777770996094e+01 2.200580024719238281e+01 -6.803248405456542969e+00
8.846469116210937500e+01 -1.497843360900878906e+01 5.055781555175781250e+01 -6.656799316406250000e+00 -1.052340698242187500e+01 1.226128578186035156e+01 2.695707559585571289e+00
4.908720397949218750e+01 -1.080610847473144531e+01 4.066844177246093750e+01 -1.116953754425048828e+01 -2.053857994079589844e+01 3.180987167358398438e+01 -4.275619029998779297e+00
5.788392257690429688e+01 -9.010207176208496094e+00 4.211717224121093750e+01 -1.284457015991210938e+01 -1.925109291076660156e+01 3.444334411621093750e+01 -6.219728589057922363e-01
4.703136444091796875e+01 -9.321608543395996094e+00 4.055914688110351562e+01 -1.442320632934570312e+01 -1.544355201721191406e+01 2.529295539855957031e+01 -2.685021877288818359e+00
5.879687500000000000e+01 -9.558815002441406250e+00 4.265852737426757812e+01 -1.253156661987304688e+01 -1.675361061096191406e+01 3.468776702880859375e+01 4.253296852111816406e+00
5.020558929443359375e+01 -7.123588085174560547e+00 4.029139328002929688e+01 -1.191792964935302734e+01 -1.848678207397460938e+01 2.712769126892089844e+01 1.910577058792114258e+00
1.066832733154296875e+02 1.167918491363525391e+01 1.820909881591796875e+01 -1.954471349716186523e+00 -1.592700481414794922e+01 6.229971408843994141e+00 1.189346599578857422e+01
9.914746856689453125e+01 1.097605514526367188e+01 1.613085746765136719e+01 6.303763389587402344e+00 -1.725115585327148438e+01 3.891769647598266602e+00 1.088410663604736328e+01
8.938789367675781250e+01 9.409785270690917969e+00 1.557377052307128906e+01 1.269748359918594360e-01 -1.620025634765625000e+01 4.486048698425292969e+00 9.705655097961425781e+00
3.106322669982910156e+01 -7.898149013519287109e+00 3.360554504394531250e+01 -8.071351051330566406e+00 -1.461709022521972656e+01 1.618996047973632812e+01 5.438057899475097656e+00
2.639868927001953125e+01 -6.591932296752929688e+00 2.613134765625000000e+01 -6.587603092193603516e+00 -1.461826610565185547e+01 1.333965110778808594e+01 -3.887191772460937500e+00
3.702419662475585938e+01 -1.147796154022216797e+01 2.140785789489746094e+01 9.767089843750000000e+00 -9.243943214416503906e+00 7.580959796905517578e+00 1.348282217979431152e+00
2.944910049438476562e+01 -7.967402935028076172e+00 2.996000671386718750e+01 -7.687931060791015625e+00 -1.524300956726074219e+01 1.333379745483398438e+01 -3.044257462024688721e-01
4.644794464111328125e+01 -1.673307800292968750e+01 3.566630554199218750e+01 -3.717093944549560547e+00 -1.606476402282714844e+01 6.376153469085693359e+00 -9.375421524047851562e+00
6.430953979492187500e+01 -3.243801832199096680e+00 4.274255371093750000e+01 4.138736248016357422e+00 -1.625183296203613281e+01 -1.071057796478271484e+00 4.503074884414672852e-01
4.795677947998046875e+01 -1.080023193359375000e+01 3.398690795898437500e+01 -3.555695414543151855e-01 -1.465394973754882812e+01 2.933832406997680664e+00 3.196209430694580078e+00
6.397515106201171875e+01 -1.980078506469726562e+01 3.911546707153320312e+01 -4.910395622253417969e+00 -1.355880355834960938e+01 1.257752895355224609e+01 -1.091606974601745605e+00
5.291421890258789062e+01 -1.335819149017333984e+01 3.679635238647460938e+01 -2.238911151885986328e+00 -1.726666259765625000e+01 8.294401168823242188e+00 5.969027042388916016e+00
6.926818084716796875e+01 -1.552672290802001953e+01 4.221288299560546875e+01 2.639021158218383789e+00 -1.490804672241210938e+01 8.151603698730468750e+00 5.282849788665771484e+00
3.039215469360351562e+01 -5.751714229583740234e+00 3.098918914794921875e+01 -9.342302322387695312e+00 -1.556667613983154297e+01 1.025171947479248047e+01 9.664854407310485840e-01
2.666362190246582031e+01 -7.130335330963134766e+00 2.741956329345703125e+01 -7.714963436126708984e+00 -1.435136413574218750e+01 9.328159332275390625e+00 8.316979408264160156e-01
5.692062377929687500e+01 -1.537637805938720703e+01 3.874158859252929688e+01 -1.678315520286560059e+00 -1.657568168640136719e+01 -1.602745771408081055e+00 2.269243955612182617e+00
3.410477447509765625e+01 -7.442872047424316406e+00 3.483066558837890625e+01 -9.186842918395996094e+00 -1.648509979248046875e+01 1.220215988159179688e+01 -1.833621501922607422e+00
6.750688934326171875e+01 -8.047948837280273438e+00 4.307030868530273438e+01 7.213302135467529297e+00 -1.481669902801513672e+01 -1.157531642913818359e+01 -5.836882114410400391e+00
2.147251129150390625e+01 -4.271573543548583984e+00 2.209370994567871094e+01 -6.099448680877685547e+00 -1.066456508636474609e+01 8.887004852294921875e+00 -8.163414001464843750e-01
3.472186279296875000e+01 -8.130617141723632812e+00 3.501223373413085938e+01 -5.989388942718505859e+00 -1.479918384552001953e+01 1.336508655548095703e+01 5.903968811035156250e+00
3.159290313720703125e+01 -1.084421253204345703e+01 2.358381271362304688e+01 -4.083710670471191406e+00 -5.521749973297119141e+00 3.202466726303100586e+00 -2.661100387573242188e+00
2.704652786254882812e+01 -4.407009601593017578e+00 2.723161888122558594e+01 -1.143475627899169922e+01 -1.244266605377197266e+01 9.557224273681640625e+00 -8.169668167829513550e-02
