1.069183502197265625e+02 3.387443923950195312e+01 -3.945906066894531250e+01
9.623959350585937500e+01 2.926308059692382812e+01 -3.894400405883789062e+01
1.012616729736328125e+02 3.057983970642089844e+01 -3.806619644165039062e+01
1.318243560791015625e+02 3.228251266479492188e+01 -1.754798316955566406e+01
1.238194656372070312e+02 3.018363189697265625e+01 -1.806858825683593750e+01
1.266922378540039062e+02 3.099746131896972656e+01 -1.773443984985351562e+01
1.020095214843750000e+02 2.553950691223144531e+01 -2.097785949707031250e+01
1.150930557250976562e+02 3.157602500915527344e+01 -1.510119724273681641e+01
1.246850357055664062e+02 3.080767822265625000e+01 -1.802905464172363281e+01
1.150815734863281250e+02 3.015705871582031250e+01 -1.550742435455322266e+01
1.272013320922851562e+02 3.275076293945312500e+01 -1.597189331054687500e+01
1.235696105957031250e+02 2.907562828063964844e+01 -1.996143341064453125e+01
8.475325012207031250e+01 2.624199295043945312e+01 -3.872687530517578125e+01
8.877023315429687500e+01 2.947113037109375000e+01 -3.875465011596679688e+01
1.048381805419921875e+02 3.043677330017089844e+01 -3.861717605590820312e+01
9.616931152343750000e+01 2.944379425048828125e+01 -3.719141387939453125e+01
8.699968719482421875e+01 2.614888763427734375e+01 -3.956491088867187500e+01
8.649461364746093750e+01 2.747471809387207031e+01 -3.462426757812500000e+01
9.104802703857421875e+01 3.054405403137207031e+01 -3.917163848876953125e+01
1.124794845581054688e+02 3.425654983520507812e+01 -3.904151153564453125e+01
9.469279479980468750e+01 3.411845016479492188e+01 -3.930331039428710938e+01
8.144067382812500000e+01 3.039495849609375000e+01 -3.766724014282226562e+01
9.553948211669921875e+01 2.959679222106933594e+01 -3.466991424560546875e+01
1.110576400756835938e+02 3.161251640319824219e+01 -3.702415084838867188e+01
1.355181274414062500e+02 3.320848083496093750e+01 -1.434187126159667969e+01
1.285043945312500000e+02 2.935611152648925781e+01 -1.918252944946289062e+01
1.234120407104492188e+02 3.209252929687500000e+01 -2.018624496459960938e+01
1.229861679077148438e+02 2.679247093200683594e+01 -2.121961212158203125e+01
1.119173965454101562e+02 2.579109001159667969e+01 -1.947141075134277344e+01
1.202731704711914062e+02 3.329809951782226562e+01 -9.753680229187011719e+00
1.211848144531250000e+02 2.909149932861328125e+01 -1.946135902404785156e+01
1.274569625854492188e+02 3.311428451538085938e+01 -1.738484764099121094e+01
1.199200897216796875e+02 3.514971160888671875e+01 -8.826280593872070312e+00
1.313383026123046875e+02 3.107177734375000000e+01 -1.750692367553710938e+01
1.262870941162109375e+02 3.505214691162109375e+01 -1.767027473449707031e+01
1.151821670532226562e+02 3.184777450561523438e+01 -1.839474487304687500e+01
1.146088867187500000e+02 2.793618774414062500e+01 -1.598200416564941406e+01
1.184646987915039062e+02 2.631906509399414062e+01 -1.789625167846679688e+01
1.175270538330078125e+02 3.351698684692382812e+01 -1.597581768035888672e+01
1.248832550048828125e+02 2.812617301940917969e+01 -1.976590728759765625e+01
9.783978271484375000e+01 2.550056266784667969e+01 -1.583560657501220703e+01
1.210069274902343750e+02 2.863716316223144531e+01 -1.913902282714843750e+01
1.182116775512695312e+02 2.798901748657226562e+01 -1.939984130859375000e+01
1.211197586059570312e+02 2.964542579650878906e+01 -1.824806594848632812e+01
1.614490051269531250e+02 4.529469299316406250e+01 4.884137630462646484e+00
1.523735809326171875e+02 3.480972671508789062e+01 -3.908312320709228516e+00
1.439014739990234375e+02 4.170104980468750000e+01 3.881258249282836914e+00
1.164371490478515625e+02 4.682122039794921875e+01 5.642966270446777344e+00
1.316513214111328125e+02 4.259288024902343750e+01 7.853109836578369141e+00
1.226453933715820312e+02 4.364994049072265625e+01 7.891257762908935547e+00
1.268132019042968750e+02 3.937223052978515625e+01 7.205083370208740234e+00
1.324141387939453125e+02 4.577959060668945312e+01 -3.317689895629882812e+00
1.445086212158203125e+02 4.163716888427734375e+01 1.524692058563232422e+00
1.335418395996093750e+02 4.904179000854492188e+01 5.136734962463378906e+00
1.444723052978515625e+02 3.765242767333984375e+01 -3.191793203353881836e+00
1.479584960937500000e+02 4.568821716308593750e+01 1.342809009552001953e+01
1.371907348632812500e+02 4.100858688354492188e+01 3.323468208312988281e+00
1.577996978759765625e+02 4.293975448608398438e+01 -5.008164793252944946e-02
1.134675598144531250e+02 3.786629104614257812e+01 3.372395753860473633e+00
1.530061645507812500e+02 4.129347610473632812e+01 1.096386790275573730e+00
1.556771850585937500e+02 3.857360458374023438e+01 -2.436476796865463257e-01
1.364239044189453125e+02 4.392765426635742188e+01 2.919005155563354492e-01
1.502420349121093750e+02 4.013097381591796875e+01 9.605214118957519531e+00
1.511069946289062500e+02 4.450091552734375000e+01 2.695865631103515625e+00
1.463214721679687500e+02 3.678662490844726562e+01 7.372613549232482910e-01
1.294524078369140625e+02 4.436188507080078125e+01 4.544095516204833984e+00
8.796642303466796875e+01 9.144848585128784180e-01 -2.729899978637695312e+01
1.412849731445312500e+02 -7.245311737060546875e-01 -3.296832275390625000e+01
1.254426574707031250e+02 2.520684003829956055e+00 -3.756236648559570312e+01
1.025799331665039062e+02 2.358734130859375000e+00 -2.256048393249511719e+01
1.336568298339843750e+02 2.073005199432373047e+00 -3.424423217773437500e+01
1.324862060546875000e+02 4.876839160919189453e+00 -2.980107307434082031e+01
1.366505432128906250e+02 -3.050837993621826172e+00 -3.448598861694335938e+01
1.425245056152343750e+02 2.110679626464843750e+00 -3.329828643798828125e+01
1.332249908447265625e+02 -1.479006856679916382e-01 -3.183441162109375000e+01
8.460757446289062500e+01 7.847089767456054688e-01 -3.317593002319335938e+01
1.184502182006835938e+02 -2.656330347061157227e+00 -3.359605026245117188e+01
1.374876098632812500e+02 1.315543353557586670e-01 -3.659439086914062500e+01
1.089220504760742188e+02 -3.044672966003417969e+00 -3.821553039550781250e+01
1.304655456542968750e+02 4.683507680892944336e-01 -3.188644981384277344e+01
9.003839874267578125e+01 -8.531768918037414551e-01 -2.648094558715820312e+01
8.495714569091796875e+01 -1.242475032806396484e+00 -2.289966773986816406e+01
9.970097351074218750e+01 3.730487346649169922e+00 -3.191669082641601562e+01
1.078506774902343750e+02 2.966659736633300781e+01 -1.086537647247314453e+01
1.069952545166015625e+02 2.767738723754882812e+01 -1.309199714660644531e+01
1.145868682861328125e+02 3.313690948486328125e+01 -1.172545909881591797e+01
1.363342437744140625e+02 3.396341705322265625e+01 -1.216349601745605469e+01
1.048539047241210938e+02 2.607337379455566406e+01 -1.344525241851806641e+01
9.935737609863281250e+01 3.472479629516601562e+01 -3.352936029434204102e+00
1.264230346679687500e+02 3.075907897949218750e+01 -1.016931247711181641e+01
1.127248382568359375e+02 3.575919723510742188e+01 -2.507772207260131836e+00
1.200309524536132812e+02 3.840951156616210938e+01 -3.901048898696899414e+00
1.279541931152343750e+02 3.378378677368164062e+01 -1.456610298156738281e+01
9.873839569091796875e+01 2.753761863708496094e+01 -1.144711494445800781e+01
1.090404434204101562e+02 3.046575546264648438e+01 -1.065300941467285156e+01
1.125273590087890625e+02 3.656578063964843750e+01 -8.090999603271484375e+00
1.211532135009765625e+02 3.204027175903320312e+01 -1.299532032012939453e+01
1.015898513793945312e+02 2.854840278625488281e+01 -1.213184452056884766e+01
1.206365966796875000e+02 3.290271759033203125e+01 -1.195030784606933594e+01
1.067045211791992188e+02 3.834908676147460938e+01 2.511374056339263916e-01
1.231416015625000000e+02 2.991662788391113281e+01 -1.027929687500000000e+01
1.045130386352539062e+02 3.810090637207031250e+01 -2.117498159408569336e+00
1.189763641357421875e+02 3.336573791503906250e+01 -1.144476795196533203e+01
1.221026916503906250e+02 3.391445541381835938e+01 -8.319542884826660156e+00
1.167236328125000000e+02 3.229064941406250000e+01 -9.081537246704101562e+00
1.245540008544921875e+02 3.439304351806640625e+01 -1.231121063232421875e+01
1.170089721679687500e+02 3.000190925598144531e+01 -1.184228897094726562e+01
1.147235031127929688e+02 3.046834945678710938e+01 -1.593234539031982422e+01
1.478037872314453125e+02 -3.404254913330078125e+00 -9.626053810119628906e+00
1.446228332519531250e+02 -1.799498319625854492e+00 -6.265220165252685547e+00
1.428653717041015625e+02 -2.178473472595214844e+00 -6.380691528320312500e+00
1.481433715820312500e+02 1.812827706336975098e+00 -3.169994115829467773e+00
1.450544281005859375e+02 -3.736696958541870117e+00 -7.272570610046386719e+00
1.474214935302734375e+02 -5.041005134582519531e+00 -8.252338409423828125e+00
1.507337493896484375e+02 -2.916943073272705078e+00 -6.171665191650390625e+00
1.471047668457031250e+02 -1.016033768653869629e+00 -6.324380397796630859e+00
1.510503082275390625e+02 -2.883286476135253906e+00 -6.651101589202880859e+00
1.417328186035156250e+02 -6.876853704452514648e-01 -6.900160312652587891e+00
1.487680053710937500e+02 -4.224698543548583984e+00 -7.536975383758544922e+00
1.512030944824218750e+02 -2.133378744125366211e+00 -7.524301528930664062e+00
1.174952697753906250e+02 3.279548645019531250e+01 -1.537725353240966797e+01
1.271516418457031250e+02 3.240500259399414062e+01 -1.465540218353271484e+01
1.165202178955078125e+02 2.687427711486816406e+01 -1.649876403808593750e+01
1.278557815551757812e+02 2.858079338073730469e+01 -2.003260993957519531e+01
1.215222320556640625e+02 3.061530303955078125e+01 -1.402816200256347656e+01
1.224889831542968750e+02 2.968930244445800781e+01 -1.574293804168701172e+01
1.368130340576171875e+02 3.128038024902343750e+01 -1.638592147827148438e+01
1.189717941284179688e+02 2.768477058410644531e+01 -1.931223106384277344e+01
1.178245544433593750e+02 -6.844002604484558105e-01 -4.198919773101806641e+00
1.127531280517578125e+02 -4.347768783569335938e+00 -1.016339683532714844e+01
1.472773742675781250e+02 -4.673637449741363525e-01 -6.053785324096679688e+00
1.501854858398437500e+02 -3.516128540039062500e+00 -8.170895576477050781e+00
1.451888427734375000e+02 3.972775697708129883e+00 -7.409524440765380859e+00
1.469520111083984375e+02 -1.030951976776123047e+00 -6.120461463928222656e+00
1.446656799316406250e+02 -4.253190040588378906e+00 -7.910919666290283203e+00
1.449841156005859375e+02 -3.063475370407104492e+00 -7.046849727630615234e+00
1.386147918701171875e+02 -2.482388257980346680e+00 -8.490985870361328125e+00
1.450625305175781250e+02 -2.956734180450439453e+00 -8.245886802673339844e+00
1.167404251098632812e+02 -2.323619365692138672e+00 -7.297530651092529297e+00
1.470469970703125000e+02 -3.922031879425048828e+00 -6.905088901519775391e+00
1.532938690185546875e+02 -2.818798303604125977e+00 -6.598939895629882812e+00
1.473630218505859375e+02 -3.792631864547729492e+00 -7.552507400512695312e+00
1.482667388916015625e+02 -2.376959085464477539e+00 -8.270084381103515625e+00
1.433520202636718750e+02 -3.613181591033935547e+00 -8.173323631286621094e+00
1.480526275634765625e+02 -4.221103668212890625e+00 -7.704451084136962891e+00
1.422015991210937500e+02 -3.573559522628784180e+00 -9.584053993225097656e+00
1.449426116943359375e+02 -3.797210454940795898e+00 -8.367773056030273438e+00
1.547598571777343750e+02 -1.939673066139221191e+00 -6.876665115356445312e+00
1.477872161865234375e+02 -4.762769699096679688e+00 -7.732190132141113281e+00
1.484172210693359375e+02 -2.683850049972534180e+00 -7.252719402313232422e+00
1.434224700927734375e+02 3.174377632141113281e+01 -4.075986480712890625e+01
1.468343353271484375e+02 3.323981094360351562e+01 -3.481960678100585938e+01
1.313801879882812500e+02 3.284011840820312500e+01 -4.472919464111328125e+01
1.518142395019531250e+02 3.390048599243164062e+01 -3.686297607421875000e+01
1.515109405517578125e+02 3.447805023193359375e+01 -3.601352310180664062e+01
1.567698364257812500e+02 3.492118072509765625e+01 -4.162591934204101562e+01
1.430665435791015625e+02 3.405938339233398438e+01 -3.994429397583007812e+01
1.463213348388671875e+02 3.378715133666992188e+01 -4.054193878173828125e+01
1.466303405761718750e+02 3.549449157714843750e+01 -3.865141677856445312e+01
1.407724914550781250e+02 3.274896240234375000e+01 -4.631578063964843750e+01
1.404853057861328125e+02 3.254882812500000000e+01 -3.993791198730468750e+01
1.448207702636718750e+02 3.447160339355468750e+01 -3.903506851196289062e+01
1.545641937255859375e+02 3.372352600097656250e+01 -4.026855850219726562e+01
1.513741760253906250e+02 3.502296829223632812e+01 -3.805967712402343750e+01
1.324230346679687500e+02 3.369247817993164062e+01 -4.046611022949218750e+01
1.248961257934570312e+02 3.438840484619140625e+01 -4.388121032714843750e+01
1.422868499755859375e+02 -4.714849472045898438e+00 -7.690519332885742188e+00
1.529286041259765625e+02 -4.322199821472167969e+00 -9.603977203369140625e+00
1.474293060302734375e+02 -1.891592383384704590e+00 -5.719773769378662109e+00
1.541361999511718750e+02 -2.453324079513549805e+00 -6.987244606018066406e+00
1.531936035156250000e+02 -4.284528255462646484e+00 -6.074039936065673828e+00
1.504950103759765625e+02 -2.640008211135864258e+00 -6.383645057678222656e+00
1.221650772094726562e+02 -4.035079002380371094e+00 -9.112877845764160156e+00
1.196061172485351562e+02 -4.758899211883544922e+00 -9.114124298095703125e+00
9.742807006835937500e+01 -4.633058071136474609e+00 -2.808078193664550781e+01
1.124041595458984375e+02 -6.082225799560546875e+00 -3.220224761962890625e+01
1.004102020263671875e+02 -7.990866661071777344e+00 -3.030353927612304688e+01
1.039923782348632812e+02 -4.459390163421630859e+00 -3.302414321899414062e+01
1.239837722778320312e+02 -6.835698604583740234e+00 -3.217307281494140625e+01
8.952140045166015625e+01 -4.820759296417236328e+00 -2.880649185180664062e+01
1.031386413574218750e+02 -7.203829765319824219e+00 -3.314792251586914062e+01
1.151232147216796875e+02 -9.188838005065917969e+00 -3.005882263183593750e+01
1.036586074829101562e+02 -8.087479591369628906e+00 -1.917106819152832031e+01
1.416059265136718750e+02 3.425048065185546875e+01 -3.901579284667968750e+01
1.493601074218750000e+02 3.389565658569335938e+01 -3.626004409790039062e+01
1.500549316406250000e+02 3.284453964233398438e+01 -3.738872528076171875e+01
1.540446777343750000e+02 3.200159454345703125e+01 -4.095205307006835938e+01
1.196443862915039062e+02 2.408450508117675781e+01 -3.280807495117187500e+01
1.325583648681640625e+02 3.331723403930664062e+01 -4.538660049438476562e+01
1.513576965332031250e+02 3.449774169921875000e+01 -3.517911911010742188e+01
1.554273986816406250e+02 3.438443756103515625e+01 -3.755334472656250000e+01
9.449129486083984375e+01 -4.918710231781005859e+00 -1.328450679779052734e+01
8.264349365234375000e+01 -5.785504341125488281e+00 -1.241006374359130859e+01
8.989327239990234375e+01 -7.732807636260986328e+00 -2.033285903930664062e+01
8.486383056640625000e+01 -9.155231475830078125e+00 -1.923629760742187500e+01
9.527620697021484375e+01 -7.068587779998779297e+00 -1.667469406127929688e+01
1.034728698730468750e+02 -5.838945865631103516e+00 -2.027892684936523438e+01
6.300176239013671875e+01 2.497787857055664062e+01 -3.064942932128906250e+01
5.691332244873046875e+01 2.531977081298828125e+01 -2.052153396606445312e+01
3.598424530029296875e+01 2.003159141540527344e+01 -1.001558208465576172e+01
6.808392333984375000e+01 3.068213653564453125e+01 -1.003861904144287109e+01
2.753907394409179688e+01 1.494273948669433594e+01 -7.661315917968750000e+00
2.496196746826171875e+01 1.561725139617919922e+01 -1.255765438079833984e+01
2.242971992492675781e+01 1.369765472412109375e+01 -5.323889732360839844e+00
4.463467025756835938e+01 2.261035728454589844e+01 -1.677943992614746094e+01
3.852135467529296875e+01 1.898769187927246094e+01 -1.153534603118896484e+01
3.463657760620117188e+01 1.933555221557617188e+01 -1.231577301025390625e+01
5.574279785156250000e+01 2.784634399414062500e+01 -1.623016738891601562e+01
6.662978363037109375e+01 2.901310920715332031e+01 -1.635818481445312500e+01
4.652951431274414062e+01 2.124945259094238281e+01 -1.127465820312500000e+01
9.329943847656250000e+01 3.518751525878906250e+01 -2.693546676635742188e+01
7.059105682373046875e+01 1.934867095947265625e+01 -1.436231136322021484e+01
5.988371658325195312e+01 2.480221176147460938e+01 -1.396909523010253906e+01
7.219309234619140625e+01 2.210985374450683594e+01 -2.059862136840820312e+01
6.547940063476562500e+01 2.222309875488281250e+01 -1.247905921936035156e+01
7.190362548828125000e+01 2.380464553833007812e+01 -1.369045543670654297e+01
8.211253356933593750e+01 2.608989524841308594e+01 -1.199352359771728516e+01
1.041927795410156250e+02 2.786210060119628906e+01 -2.049618911743164062e+01
5.896660995483398438e+01 2.196085357666015625e+01 -1.126965332031250000e+01
6.957141113281250000e+01 2.197401428222656250e+01 -1.661348724365234375e+01
4.812641906738281250e+01 1.855735588073730469e+01 -1.084346866607666016e+01
8.840950775146484375e+01 3.041545486450195312e+01 -1.952572250366210938e+01
4.903971481323242188e+01 2.258838081359863281e+01 -1.316701984405517578e+01
5.783291625976562500e+01 2.093002319335937500e+01 -1.301730060577392578e+01
4.697922515869140625e+01 2.195024490356445312e+01 -9.341576576232910156e+00
5.873899459838867188e+01 2.240423202514648438e+01 -1.330038928985595703e+01
5.015399551391601562e+01 1.963289260864257812e+01 -1.293322563171386719e+01
1.066659164428710938e+02 -6.044691562652587891e+00 -1.167089462280273438e+01
9.914312744140625000e+01 -6.580471038818359375e+00 -1.795490074157714844e+01
8.937714385986328125e+01 -4.945763111114501953e+00 -1.159933185577392578e+01
3.102400779724121094e+01 1.795093536376953125e+01 -1.008294582366943359e+01
2.637346839904785156e+01 1.460784912109375000e+01 -8.455382347106933594e+00
3.701455307006835938e+01 1.723635673522949219e+01 -1.807473373413085938e+01
2.941484260559082031e+01 1.671022987365722656e+01 -8.716659545898437500e+00
4.642709732055664062e+01 2.744946670532226562e+01 -1.454592895507812500e+01
6.426898956298828125e+01 1.654720115661621094e+01 -2.712515068054199219e+01
4.793482208251953125e+01 2.063834190368652344e+01 -1.520124053955078125e+01
6.394136810302734375e+01 3.047460365295410156e+01 -1.415820693969726562e+01
5.288842391967773438e+01 2.398113822937011719e+01 -1.662175941467285156e+01
6.923518371582031250e+01 2.742189407348632812e+01 -2.234239768981933594e+01
3.035850715637207031e+01 1.528277873992919922e+01 -8.991477966308593750e+00
2.663516426086425781e+01 1.521265792846679688e+01 -8.189747810363769531e+00
5.689807891845703125e+01 2.727595138549804688e+01 -1.842008590698242188e+01
3.407105636596679688e+01 1.788001632690429688e+01 -1.218611145019531250e+01
6.747837066650390625e+01 2.136577796936035156e+01 -2.894057464599609375e+01
2.144869995117187500e+01 1.105737686157226562e+01 -6.791333198547363281e+00
3.468337249755859375e+01 1.860652732849121094e+01 -1.213449668884277344e+01
3.157544326782226562e+01 1.814514160156250000e+01 -7.861345291137695312e+00
2.701086425781250000e+01 1.297929859161376953e+01 -4.501445770263671875e+00
