1.069204559326171875e+02 1.549159145355224609e+01 -5.487586975097656250e+01 -1.441605949401855469e+01 5.963547229766845703e+00
9.624098205566406250e+01 1.405584430694580078e+01 -4.760662841796875000e+01 -1.899249267578125000e+01 1.102185153961181641e+01
1.012739639282226562e+02 1.235205936431884766e+01 -5.299057769775390625e+01 -1.413167953491210938e+01 6.119894981384277344e+00
1.318223876953125000e+02 2.898305892944335938e+01 -1.731261634826660156e+01 -1.365529346466064453e+01 2.680509090423583984e+00
1.238136901855468750e+02 2.655904960632324219e+01 -1.699395179748535156e+01 -1.424214935302734375e+01 9.435902833938598633e-01
1.266787338256835938e+02 2.845859527587890625e+01 -1.471924877166748047e+01 -1.524340534210205078e+01 7.694295048713684082e-01
1.019741897583007812e+02 2.784088897705078125e+01 -5.039557933807373047e+00 -2.489647674560546875e+01 3.459136962890625000e+00
1.150907745361328125e+02 2.877980041503906250e+01 -1.552649784088134766e+01 -1.204435539245605469e+01 1.167122721672058105e+00
1.246829071044921875e+02 2.755394363403320312e+01 -1.728967094421386719e+01 -1.396448993682861328e+01 4.431106567382812500e+00
1.150714035034179688e+02 2.862149238586425781e+01 -1.234063625335693359e+01 -1.384370326995849609e+01 2.277906894683837891e+00
1.272007293701171875e+02 2.915005302429199219e+01 -1.784357833862304688e+01 -1.116790199279785156e+01 2.662242889404296875e+00
1.235592727661132812e+02 2.757173156738281250e+01 -1.301427555084228516e+01 -1.915257644653320312e+01 3.144465923309326172e+00
8.475596618652343750e+01 9.305706977844238281e+00 -4.943260192871093750e+01 -1.726730728149414062e+01 4.145451545715332031e+00
8.876262664794921875e+01 1.197590732574462891e+01 -5.071519088745117188e+01 -1.534871292114257812e+01 4.719680786132812500e+00
1.048558197021484375e+02 1.310273456573486328e+01 -5.231668853759765625e+01 -1.451102066040039062e+01 9.199070930480957031e+00
9.617726135253906250e+01 1.188725948333740234e+01 -5.238040542602539062e+01 -1.282992553710937500e+01 1.007338809967041016e+01
8.698355102539062500e+01 1.062170600891113281e+01 -4.653668975830078125e+01 -1.869177246093750000e+01 9.631179809570312500e+00
8.649549865722656250e+01 1.087937164306640625e+01 -4.799652862548828125e+01 -1.282447433471679688e+01 8.014228820800781250e+00
9.103540802001953125e+01 1.365491008758544922e+01 -5.033878707885742188e+01 -1.656130218505859375e+01 6.066000461578369141e+00
1.124929122924804688e+02 1.464802074432373047e+01 -5.727418136596679688e+01 -1.260933780670166016e+01 7.102683544158935547e+00
9.467794799804687500e+01 1.586101913452148438e+01 -5.298144912719726562e+01 -1.537333106994628906e+01 4.574852943420410156e+00
8.145331573486328125e+01 1.413161468505859375e+01 -4.937908935546875000e+01 -1.687286567687988281e+01 4.234951496124267578e+00
9.555365753173828125e+01 1.432898712158203125e+01 -4.776816558837890625e+01 -1.317479038238525391e+01 1.006784534454345703e+01
1.110735244750976562e+02 1.396348381042480469e+01 -5.269793319702148438e+01 -1.267622375488281250e+01 6.713033199310302734e+00
1.355186309814453125e+02 2.932731056213378906e+01 -1.806080627441406250e+01 -9.191110610961914062e+00 2.083733797073364258e+00
1.285005340576171875e+02 2.675304985046386719e+01 -1.568132305145263672e+01 -1.578869533538818359e+01 4.508207798004150391e+00
1.233953552246093750e+02 3.013235473632812500e+01 -1.457646560668945312e+01 -1.832891654968261719e+01 1.680242866277694702e-01
1.229749450683593750e+02 2.465763854980468750e+01 -1.426192760467529297e+01 -1.958004951477050781e+01 1.914596080780029297e+00
1.118992767333984375e+02 2.540517044067382812e+01 -9.857594490051269531e+00 -2.015237045288085938e+01 1.957872033119201660e+00
1.202714233398437500e+02 3.078003883361816406e+01 -1.609715461730957031e+01 -4.835257053375244141e+00 9.156776428222656250e+00
1.211753158569335938e+02 2.751558494567871094e+01 -1.313425064086914062e+01 -1.826877975463867188e+01 2.451794385910034180e+00
1.274532470703125000e+02 2.921852684020996094e+01 -1.850542068481445312e+01 -1.260833549499511719e+01 1.387551188468933105e+00
1.199150466918945312e+02 3.319399642944335938e+01 -1.568374919891357422e+01 -3.958247184753417969e+00 1.070617008209228516e+01
1.313333435058593750e+02 2.829727363586425781e+01 -1.528948307037353516e+01 -1.462060165405273438e+01 -6.094594597816467285e-01
1.262798538208007812e+02 3.184077453613281250e+01 -1.765111541748046875e+01 -1.356862735748291016e+01 3.544463634490966797e+00
1.151625366210937500e+02 3.132708358764648438e+01 -1.120036315917968750e+01 -1.872838783264160156e+01 2.472976446151733398e+00
1.146096954345703125e+02 2.494737243652343750e+01 -1.529253864288330078e+01 -1.252547073364257812e+01 1.435431361198425293e+00
1.184600143432617188e+02 2.335971832275390625e+01 -1.512691688537597656e+01 -1.463346862792968750e+01 7.873971462249755859e-01
1.175176162719726562e+02 3.228717422485351562e+01 -1.375539207458496094e+01 -1.416867446899414062e+01 6.023533344268798828e+00
1.248793563842773438e+02 2.569855308532714844e+01 -1.476915645599365234e+01 -1.721391296386718750e+01 1.917114377021789551e+00
9.781968688964843750e+01 2.588064575195312500e+01 -8.539396286010742188e+00 -1.599049472808837891e+01 6.798080921173095703e+00
1.210033111572265625e+02 2.692030525207519531e+01 -1.417628192901611328e+01 -1.687917709350585938e+01 2.669619798660278320e+00
1.181996078491210938e+02 2.551812171936035156e+01 -1.436434173583984375e+01 -1.708251380920410156e+01 2.077331990003585815e-01
1.211105804443359375e+02 2.750078010559082031e+01 -1.456290817260742188e+01 -1.535295009613037109e+01 4.152242660522460938e+00
1.614126129150390625e+02 3.920455551147460938e+01 -2.281164550781250000e+01 1.948049926757812500e+01 3.084012031555175781e+01
1.523171234130859375e+02 2.926979255676269531e+01 -1.875768852233886719e+01 8.156981468200683594e+00 2.852146148681640625e+01
1.438454437255859375e+02 3.790596389770507812e+01 -1.667651557922363281e+01 1.504132652282714844e+01 3.366492080688476562e+01
1.163796768188476562e+02 4.375637817382812500e+01 -1.716876792907714844e+01 1.695518112182617188e+01 3.383449935913085938e+01
1.315870056152343750e+02 4.000802230834960938e+01 -1.529433250427246094e+01 1.982198905944824219e+01 4.069594955444335938e+01
1.226026306152343750e+02 3.978610992431640625e+01 -1.777335739135742188e+01 1.959954261779785156e+01 3.037554931640625000e+01
1.267404937744140625e+02 3.600273132324218750e+01 -1.598375225067138672e+01 1.939232254028320312e+01 4.146046066284179688e+01
1.323427734375000000e+02 3.978796386718750000e+01 -2.168166923522949219e+01 8.789065361022949219e+00 2.363103103637695312e+01
1.444730072021484375e+02 3.468608474731445312e+01 -2.312994003295898438e+01 1.565203571319580078e+01 2.440913391113281250e+01
1.334603424072265625e+02 4.658454132080078125e+01 -1.532865619659423828e+01 1.644384002685546875e+01 3.745343017578125000e+01
1.444452819824218750e+02 3.049898910522460938e+01 -2.392413139343261719e+01 1.051274394989013672e+01 2.250116348266601562e+01
1.478989868164062500e+02 4.272260284423828125e+01 -1.508892726898193359e+01 2.597299003601074219e+01 4.021237564086914062e+01
1.371382751464843750e+02 3.684251403808593750e+01 -1.766066932678222656e+01 1.499135875701904297e+01 3.157538414001464844e+01
1.577328796386718750e+02 3.727759170532226562e+01 -1.924729156494140625e+01 1.308498477935791016e+01 2.983939743041992188e+01
1.133804244995117188e+02 3.641719818115234375e+01 -1.239879512786865234e+01 1.230317401885986328e+01 3.896744918823242188e+01
1.529617309570312500e+02 3.560010910034179688e+01 -1.975025749206542969e+01 1.268547821044921875e+01 2.138575935363769531e+01
1.556606445312500000e+02 3.028749847412109375e+01 -2.624230194091796875e+01 1.521265792846679688e+01 2.133166694641113281e+01
1.363543395996093750e+02 4.119297790527343750e+01 -1.534912681579589844e+01 8.946109771728515625e+00 2.702415275573730469e+01
1.502107696533203125e+02 3.443302917480468750e+01 -2.083559226989746094e+01 2.420253181457519531e+01 3.216531372070312500e+01
1.510729522705078125e+02 3.596599960327148438e+01 -2.652108573913574219e+01 1.891123008728027344e+01 2.391264724731445312e+01
1.462680358886718750e+02 3.036364173889160156e+01 -2.094990539550781250e+01 1.450341796875000000e+01 2.895230865478515625e+01
1.293871612548828125e+02 4.064095687866210938e+01 -1.720129203796386719e+01 1.610691070556640625e+01 3.500335693359375000e+01
8.789872741699218750e+01 2.274332523345947266e+00 -7.080942630767822266e+00 -2.267178726196289062e+01 3.685586929321289062e+01
1.412610168457031250e+02 -5.343416690826416016e+00 -1.933838653564453125e+01 -2.017739677429199219e+01 3.149635314941406250e+01
1.253789749145507812e+02 -7.005528211593627930e-01 -1.743018722534179688e+01 -2.699283027648925781e+01 3.320159530639648438e+01
1.025269622802734375e+02 2.485873460769653320e+00 -1.051519680023193359e+01 -1.266907501220703125e+01 3.932013320922851562e+01
1.336191406250000000e+02 -1.319262385368347168e+00 -1.663396263122558594e+01 -2.377136993408203125e+01 2.871834564208984375e+01
1.324663391113281250e+02 5.582325458526611328e-01 -1.834682655334472656e+01 -1.839988517761230469e+01 2.641811180114746094e+01
1.366347351074218750e+02 -7.245434761047363281e+00 -1.854290390014648438e+01 -2.325629615783691406e+01 2.951750564575195312e+01
1.425017395019531250e+02 -3.069718122482299805e+00 -2.090896797180175781e+01 -2.054011726379394531e+01 2.878452491760253906e+01
1.332036437988281250e+02 -3.972286462783813477e+00 -1.745882225036621094e+01 -2.123009681701660156e+01 2.874934577941894531e+01
8.451156616210937500e+01 1.687133431434631348e+00 -6.274600505828857422e+00 -2.897780799865722656e+01 3.472631454467773438e+01
1.184167861938476562e+02 -4.666898727416992188e+00 -1.335473823547363281e+01 -2.426654052734375000e+01 3.310825729370117188e+01
1.374544830322265625e+02 -2.870072603225708008e+00 -1.598711585998535156e+01 -2.721128654479980469e+01 2.880847167968750000e+01
1.088692016601562500e+02 -4.650374889373779297e+00 -1.197653579711914062e+01 -3.313702011108398438e+01 2.949255371093750000e+01
1.304389648437500000e+02 -1.787209153175354004e+00 -1.451931190490722656e+01 -2.245148468017578125e+01 3.159135055541992188e+01
8.997550964355468750e+01 1.630992293357849121e+00 -4.937126636505126953e+00 -2.217838859558105469e+01 3.895208740234375000e+01
8.491049194335937500e+01 7.179747223854064941e-01 -4.668398380279541016e+00 -1.821923065185546875e+01 3.592034149169921875e+01
9.962757873535156250e+01 3.250197172164916992e+00 -1.159205436706542969e+01 -2.473682212829589844e+01 3.481805038452148438e+01
1.078717880249023438e+02 2.385442924499511719e+01 -2.111626625061035156e+01 -2.374305248260498047e+00 -5.624925136566162109e+00
1.070142288208007812e+02 2.206477928161621094e+01 -2.098733901977539062e+01 -4.584740161895751953e+00 -3.609241485595703125e+00
1.146209182739257812e+02 2.628317832946777344e+01 -2.397856330871582031e+01 -2.393759965896606445e+00 -1.024549102783203125e+01
1.363650970458984375e+02 2.512079048156738281e+01 -2.964678192138671875e+01 1.444364666938781738e+00 -1.728018403053283691e+00
1.048683013916015625e+02 2.025342941284179688e+01 -2.093966484069824219e+01 -4.969404697418212891e+00 -3.483482122421264648e+00
9.936868286132812500e+01 3.063087081909179688e+01 -1.910778617858886719e+01 5.239336967468261719e+00 3.392798662185668945e+00
1.264605712890625000e+02 2.228465270996093750e+01 -2.726395034790039062e+01 2.178525209426879883e+00 -5.285816669464111328e+00
1.127521972656250000e+02 3.039012336730957031e+01 -2.241871643066406250e+01 8.253404617309570312e+00 2.720328330993652344e+00
1.200550460815429688e+02 3.253994369506835938e+01 -2.469598579406738281e+01 7.847304821014404297e+00 4.695832252502441406e+00
1.279797821044921875e+02 2.670977783203125000e+01 -2.595281600952148438e+01 -3.620576858520507812e+00 -4.271649360656738281e+00
9.875244903564453125e+01 2.278498649597167969e+01 -1.851507186889648438e+01 -4.520860195159912109e+00 -4.272793292999267578e+00
1.090708007812500000e+02 2.332958030700683594e+01 -2.415675735473632812e+01 -3.678514957427978516e-01 -5.934025287628173828e+00
1.125409240722656250e+02 3.220686721801757812e+01 -2.162389564514160156e+01 1.307807207107543945e+00 4.197962284088134766e+00
1.211922302246093750e+02 2.392777442932128906e+01 -2.638936805725097656e+01 -2.148293495178222656e+00 -1.032470512390136719e+01
1.016023330688476562e+02 2.395668411254882812e+01 -1.854417037963867188e+01 -5.341124057769775391e+00 -5.391023635864257812e+00
1.206612625122070312e+02 2.686257743835449219e+01 -2.293387603759765625e+01 -2.822852611541748047e+00 -5.765574455261230469e+00
1.067226181030273438e+02 3.415723037719726562e+01 -1.964495658874511719e+01 9.730603218078613281e+00 3.404035806655883789e+00
1.231739196777343750e+02 2.239987373352050781e+01 -2.487870025634765625e+01 6.804011464118957520e-01 -5.072011947631835938e+00
1.045341415405273438e+02 3.363227462768554688e+01 -2.117823219299316406e+01 7.460389137268066406e+00 2.988817930221557617e+00
1.190037460327148438e+02 2.611082077026367188e+01 -2.535104179382324219e+01 -4.549260139465332031e-01 -5.204103469848632812e+00
1.221301727294921875e+02 2.665755462646484375e+01 -2.583636665344238281e+01 3.569936037063598633e+00 -9.842843413352966309e-01
1.167491226196289062e+02 2.492613410949707031e+01 -2.550131988525390625e+01 2.393409490585327148e+00 -1.160017967224121094e+00
1.245771331787109375e+02 2.692555809020996094e+01 -2.665575218200683594e+01 -5.408964157104492188e-01 -1.852990627288818359e+00
1.170339889526367188e+02 2.319707298278808594e+01 -2.400252532958984375e+01 -1.587320089340209961e+00 -3.688918352127075195e+00
1.147229156494140625e+02 2.817076301574707031e+01 -1.490216541290283203e+01 -1.320718955993652344e+01 1.688047170639038086e+00
1.478461456298828125e+02 -1.483360958099365234e+01 -2.627795982360839844e+01 5.988927364349365234e+00 4.982268333435058594e+00
1.446610260009765625e+02 -1.329990673065185547e+01 -2.574943923950195312e+01 9.249912261962890625e+00 4.415691852569580078e+00
1.428984222412109375e+02 -1.242975521087646484e+01 -2.299311065673828125e+01 7.623517036437988281e+00 4.837974548339843750e+00
1.481828002929687500e+02 -9.903379440307617188e+00 -2.654891014099121094e+01 1.335308742523193359e+01 5.484153270721435547e+00
1.450886230468750000e+02 -1.469174480438232422e+01 -2.404893112182617188e+01 7.681246280670166016e+00 4.660939216613769531e+00
1.474602203369140625e+02 -1.658143234252929688e+01 -2.560288047790527344e+01 7.590712547302246094e+00 6.194245815277099609e+00
1.507778778076171875e+02 -1.498120117187500000e+01 -2.667197418212890625e+01 1.018580055236816406e+01 4.115027904510498047e+00
1.471484527587890625e+02 -1.389979362487792969e+01 -2.888588333129882812e+01 1.131532382965087891e+01 4.438185691833496094e+00
1.510893249511718750e+02 -1.428814029693603516e+01 -2.533877563476562500e+01 8.982145309448242188e+00 5.171514034271240234e+00
1.417684783935546875e+02 -1.226239776611328125e+01 -2.578016853332519531e+01 8.415383338928222656e+00 3.601514339447021484e+00
1.488026428222656250e+02 -1.501665115356445312e+01 -2.370220756530761719e+01 7.089632987976074219e+00 5.503711700439453125e+00
1.512407379150390625e+02 -1.412726783752441406e+01 -2.678520965576171875e+01 8.811174392700195312e+00 4.868993759155273438e+00
1.174841537475585938e+02 3.045837211608886719e+01 -1.434432983398437500e+01 -1.286694908142089844e+01 4.485708773136138916e-01
1.271474761962890625e+02 3.007305335998535156e+01 -1.490349102020263672e+01 -1.143334579467773438e+01 3.381578683853149414e+00
1.165133895874023438e+02 2.404365730285644531e+01 -1.414867210388183594e+01 -1.372353935241699219e+01 8.342280983924865723e-01
1.278511962890625000e+02 2.619533729553222656e+01 -1.541929340362548828e+01 -1.695321655273437500e+01 3.551012992858886719e+00
1.215236511230468750e+02 2.700882720947265625e+01 -1.681463623046875000e+01 -9.665181159973144531e+00 1.245422124862670898e+00
1.224837646484375000e+02 2.763988685607910156e+01 -1.402836608886718750e+01 -1.342159557342529297e+01 4.562795162200927734e+00
1.368218841552734375e+02 2.610762405395507812e+01 -2.122377204895019531e+01 -9.531635284423828125e+00 2.131145000457763672e+00
1.189558639526367188e+02 2.696614456176757812e+01 -1.107771778106689453e+01 -1.912137222290039062e+01 2.624598741531372070e+00
1.178434906005859375e+02 -8.677323341369628906e+00 -1.934288597106933594e+01 8.256559371948242188e+00 1.052109527587890625e+01
1.127725296020507812e+02 -1.244813060760498047e+01 -1.795397186279296875e+01 4.254461824893951416e-01 3.945864439010620117e+00
1.473162994384765625e+02 -1.196318435668945312e+01 -2.583971786499023438e+01 9.605639457702636719e+00 3.207804679870605469e+00
1.502256011962890625e+02 -1.521346664428710938e+01 -2.587582588195800781e+01 7.315744876861572266e+00 3.991795539855957031e+00
1.452130279541015625e+02 -7.488857269287109375e+00 -2.659535598754882812e+01 8.536361694335937500e+00 5.798818588256835938e+00
1.469863128662109375e+02 -1.173003482818603516e+01 -2.423267745971679688e+01 8.871260643005371094e+00 5.633986473083496094e+00
1.447008972167968750e+02 -1.467143821716308594e+01 -2.336711502075195312e+01 6.360310077667236328e+00 5.719189643859863281e+00
1.450214996337890625e+02 -1.398408794403076172e+01 -2.471270370483398438e+01 8.255099296569824219e+00 6.601345062255859375e+00
1.386487121582031250e+02 -1.324651527404785156e+01 -2.462078094482421875e+01 6.253101825714111328e+00 5.439615726470947266e+00
1.450959930419921875e+02 -1.406277370452880859e+01 -2.475995635986328125e+01 6.727719783782958984e+00 4.778175354003906250e+00
1.167640457153320312e+02 -1.045382213592529297e+01 -1.850712203979492188e+01 3.777932167053222656e+00 4.117080688476562500e+00
1.470820465087890625e+02 -1.454696655273437500e+01 -2.331031036376953125e+01 7.496764183044433594e+00 5.416088581085205078e+00
1.533309478759765625e+02 -1.413210296630859375e+01 -2.517259979248046875e+01 8.803038597106933594e+00 5.842649936676025391e+00
1.474020690917968750e+02 -1.516070461273193359e+01 -2.522313308715820312e+01 7.822417259216308594e+00 4.613049030303955078e+00
1.483036499023437500e+02 -1.361501502990722656e+01 -2.560608863830566406e+01 7.221429347991943359e+00 5.050513744354248047e+00
1.433901062011718750e+02 -1.496716499328613281e+01 -2.541405677795410156e+01 7.261568069458007812e+00 5.294907093048095703e+00
1.480914916992187500e+02 -1.567635059356689453e+01 -2.589729690551757812e+01 8.386533737182617188e+00 7.841010570526123047e+00
1.422288818359375000e+02 -1.392298507690429688e+01 -2.333519935607910156e+01 4.638685226440429688e+00 5.745549201965332031e+00
1.449784393310546875e+02 -1.459776973724365234e+01 -2.421203613281250000e+01 6.431276798248291016e+00 5.665407180786132812e+00
1.548017578125000000e+02 -1.428319740295410156e+01 -2.797628211975097656e+01 1.024482440948486328e+01 6.809818744659423828e+00
1.478215179443359375e+02 -1.554041576385498047e+01 -2.356786537170410156e+01 6.713730335235595703e+00 4.739658832550048828e+00
1.484559631347656250e+02 -1.447015666961669922e+01 -2.617364692687988281e+01 8.637933731079101562e+00 4.694800376892089844e+00
1.434734039306640625e+02 1.368561458587646484e+01 -5.872664260864257812e+01 -1.361997985839843750e+01 1.863253211975097656e+01
1.468863220214843750e+02 1.512789916992187500e+01 -5.738590621948242188e+01 -8.175861358642578125e+00 1.501388740539550781e+01
1.314197692871093750e+02 1.488072204589843750e+01 -6.133596420288085938e+01 -1.662540626525878906e+01 2.392864227294921875e+01
1.518692016601562500e+02 1.516199874877929688e+01 -5.980696487426757812e+01 -8.890559196472167969e+00 1.706912612915039062e+01
1.515660247802734375e+02 1.527093410491943359e+01 -6.069274139404296875e+01 -7.425722122192382812e+00 1.783447265625000000e+01
1.568215484619140625e+02 1.612338066101074219e+01 -6.117588806152343750e+01 -1.364704513549804688e+01 1.782336235046386719e+01
1.431113128662109375e+02 1.628118896484375000e+01 -5.873773193359375000e+01 -1.291357803344726562e+01 1.958404350280761719e+01
1.463597412109375000e+02 1.515121459960937500e+01 -5.988561630249023438e+01 -1.223591709136962891e+01 2.029403495788574219e+01
1.466734771728515625e+02 1.768785095214843750e+01 -5.895832061767578125e+01 -1.123733425140380859e+01 1.993928527832031250e+01
1.408154144287109375e+02 1.503910827636718750e+01 -6.063135910034179688e+01 -1.874775505065917969e+01 2.334131431579589844e+01
1.405257720947265625e+02 1.582926940917968750e+01 -5.622667312622070312e+01 -1.447729682922363281e+01 2.005607795715332031e+01
1.448699493408203125e+02 1.652527236938476562e+01 -5.927003097534179688e+01 -1.164332199096679688e+01 1.978529167175292969e+01
1.546166381835937500e+02 1.483360576629638672e+01 -6.106777191162109375e+01 -1.188302612304687500e+01 1.938818550109863281e+01
1.514169311523437500e+02 1.782795524597167969e+01 -5.771159362792968750e+01 -1.140071678161621094e+01 2.210531425476074219e+01
1.324498443603515625e+02 1.746041107177734375e+01 -5.685906982421875000e+01 -1.409910964965820312e+01 2.608409881591796875e+01
1.249321441650390625e+02 1.713463211059570312e+01 -5.994873809814453125e+01 -1.645285606384277344e+01 2.324657058715820312e+01
1.423236694335937500e+02 -1.515274429321289062e+01 -2.340936470031738281e+01 6.808611869812011719e+00 6.234069347381591797e+00
1.529642181396484375e+02 -1.674349975585937500e+01 -2.738631439208984375e+01 6.911103248596191406e+00 4.304662704467773438e+00
1.474696502685546875e+02 -1.322699356079101562e+01 -2.499763298034667969e+01 9.481066703796386719e+00 3.092204809188842773e+00
1.541778564453125000e+02 -1.438040637969970703e+01 -2.654256248474121094e+01 9.095155715942382812e+00 4.384804725646972656e+00
1.532306823730468750e+02 -1.545585155487060547e+01 -2.418030166625976562e+01 8.914327621459960938e+00 4.752140998840332031e+00
1.505347290039062500e+02 -1.459250545501708984e+01 -2.626541137695312500e+01 9.647322654724121094e+00 4.026816844940185547e+00
1.221897430419921875e+02 -1.238087654113769531e+01 -1.882772064208984375e+01 2.125298261642456055e+00 4.647864818572998047e+00
1.196299057006835938e+02 -1.313297367095947266e+01 -1.865694808959960938e+01 2.175598859786987305e+00 4.879958629608154297e+00
9.739903259277343750e+01 -6.980331420898437500e+00 -1.323147964477539062e+01 -1.921180534362792969e+01 2.572462463378906250e+01
1.123861999511718750e+02 -7.801148414611816406e+00 -1.308091163635253906e+01 -2.364685249328613281e+01 2.703192901611328125e+01
1.003877410888671875e+02 -9.195574760437011719e+00 -1.116237545013427734e+01 -2.279216003417968750e+01 2.604949569702148438e+01
1.039724655151367188e+02 -6.983532428741455078e+00 -1.472840595245361328e+01 -2.372021484375000000e+01 2.358347892761230469e+01
1.239666290283203125e+02 -9.966372489929199219e+00 -1.525015258789062500e+01 -2.211371994018554688e+01 2.586131095886230469e+01
8.949936676025390625e+01 -6.662892341613769531e+00 -1.231363105773925781e+01 -2.127181243896484375e+01 2.203841018676757812e+01
1.031081390380859375e+02 -7.627431869506835938e+00 -1.056120681762695312e+01 -2.632409286499023438e+01 2.726937675476074219e+01
1.151036834716796875e+02 -1.206915473937988281e+01 -1.407387065887451172e+01 -1.985466766357421875e+01 2.643329429626464844e+01
1.036684951782226562e+02 -1.180607128143310547e+01 -1.395529747009277344e+01 -9.696036338806152344e+00 1.807608604431152344e+01
1.416498413085937500e+02 1.635962104797363281e+01 -5.874925231933593750e+01 -1.176017093658447266e+01 1.983839607238769531e+01
1.494119873046875000e+02 1.580154037475585938e+01 -5.800550460815429688e+01 -9.385219573974609375e+00 1.619169235229492188e+01
1.501068725585937500e+02 1.463994598388671875e+01 -5.868402862548828125e+01 -1.006893920898437500e+01 1.828923988342285156e+01
1.540961456298828125e+02 1.397580337524414062e+01 -5.843833541870117188e+01 -1.415591526031494141e+01 1.827177238464355469e+01
1.196758575439453125e+02 1.024175357818603516e+01 -4.560815048217773438e+01 -1.185573387145996094e+01 1.585707950592041016e+01
1.325954132080078125e+02 1.620929336547851562e+01 -5.848946762084960938e+01 -1.939505577087402344e+01 2.219435119628906250e+01
1.514122772216796875e+02 1.493516921997070312e+01 -6.091239929199218750e+01 -6.010059356689453125e+00 1.688227653503417969e+01
1.554838256835937500e+02 1.497581291198730469e+01 -6.126725769042968750e+01 -8.736408233642578125e+00 1.710513114929199219e+01
9.450584411621093750e+01 -9.442717552185058594e+00 -1.548616409301757812e+01 -2.613548994064331055e+00 1.829549217224121094e+01
8.265088653564453125e+01 -9.109678268432617188e+00 -1.310863685607910156e+01 -2.744616508483886719e+00 1.934966850280761719e+01
8.988130187988281250e+01 -9.389851570129394531e+00 -9.180827140808105469e+00 -1.393214607238769531e+01 1.750316047668457031e+01
8.485810089111328125e+01 -1.092482852935791016e+01 -9.331346511840820312e+00 -1.280558967590332031e+01 1.774079322814941406e+01
9.527610778808593750e+01 -1.044005203247070312e+01 -1.282749462127685547e+01 -7.750973701477050781e+00 1.877772140502929688e+01
1.034721527099609375e+02 -9.028702735900878906e+00 -1.330725288391113281e+01 -1.103103351593017578e+01 2.163288307189941406e+01
6.297230148315429688e+01 1.348474407196044922e+01 -3.036957931518554688e+01 -1.770669174194335938e+01 -9.262385964393615723e-01
5.691856384277343750e+01 1.354435539245605469e+01 -3.448440170288085938e+01 -3.494540691375732422e+00 9.256932258605957031e+00
3.601791000366210938e+01 9.228679656982421875e+00 -3.254087829589843750e+01 7.934346199035644531e+00 1.701313209533691406e+01
6.810411834716796875e+01 1.988734436035156250e+01 -3.503212738037109375e+01 9.029777526855468750e+00 1.877848052978515625e+01
2.756120300292968750e+01 5.606692314147949219e+00 -2.636058998107910156e+01 7.180743217468261719e+00 1.380770587921142578e+01
2.497939300537109375e+01 7.454674720764160156e+00 -2.499132537841796875e+01 1.606483906507492065e-01 1.331272792816162109e+01
2.245571708679199219e+01 4.824891090393066406e+00 -2.437678337097167969e+01 8.127256393432617188e+00 1.055795955657958984e+01
4.465645980834960938e+01 1.195696830749511719e+01 -3.361866760253906250e+01 1.719837188720703125e+00 1.667024993896484375e+01
3.854513168334960938e+01 9.697093009948730469e+00 -2.897512245178222656e+01 4.756140708923339844e+00 1.550752830505371094e+01
3.465224838256835938e+01 9.843566894531250000e+00 -2.811616325378417969e+01 2.425341129302978516e+00 1.323950576782226562e+01
5.570524978637695312e+01 2.197309875488281250e+01 -2.117132377624511719e+01 -7.835305690765380859e+00 9.163121223449707031e+00
6.661434936523437500e+01 2.280455207824707031e+01 -2.285249900817871094e+01 -6.410349845886230469e+00 1.454054450988769531e+01
4.656408691406250000e+01 9.614383697509765625e+00 -3.428680419921875000e+01 7.724879741668701172e+00 1.796216201782226562e+01
9.328697967529296875e+01 2.460001373291015625e+01 -3.474769210815429688e+01 -1.173345375061035156e+01 1.023054313659667969e+01
7.065225219726562500e+01 6.049099922180175781e+00 -3.925579833984375000e+01 7.205498218536376953e+00 2.152148056030273438e+01
5.993496704101562500e+01 1.150546550750732422e+01 -4.062552642822265625e+01 7.905710220336914062e+00 1.815189933776855469e+01
7.224351501464843750e+01 5.942203521728515625e+00 -4.443558883666992188e+01 2.538529157638549805e+00 9.193667411804199219e+00
6.554141235351562500e+01 6.862641334533691406e+00 -4.441781997680664062e+01 1.191401481628417969e+01 1.964683723449707031e+01
7.196881866455078125e+01 7.908046245574951172e+00 -4.537491226196289062e+01 1.087503147125244141e+01 2.053156280517578125e+01
8.218005371093750000e+01 1.076800537109375000e+01 -4.572266769409179688e+01 1.395919609069824219e+01 2.251080894470214844e+01
1.042511596679687500e+02 1.013936901092529297e+01 -4.937416458129882812e+01 5.428541660308837891e+00 1.130131340026855469e+01
5.902643966674804688e+01 8.479569435119628906e+00 -3.968400955200195312e+01 1.069948196411132812e+01 1.826497650146484375e+01
6.958306884765625000e+01 9.423388481140136719e+00 -3.627326202392578125e+01 2.919201374053955078e+00 1.317399978637695312e+01
4.817283630371093750e+01 6.599305629730224609e+00 -3.513059616088867188e+01 8.375776290893554688e+00 1.612197875976562500e+01
8.844849395751953125e+01 1.343465423583984375e+01 -4.547076034545898438e+01 2.843914985656738281e+00 3.896793365478515625e+00
4.907890319824218750e+01 9.991644859313964844e+00 -3.824179840087890625e+01 8.451691627502441406e+00 2.166670036315917969e+01
5.787950897216796875e+01 7.789262294769287109e+00 -3.893797302246093750e+01 9.087848663330078125e+00 1.852325057983398438e+01
4.702384185791015625e+01 8.561171531677246094e+00 -3.803717041015625000e+01 1.149330329895019531e+01 1.779932403564453125e+01
5.879620361328125000e+01 8.588366508483886719e+00 -4.025304412841796875e+01 9.310974121093750000e+00 1.912487602233886719e+01
5.020488357543945312e+01 6.565427780151367188e+00 -3.840980911254882812e+01 7.703367710113525391e+00 1.922266006469726562e+01
1.066872329711914062e+02 -1.129013252258300781e+01 -1.684957122802734375e+01 5.368124842643737793e-01 1.981267356872558594e+01
9.914813995361328125e+01 -1.047934532165527344e+01 -1.482395648956298828e+01 -7.645451545715332031e+00 1.969422531127929688e+01
8.938702392578125000e+01 -8.965124130249023438e+00 -1.423187637329101562e+01 -1.250492691993713379e+00 1.956332778930664062e+01
3.105706405639648438e+01 6.926831245422363281e+00 -3.123344612121582031e+01 7.237411975860595703e+00 1.420420074462890625e+01
2.639035415649414062e+01 5.877745628356933594e+00 -2.444234657287597656e+01 4.944861888885498047e+00 1.303153991699218750e+01
3.699183654785156250e+01 1.097459697723388672e+01 -1.880241394042968750e+01 -1.173708343505859375e+01 3.681508064270019531e+00
2.943273925781250000e+01 7.061368942260742188e+00 -2.764718818664550781e+01 7.300997734069824219e+00 1.581195259094238281e+01
4.641654586791992188e+01 1.631629180908203125e+01 -3.165222930908203125e+01 1.042279362678527832e+00 8.936692237854003906e+00
6.428601837158203125e+01 2.316907405853271484e+00 -3.780630111694335938e+01 -7.221484661102294922e+00 7.574434757232666016e+00
4.792209625244140625e+01 9.404736518859863281e+00 -2.938412666320800781e+01 -1.084470748901367188e+00 6.627202987670898438e+00
6.392701721191406250e+01 1.877570915222167969e+01 -3.349839019775390625e+01 1.698663592338562012e+00 4.906191825866699219e+00
5.288414382934570312e+01 1.285640716552734375e+01 -3.277886199951171875e+01 -4.680149257183074951e-01 1.174665164947509766e+01
6.923645782470703125e+01 1.432566452026367188e+01 -3.630073928833007812e+01 -6.231200695037841797e+00 3.475573539733886719e+00
3.038653564453125000e+01 5.059217453002929688e+00 -2.885722541809082031e+01 7.199797153472900391e+00 1.468244552612304688e+01
2.665526771545410156e+01 6.411756992340087891e+00 -2.538631057739257812e+01 5.878626346588134766e+00 1.326194667816162109e+01
5.689721298217773438e+01 1.456594371795654297e+01 -3.431260299682617188e+01 -2.373440027236938477e+00 8.328790664672851562e+00
3.409856796264648438e+01 6.826488018035888672e+00 -3.228226852416992188e+01 6.485895156860351562e+00 1.742327308654785156e+01
6.746443176269531250e+01 6.798986434936523438e+00 -3.683468246459960938e+01 -1.186446285247802734e+01 -1.086615324020385742e+00
2.146761131286621094e+01 3.727252483367919922e+00 -2.067464256286621094e+01 4.368803977966308594e+00 1.007390975952148438e+01
3.471021270751953125e+01 7.446926593780517578e+00 -3.258832931518554688e+01 4.798720359802246094e+00 1.334040927886962891e+01
3.157527923583984375e+01 1.036185741424560547e+01 -2.110997962951660156e+01 2.059508085250854492e+00 1.571826219558715820e+00
2.703451156616210938e+01 3.653280496597290039e+00 -2.489917373657226562e+01 1.022174263000488281e+01 1.175887680053710938e+01
