1.069573135375976562e+02 1.733819389343261719e+01 -5.960855865478515625e+01 1.597653579711914062e+01 1.628613281250000000e+01 8.562604904174804688e+00
9.627270507812500000e+01 1.461736202239990234e+01 -5.134296035766601562e+01 1.840527534484863281e+01 1.838969612121582031e+01 1.311627960205078125e+01
1.013070297241210938e+02 1.404023170471191406e+01 -5.718185043334960938e+01 1.551316928863525391e+01 1.594655513763427734e+01 1.111238861083984375e+01
1.318203887939453125e+02 2.924769592285156250e+01 -1.870785713195800781e+01 1.164372825622558594e+01 8.384042739868164062e+00 2.241424560546875000e+01
1.238168029785156250e+02 2.685721206665039062e+01 -1.833860015869140625e+01 1.348575210571289062e+01 6.790951728820800781e+00 1.807602310180664062e+01
1.266828231811523438e+02 2.868066596984863281e+01 -1.592920494079589844e+01 1.426392841339111328e+01 6.939384937286376953e+00 1.766213798522949219e+01
1.019731140136718750e+02 2.775557136535644531e+01 -5.390995979309082031e+00 2.330768394470214844e+01 1.189063358306884766e+01 1.296528148651123047e+01
1.150890655517578125e+02 2.901830291748046875e+01 -1.661804008483886719e+01 1.089115905761718750e+01 5.654735088348388672e+00 1.900007057189941406e+01
1.246815109252929688e+02 2.780003356933593750e+01 -1.843041610717773438e+01 1.261970996856689453e+01 9.451765060424804688e+00 1.991034507751464844e+01
1.150707015991210938e+02 2.892830657958984375e+01 -1.357206821441650391e+01 1.257250690460205078e+01 7.777766704559326172e+00 2.055175971984863281e+01
1.271988525390625000e+02 2.955184936523437500e+01 -1.914855766296386719e+01 1.005506706237792969e+01 6.916443347930908203e+00 1.746915245056152344e+01
1.235578689575195312e+02 2.750903701782226562e+01 -1.390026092529296875e+01 1.729121780395507812e+01 8.948668479919433594e+00 2.220056533813476562e+01
8.479798889160156250e+01 1.056449127197265625e+01 -5.457399368286132812e+01 1.872874450683593750e+01 1.644658470153808594e+01 1.205128765106201172e+01
8.880815124511718750e+01 1.335177898406982422e+01 -5.586593627929687500e+01 1.697370910644531250e+01 1.583573818206787109e+01 8.452002525329589844e+00
1.048848037719726562e+02 1.433942604064941406e+01 -5.623892974853515625e+01 1.492580604553222656e+01 1.602710533142089844e+01 1.264308452606201172e+01
9.620927429199218750e+01 1.340289020538330078e+01 -5.683780670166015625e+01 1.374803066253662109e+01 1.923181152343750000e+01 4.454168796539306641e+00
8.702691650390625000e+01 1.193789768218994141e+01 -5.134976959228515625e+01 1.884872055053710938e+01 2.045410537719726562e+01 1.248132991790771484e+01
8.652951049804687500e+01 1.265437793731689453e+01 -5.282826232910156250e+01 1.372701358795166016e+01 1.878378105163574219e+01 6.147424697875976562e+00
9.107989501953125000e+01 1.533211040496826172e+01 -5.493905258178710938e+01 1.783108520507812500e+01 1.728604888916015625e+01 4.649314403533935547e+00
1.125265045166015625e+02 1.646774101257324219e+01 -6.227571105957031250e+01 1.333173465728759766e+01 1.745052909851074219e+01 1.000725460052490234e+01
9.472894287109375000e+01 1.744230842590332031e+01 -5.851364898681640625e+01 1.754529571533203125e+01 1.923804283142089844e+01 8.977190971374511719e+00
8.148092651367187500e+01 1.556416225433349609e+01 -5.302443313598632812e+01 1.891798019409179688e+01 1.328019523620605469e+01 1.722688484191894531e+01
9.557569122314453125e+01 1.522496891021728516e+01 -5.118643951416015625e+01 1.339809417724609375e+01 1.744915771484375000e+01 9.021684646606445312e+00
1.111020812988281250e+02 1.527540206909179688e+01 -5.697161865234375000e+01 1.356371021270751953e+01 1.480277347564697266e+01 9.754919052124023438e+00
1.355170135498046875e+02 2.986021995544433594e+01 -1.964631843566894531e+01 8.449494361877441406e+00 7.056476593017578125e+00 1.778035926818847656e+01
1.284986572265625000e+02 2.671232795715332031e+01 -1.669573211669921875e+01 1.430986976623535156e+01 8.968187332153320312e+00 2.030963325500488281e+01
1.233972778320312500e+02 3.055489349365234375e+01 -1.606651115417480469e+01 1.727483177185058594e+01 7.341037273406982422e+00 1.864626693725585938e+01
1.229756698608398438e+02 2.480387878417968750e+01 -1.532050418853759766e+01 1.818193626403808594e+01 8.420548439025878906e+00 1.881352615356445312e+01
1.118990249633789062e+02 2.554434776306152344e+01 -1.063830852508544922e+01 1.827446174621582031e+01 8.463168144226074219e+00 2.181969833374023438e+01
1.202645339965820312e+02 3.092068481445312500e+01 -1.681315231323242188e+01 2.804804086685180664e+00 1.099510765075683594e+01 1.306566810607910156e+01
1.211735229492187500e+02 2.753334236145019531e+01 -1.367014694213867188e+01 1.699854469299316406e+01 7.908346652984619141e+00 1.864860916137695312e+01
1.274530792236328125e+02 2.976206016540527344e+01 -2.017047119140625000e+01 1.191231060028076172e+01 7.259456634521484375e+00 1.728252601623535156e+01
1.199076461791992188e+02 3.360655975341796875e+01 -1.667992401123046875e+01 1.450131654739379883e+00 1.295515823364257812e+01 1.299716949462890625e+01
1.313322296142578125e+02 2.869491958618164062e+01 -1.679245185852050781e+01 1.393267345428466797e+01 5.536374568939208984e+00 1.964334297180175781e+01
1.262795257568359375e+02 3.208736419677734375e+01 -1.888053131103515625e+01 1.250859737396240234e+01 8.920827865600585938e+00 1.972055053710937500e+01
1.151605224609375000e+02 3.157355880737304688e+01 -1.221867561340332031e+01 1.652557754516601562e+01 8.562960624694824219e+00 2.118663024902343750e+01
1.146079025268554688e+02 2.514073753356933594e+01 -1.629547119140625000e+01 1.154833698272705078e+01 5.706112384796142578e+00 1.821623420715332031e+01
1.184611129760742188e+02 2.350538063049316406e+01 -1.633280754089355469e+01 1.389660930633544922e+01 6.162491798400878906e+00 1.728269767761230469e+01
1.175107498168945312e+02 3.253220748901367188e+01 -1.418824863433837891e+01 1.269456577301025391e+01 1.013402748107910156e+01 1.696141624450683594e+01
1.248771667480468750e+02 2.587797164916992188e+01 -1.590441131591796875e+01 1.605897521972656250e+01 7.078164100646972656e+00 2.004785919189453125e+01
9.781794738769531250e+01 2.582763099670410156e+01 -8.898577690124511719e+00 1.381008815765380859e+01 1.162285327911376953e+01 1.439553260803222656e+01
1.209966430664062500e+02 2.696258163452148438e+01 -1.484494209289550781e+01 1.529027271270751953e+01 7.343314170837402344e+00 1.729997253417968750e+01
1.182013015747070312e+02 2.573035240173339844e+01 -1.558208656311035156e+01 1.636307716369628906e+01 6.196753978729248047e+00 1.575722599029541016e+01
1.211089782714843750e+02 2.773439979553222656e+01 -1.539224147796630859e+01 1.390662670135498047e+01 9.295679092407226562e+00 1.721186256408691406e+01
1.614328002929687500e+02 3.986113357543945312e+01 -2.731440734863281250e+01 -2.271037292480468750e+01 3.155951499938964844e+01 8.639292716979980469e+00
1.523509216308593750e+02 2.979498291015625000e+01 -2.430175209045410156e+01 -1.136560153961181641e+01 3.370981979370117188e+01 1.736306190490722656e+01
1.438693084716796875e+02 3.846604919433593750e+01 -2.149283409118652344e+01 -1.927645492553710938e+01 3.645208740234375000e+01 7.908898353576660156e+00
1.164043960571289062e+02 4.430485153198242188e+01 -2.154312515258789062e+01 -2.035861778259277344e+01 3.521136856079101562e+01 8.584202766418457031e+00
1.316097717285156250e+02 4.040098953247070312e+01 -1.966118812561035156e+01 -2.490178108215332031e+01 4.089417648315429688e+01 7.296883583068847656e+00
1.226200180053710938e+02 4.042491149902343750e+01 -2.167104339599609375e+01 -2.292236328125000000e+01 3.007854270935058594e+01 5.295374870300292969e+00
1.267728042602539062e+02 3.657225799560546875e+01 -2.141836357116699219e+01 -2.497994804382324219e+01 4.374699020385742188e+01 6.793818473815917969e+00
1.323829345703125000e+02 4.122901153564453125e+01 -2.785025978088378906e+01 -1.103928852081298828e+01 3.194702339172363281e+01 5.265876293182373047e+00
1.444984283447265625e+02 3.548885726928710938e+01 -2.806531715393066406e+01 -1.782246971130371094e+01 2.694973754882812500e+01 1.015689373016357422e+01
1.335003662109375000e+02 4.703078460693359375e+01 -2.061257171630859375e+01 -2.112855529785156250e+01 4.033556365966796875e+01 1.555876636505126953e+01
1.444670104980468750e+02 3.117181205749511719e+01 -2.839408683776855469e+01 -1.299669933319091797e+01 2.519706153869628906e+01 1.328539752960205078e+01
1.479206848144531250e+02 4.349132919311523438e+01 -2.028736495971679688e+01 -3.075804710388183594e+01 4.038895034790039062e+01 7.153235912322998047e+00
1.371635284423828125e+02 3.752186203002929688e+01 -2.220598793029785156e+01 -1.839257431030273438e+01 3.412414932250976562e+01 7.430428981781005859e+00
1.577698974609375000e+02 3.832815551757812500e+01 -2.560678863525390625e+01 -1.605663490295410156e+01 3.580751800537109375e+01 1.329392719268798828e+01
1.134072875976562500e+02 3.759443664550781250e+01 -1.674482727050781250e+01 -1.652365875244140625e+01 4.615142822265625000e+01 -1.116129398345947266e+00
1.529891662597656250e+02 3.649258804321289062e+01 -2.482771301269531250e+01 -1.432849788665771484e+01 2.587941932678222656e+01 1.033612823486328125e+01
1.556790008544921875e+02 3.122010231018066406e+01 -3.061066055297851562e+01 -1.718921089172363281e+01 2.276318931579589844e+01 1.047698402404785156e+01
1.363882446289062500e+02 4.160247039794921875e+01 -2.028296470642089844e+01 -1.229798507690429688e+01 3.126835441589355469e+01 1.529676437377929688e+01
1.502272491455078125e+02 3.511183166503906250e+01 -2.506072998046875000e+01 -2.777853012084960938e+01 3.110032463073730469e+01 6.112725257873535156e+00
1.511018981933593750e+02 3.700007247924804688e+01 -3.213008880615234375e+01 -2.063438034057617188e+01 2.714496803283691406e+01 1.011107254028320312e+01
1.463021545410156250e+02 3.120722198486328125e+01 -2.660671424865722656e+01 -1.708538055419921875e+01 3.362271118164062500e+01 9.421852111816406250e+00
1.294155883789062500e+02 4.136984252929687500e+01 -2.253141784667968750e+01 -2.079391479492187500e+01 3.981560897827148438e+01 9.365010261535644531e+00
8.791510772705078125e+01 3.830120325088500977e+00 -1.275121593475341797e+01 1.645458984375000000e+01 4.911529159545898438e+01 1.007045459747314453e+01
1.412706604003906250e+02 -4.461541175842285156e+00 -2.516543197631835938e+01 1.423868942260742188e+01 3.777852630615234375e+01 1.582514095306396484e+01
1.254071731567382812e+02 1.105044960975646973e+00 -2.460191154479980469e+01 2.049368095397949219e+01 4.604464721679687500e+01 1.553087139129638672e+01
1.025307235717773438e+02 4.702376842498779297e+00 -1.597194957733154297e+01 4.804610252380371094e+00 4.568448638916015625e+01 -2.192314863204956055e+00
1.336283111572265625e+02 4.486941993236541748e-01 -2.314441108703613281e+01 1.902879714965820312e+01 3.877595138549804688e+01 1.691814804077148438e+01
1.324729003906250000e+02 1.856705307960510254e+00 -2.445458221435546875e+01 1.324232387542724609e+01 3.305769348144531250e+01 2.034784507751464844e+01
1.366427307128906250e+02 -6.928516864776611328e+00 -2.390249061584472656e+01 1.748019790649414062e+01 3.489187240600585938e+01 2.407202148437500000e+01
1.425136718750000000e+02 -2.088990688323974609e+00 -2.717116165161132812e+01 1.507434463500976562e+01 3.629973220825195312e+01 2.271573257446289062e+01
1.332109375000000000e+02 -3.197348117828369141e+00 -2.285878753662109375e+01 1.563598537445068359e+01 3.554590988159179688e+01 1.731957626342773438e+01
8.454719543457031250e+01 3.326302766799926758e+00 -1.366885852813720703e+01 2.142181205749511719e+01 4.538423156738281250e+01 1.838942337036132812e+01
1.184253311157226562e+02 -4.049298763275146484e+00 -1.871093940734863281e+01 1.770252609252929688e+01 3.969386672973632812e+01 1.883881187438964844e+01
1.374655609130859375e+02 -2.158673048019409180e+00 -2.148403358459472656e+01 2.123933410644531250e+01 3.536692810058593750e+01 2.230764389038085938e+01
1.088865737915039062e+02 -3.999232053756713867e+00 -1.816118812561035156e+01 2.745654106140136719e+01 4.349536132812500000e+01 1.802318954467773438e+01
1.304434814453125000e+02 -1.055904507637023926e+00 -1.956469345092773438e+01 1.670018959045410156e+01 3.612400436401367188e+01 2.112039375305175781e+01
8.998014068603515625e+01 3.321629285812377930e+00 -9.387070655822753906e+00 1.616299057006835938e+01 4.720472335815429688e+01 -4.028419971466064453e+00
8.491612243652343750e+01 7.425922751426696777e-01 -8.590884208679199219e+00 1.179320049285888672e+01 3.875978851318359375e+01 8.609904289245605469e+00
9.964969635009765625e+01 5.130631923675537109e+00 -1.695995521545410156e+01 1.754838562011718750e+01 4.437486648559570312e+01 1.224440288543701172e+01
1.078653793334960938e+02 2.478619956970214844e+01 -2.247128105163574219e+01 4.019321918487548828e+00 -4.920618057250976562e+00 8.874811530113220215e-01
1.070079956054687500e+02 2.289929962158203125e+01 -2.241485023498535156e+01 5.636886596679687500e+00 -2.873932600021362305e+00 1.519977450370788574e+00
1.146093521118164062e+02 2.754633140563964844e+01 -2.537653350830078125e+01 4.262111663818359375e+00 -9.608936309814453125e+00 2.234633922576904297e+00
1.363596954345703125e+02 2.625832557678222656e+01 -3.164441871643066406e+01 4.821140691637992859e-02 -1.805705189704895020e+00 2.546885490417480469e+00
1.048656539916992188e+02 2.125519752502441406e+01 -2.256528091430664062e+01 6.255464076995849609e+00 -1.599220991134643555e+00 2.173768281936645508e+00
9.935971069335937500e+01 3.157713890075683594e+01 -2.014796066284179688e+01 -4.878971099853515625e+00 1.687582492828369141e+00 -3.493565559387207031e+00
1.264522247314453125e+02 2.338311767578125000e+01 -2.894717407226562500e+01 -5.057815909385681152e-01 -5.670488357543945312e+00 2.745336532592773438e+00
1.127363739013671875e+02 3.149621009826660156e+01 -2.340114212036132812e+01 -7.863777160644531250e+00 -5.729935765266418457e-01 -3.386606216430664062e+00
1.200410461425781250e+02 3.366704559326171875e+01 -2.582698631286621094e+01 -7.785789489746093750e+00 1.709782719612121582e+00 -3.712355136871337891e+00
1.279722518920898438e+02 2.786585426330566406e+01 -2.785764122009277344e+01 5.059105873107910156e+00 -3.288133382797241211e+00 3.525066375732421875e+00
9.874771881103515625e+01 2.369393348693847656e+01 -2.002321815490722656e+01 5.737685203552246094e+00 -2.565332889556884766e+00 2.859918832778930664e+00
1.090631942749023438e+02 2.428724861145019531e+01 -2.560680770874023438e+01 2.165656328201293945e+00 -6.029936313629150391e+00 2.578638553619384766e+00
1.125286407470703125e+02 3.315150833129882812e+01 -2.266149520874023438e+01 -1.418471574783325195e+00 2.596529006958007812e+00 -4.758408546447753906e+00
1.211814575195312500e+02 2.515602874755859375e+01 -2.802189254760742188e+01 4.038022518157958984e+00 -9.874514579772949219e+00 3.998754978179931641e+00
1.015971984863281250e+02 2.496021080017089844e+01 -1.994676589965820312e+01 6.798099994659423828e+00 -3.642818927764892578e+00 1.546193122863769531e+00
1.206515121459960938e+02 2.807870483398437500e+01 -2.442935180664062500e+01 4.238334178924560547e+00 -4.731225967407226562e+00 7.167174816131591797e-01
1.067089920043945312e+02 3.523185348510742188e+01 -2.087369918823242188e+01 -9.291419982910156250e+00 4.258043467998504639e-01 -3.981876134872436523e+00
1.231654434204101562e+02 2.352009582519531250e+01 -2.671159934997558594e+01 9.050937891006469727e-01 -4.790155887603759766e+00 3.728833436965942383e+00
1.045188217163085938e+02 3.458203506469726562e+01 -2.202556991577148438e+01 -7.311027526855468750e+00 -4.476175904273986816e-01 -4.016502380371093750e+00
1.189964828491210938e+02 2.718048095703125000e+01 -2.710400962829589844e+01 2.152910947799682617e+00 -4.678215503692626953e+00 1.367751121520996094e+00
1.221222686767578125e+02 2.775389289855957031e+01 -2.747310638427734375e+01 -2.231048583984375000e+00 -1.973467707633972168e+00 3.988228142261505127e-01
1.167434921264648438e+02 2.594221878051757812e+01 -2.716459274291992188e+01 -1.244258284568786621e+00 -1.430179953575134277e+00 2.117285490036010742e+00
1.245721588134765625e+02 2.795704269409179688e+01 -2.854643821716308594e+01 2.067262172698974609e+00 -1.514186501502990723e+00 1.633272051811218262e+00
1.170275268554687500e+02 2.412624359130859375e+01 -2.547939300537109375e+01 3.086755275726318359e+00 -3.219044208526611328e+00 2.074159383773803711e+00
1.147194671630859375e+02 2.817990112304687500e+01 -1.560879993438720703e+01 1.191588687896728516e+01 5.291841506958007812e+00 1.824078178405761719e+01
1.478526611328125000e+02 -1.378711223602294922e+01 -2.890661048889160156e+01 -6.959990978240966797e+00 7.702162742614746094e+00 1.472572517395019531e+01
1.446703491210937500e+02 -1.194428443908691406e+01 -2.880184173583984375e+01 -1.008219432830810547e+01 8.036696434020996094e+00 1.444949340820312500e+01
1.429071197509765625e+02 -1.124705410003662109e+01 -2.585540580749511719e+01 -8.471786499023437500e+00 8.347304344177246094e+00 1.422964191436767578e+01
1.481911468505859375e+02 -8.564743995666503906e+00 -2.963758468627929688e+01 -1.397777748107910156e+01 7.641197204589843750e+00 1.212303066253662109e+01
1.450991668701171875e+02 -1.350373077392578125e+01 -2.717776107788085938e+01 -8.282749176025390625e+00 8.484780311584472656e+00 1.437190055847167969e+01
1.474694366455078125e+02 -1.553322887420654297e+01 -2.854912567138671875e+01 -8.610901832580566406e+00 9.315332412719726562e+00 1.405986404418945312e+01
1.507860260009765625e+02 -1.376861953735351562e+01 -2.958741760253906250e+01 -1.079900074005126953e+01 6.952330589294433594e+00 1.399357700347900391e+01
1.471583862304687500e+02 -1.259691810607910156e+01 -3.209129333496093750e+01 -1.175354480743408203e+01 7.288115978240966797e+00 1.266050624847412109e+01
1.510988922119140625e+02 -1.317392635345458984e+01 -2.828290176391601562e+01 -9.826321601867675781e+00 8.226907730102539062e+00 1.449546909332275391e+01
1.417793884277343750e+02 -1.087347221374511719e+01 -2.894391250610351562e+01 -9.026161193847656250e+00 7.717185497283935547e+00 1.475172328948974609e+01
1.488128509521484375e+02 -1.395119953155517578e+01 -2.673991394042968750e+01 -8.202271461486816406e+00 9.139875411987304688e+00 1.576555252075195312e+01
1.512526855468750000e+02 -1.294131469726562500e+01 -2.993609428405761719e+01 -9.446878433227539062e+00 8.388896942138671875e+00 1.420197868347167969e+01
1.174855804443359375e+02 3.083537673950195312e+01 -1.578142929077148438e+01 1.214647674560546875e+01 6.606545925140380859e+00 1.719354438781738281e+01
1.271445159912109375e+02 3.022980880737304688e+01 -1.574162769317626953e+01 1.010470962524414062e+01 7.121016502380371094e+00 1.878314399719238281e+01
1.165156250000000000e+02 2.440780830383300781e+01 -1.572532176971435547e+01 1.287910652160644531e+01 6.866904258728027344e+00 1.897209548950195312e+01
1.278489074707031250e+02 2.616875839233398438e+01 -1.642734146118164062e+01 1.582278442382812500e+01 8.229676246643066406e+00 1.921730422973632812e+01
1.215215606689453125e+02 2.742990303039550781e+01 -1.802138900756835938e+01 9.045939445495605469e+00 5.536424160003662109e+00 1.637976455688476562e+01
1.224803009033203125e+02 2.767416954040527344e+01 -1.485548877716064453e+01 1.208158302307128906e+01 8.646088600158691406e+00 1.732422637939453125e+01
1.368191680908203125e+02 2.646197509765625000e+01 -2.260035705566406250e+01 8.960352897644042969e+00 5.726824283599853516e+00 1.572686862945556641e+01
1.189560165405273438e+02 2.698447990417480469e+01 -1.208587837219238281e+01 1.729751396179199219e+01 8.726019859313964844e+00 1.948277091979980469e+01
1.178501281738281250e+02 -7.606328964233398438e+00 -2.166390609741210938e+01 -1.018720340728759766e+01 1.306472682952880859e+01 6.845327377319335938e+00
1.127834701538085938e+02 -1.158186817169189453e+01 -2.062765693664550781e+01 -1.513324022293090820e+00 8.440759658813476562e+00 1.321413326263427734e+01
1.473251342773437500e+02 -1.062830066680908203e+01 -2.891185569763183594e+01 -1.013681221008300781e+01 6.673062801361083984e+00 1.261654186248779297e+01
1.502347564697265625e+02 -1.388871383666992188e+01 -2.900944900512695312e+01 -8.034597396850585938e+00 8.054660797119140625e+00 1.683675575256347656e+01
1.452279663085937500e+02 -5.914512634277343750e+00 -3.026914787292480469e+01 -9.426527023315429688e+00 1.024236011505126953e+01 1.132460498809814453e+01
1.469951934814453125e+02 -1.059089374542236328e+01 -2.711010551452636719e+01 -9.817477226257324219e+00 8.589315414428710938e+00 1.240537834167480469e+01
1.447096405029296875e+02 -1.371371936798095703e+01 -2.601493263244628906e+01 -7.492020130157470703e+00 8.802515983581542969e+00 1.434723758697509766e+01
1.450298461914062500e+02 -1.309644317626953125e+01 -2.735121345520019531e+01 -9.272634506225585938e+00 9.042470932006835938e+00 1.372126674652099609e+01
1.386572113037109375e+02 -1.217172908782958984e+01 -2.740087318420410156e+01 -7.162117958068847656e+00 8.577064514160156250e+00 1.355079078674316406e+01
1.451073455810546875e+02 -1.281851577758789062e+01 -2.787796211242675781e+01 -7.693060874938964844e+00 9.130756378173828125e+00 1.465237712860107422e+01
1.167719497680664062e+02 -9.655573844909667969e+00 -2.075859451293945312e+01 -4.618669033050537109e+00 7.308406352996826172e+00 1.109090995788574219e+01
1.470911254882812500e+02 -1.339604282379150391e+01 -2.637582588195800781e+01 -8.607906341552734375e+00 9.356484413146972656e+00 1.645262718200683594e+01
1.533405914306640625e+02 -1.302888202667236328e+01 -2.809129524230957031e+01 -9.873642921447753906e+00 9.210026741027832031e+00 1.599001979827880859e+01
1.474111938476562500e+02 -1.407430839538574219e+01 -2.803885459899902344e+01 -8.584118843078613281e+00 7.638959884643554688e+00 1.386385059356689453e+01
1.483122558593750000e+02 -1.247476100921630859e+01 -2.854182815551757812e+01 -7.967502593994140625e+00 8.197625160217285156e+00 1.272264194488525391e+01
1.433991546630859375e+02 -1.392071914672851562e+01 -2.830223274230957031e+01 -8.193738937377929688e+00 8.549584388732910156e+00 1.406839370727539062e+01
1.481000671386718750e+02 -1.476522541046142578e+01 -2.872124862670898438e+01 -9.365718841552734375e+00 1.037995052337646484e+01 1.429752349853515625e+01
1.422406616210937500e+02 -1.281901168823242188e+01 -2.651664161682128906e+01 -5.564715385437011719e+00 1.036483669281005859e+01 1.490190887451171875e+01
1.449873352050781250e+02 -1.348392200469970703e+01 -2.716445159912109375e+01 -7.531501770019531250e+00 9.082836151123046875e+00 1.524490547180175781e+01
1.548113250732421875e+02 -1.307708263397216797e+01 -3.107578468322753906e+01 -1.141643047332763672e+01 9.622855186462402344e+00 1.547673034667968750e+01
1.478316345214843750e+02 -1.430688190460205078e+01 -2.669045066833496094e+01 -7.767539501190185547e+00 8.916659355163574219e+00 1.502353382110595703e+01
1.484667053222656250e+02 -1.329080772399902344e+01 -2.926358604431152344e+01 -9.480239868164062500e+00 8.257757186889648438e+00 1.487462520599365234e+01
1.434764709472656250e+02 1.356663608551025391e+01 -5.977008819580078125e+01 1.095271396636962891e+01 1.615432357788085938e+01 6.428100109100341797e+00
1.468904113769531250e+02 1.535788059234619141e+01 -5.859244155883789062e+01 6.388063430786132812e+00 1.297919082641601562e+01 6.126048564910888672e+00
1.314263305664062500e+02 1.488197708129882812e+01 -6.244583511352539062e+01 1.222578525543212891e+01 2.221010589599609375e+01 4.453300952911376953e+00
1.518730468750000000e+02 1.534920883178710938e+01 -6.099429321289062500e+01 6.914247035980224609e+00 1.458618640899658203e+01 6.211912155151367188e+00
1.515708618164062500e+02 1.555433654785156250e+01 -6.224264144897460938e+01 5.239087581634521484e+00 1.581142616271972656e+01 8.094933509826660156e+00
1.568252716064453125e+02 1.604480552673339844e+01 -6.219757080078125000e+01 1.105938816070556641e+01 1.580052757263183594e+01 7.230191230773925781e+00
1.431159057617187500e+02 1.633494377136230469e+01 -5.981315994262695312e+01 1.042390155792236328e+01 1.743899726867675781e+01 3.946405649185180664e+00
1.463709564208984375e+02 1.541054344177246094e+01 -6.188542556762695312e+01 9.783990859985351562e+00 1.962628936767578125e+01 6.153502941131591797e+00
1.466786346435546875e+02 1.795333862304687500e+01 -6.025508880615234375e+01 8.704201698303222656e+00 1.823694038391113281e+01 4.206481456756591797e+00
1.408193054199218750e+02 1.496047306060791016e+01 -6.150820922851562500e+01 1.482967472076416016e+01 2.043152999877929688e+01 7.432102203369140625e+00
1.405313262939453125e+02 1.573926162719726562e+01 -5.719488143920898438e+01 1.177576351165771484e+01 1.817855262756347656e+01 6.816960811614990234e+00
1.448726196289062500e+02 1.643980789184570312e+01 -6.013286590576171875e+01 8.747456550598144531e+00 1.670799636840820312e+01 4.626345157623291016e+00
1.546203155517578125e+02 1.477125072479248047e+01 -6.206702423095703125e+01 9.056097030639648438e+00 1.704725074768066406e+01 6.499122619628906250e+00
1.514207000732421875e+02 1.775353813171386719e+01 -5.868297576904296875e+01 7.931095600128173828e+00 1.955841255187988281e+01 6.851996898651123047e+00
1.324592285156250000e+02 1.756668853759765625e+01 -5.778673171997070312e+01 1.000577926635742188e+01 2.362159729003906250e+01 1.200788617134094238e+00
1.249368057250976562e+02 1.725924110412597656e+01 -6.073488235473632812e+01 1.299557685852050781e+01 2.142536163330078125e+01 4.324698448181152344e+00
1.423299560546875000e+02 -1.421830177307128906e+01 -2.621007537841796875e+01 -8.022161483764648438e+00 8.719416618347167969e+00 1.492515373229980469e+01
1.529782562255859375e+02 -1.537208271026611328e+01 -3.081182861328125000e+01 -7.486622810363769531e+00 9.148448944091796875e+00 1.492175769805908203e+01
1.474781036376953125e+02 -1.207242870330810547e+01 -2.780605125427246094e+01 -9.968039512634277344e+00 6.109352111816406250e+00 1.336413669586181641e+01
1.541868591308593750e+02 -1.312051677703857422e+01 -2.962817382812500000e+01 -9.907835960388183594e+00 7.839652538299560547e+00 1.498961639404296875e+01
1.532397766113281250e+02 -1.424580097198486328e+01 -2.719781684875488281e+01 -9.959817886352539062e+00 8.444595336914062500e+00 1.497375965118408203e+01
1.505453338623046875e+02 -1.332547092437744141e+01 -2.936240386962890625e+01 -1.030122184753417969e+01 7.403352260589599609e+00 1.417325401306152344e+01
1.221976547241210938e+02 -1.154391574859619141e+01 -2.127080345153808594e+01 -3.308088779449462891e+00 8.128910064697265625e+00 1.317389869689941406e+01
1.196388702392578125e+02 -1.228455543518066406e+01 -2.120117950439453125e+01 -3.388004064559936523e+00 8.597368240356445312e+00 1.224414634704589844e+01
9.740923309326171875e+01 -7.824451923370361328e+00 -1.531461715698242188e+01 1.621864128112792969e+01 2.757875442504882812e+01 -4.348990440368652344e+00
1.123825912475585938e+02 -9.213026046752929688e+00 -1.386555767059326172e+01 2.013331604003906250e+01 2.673624420166015625e+01 -5.978109359741210938e+00
1.003917694091796875e+02 -1.050169849395751953e+01 -1.240436840057373047e+01 2.002078819274902344e+01 2.664497375488281250e+01 -2.829375743865966797e+00
1.039738082885742188e+02 -8.412875175476074219e+00 -1.629768371582031250e+01 2.132984542846679688e+01 2.439321136474609375e+01 -5.729339599609375000e+00
1.239719390869140625e+02 -1.118732261657714844e+01 -1.723660278320312500e+01 1.934005737304687500e+01 2.688088798522949219e+01 -1.812339425086975098e+00
8.950433349609375000e+01 -7.702328205108642578e+00 -1.347188282012939453e+01 1.927682495117187500e+01 2.314742660522460938e+01 -5.639892101287841797e+00
1.031112670898437500e+02 -8.842135429382324219e+00 -1.158973026275634766e+01 2.377795982360839844e+01 2.841425132751464844e+01 -7.631605148315429688e+00
1.151088485717773438e+02 -1.305301570892333984e+01 -1.617024040222167969e+01 1.700770378112792969e+01 2.702654075622558594e+01 -2.829544305801391602e+00
1.036641540527343750e+02 -1.258190631866455078e+01 -1.485081100463867188e+01 7.860788822174072266e+00 1.611745452880859375e+01 -2.052410364151000977e+00
1.416551971435546875e+02 1.643569946289062500e+01 -5.980363464355468750e+01 9.241237640380859375e+00 1.754589271545410156e+01 4.238453865051269531e+00
1.494145050048828125e+02 1.588006591796875000e+01 -5.904499053955078125e+01 7.081805706024169922e+00 1.382541561126708984e+01 7.568091869354248047e+00
1.501089324951171875e+02 1.474806976318359375e+01 -5.979491424560546875e+01 7.641492843627929688e+00 1.563894176483154297e+01 5.046303272247314453e+00
1.540963897705078125e+02 1.406232166290283203e+01 -5.944402694702148438e+01 1.173749351501464844e+01 1.693871307373046875e+01 6.597207069396972656e+00
1.196817169189453125e+02 1.029491138458251953e+01 -4.649059677124023438e+01 9.390459060668945312e+00 1.519723129272460938e+01 4.914793968200683594e+00
1.326010131835937500e+02 1.608007240295410156e+01 -5.899740600585937500e+01 1.547757530212402344e+01 2.022547531127929688e+01 5.787302494049072266e+00
1.514195251464843750e+02 1.534085273742675781e+01 -6.283056640625000000e+01 4.026900768280029297e+00 1.482648181915283203e+01 7.480873584747314453e+00
1.554875183105468750e+02 1.529054641723632812e+01 -6.288784408569335938e+01 6.578752517700195312e+00 1.529297447204589844e+01 7.559630870819091797e+00
9.450170135498046875e+01 -1.003752136230468750e+01 -1.626326751708984375e+01 1.004872798919677734e+00 1.547529411315917969e+01 -4.945706129074096680e-01
8.264607238769531250e+01 -9.606493949890136719e+00 -1.346608352661132812e+01 1.354056596755981445e+00 1.653849029541015625e+01 -5.649435520172119141e+00
8.988424682617187500e+01 -1.013126087188720703e+01 -1.023763561248779297e+01 1.236001873016357422e+01 1.807564544677734375e+01 -3.464391946792602539e+00
8.485910797119140625e+01 -1.192157077789306641e+01 -9.847973823547363281e+00 1.102841377258300781e+01 1.658082389831542969e+01 -1.782016396522521973e+00
9.527864837646484375e+01 -1.134983158111572266e+01 -1.358262538909912109e+01 6.429890155792236328e+00 1.722604179382324219e+01 -2.601220607757568359e+00
1.034723281860351562e+02 -1.011312103271484375e+01 -1.457208538055419922e+01 8.670126914978027344e+00 2.004194259643554688e+01 1.334301114082336426e+00
6.301732254028320312e+01 1.520797348022460938e+01 -3.545041656494140625e+01 1.868872833251953125e+01 1.493560981750488281e+01 1.075513839721679688e+01
5.694099807739257812e+01 1.452957916259765625e+01 -3.809151458740234375e+01 3.665426731109619141e+00 1.439557075500488281e+01 1.447152423858642578e+01
3.601584243774414062e+01 9.644145965576171875e+00 -3.417938232421875000e+01 -1.022543811798095703e+01 1.621395111083984375e+01 5.816081523895263672e+00
6.810379791259765625e+01 2.103963851928710938e+01 -3.792455291748046875e+01 -1.095800971984863281e+01 1.983786773681640625e+01 4.497168064117431641e+00
2.756699371337890625e+01 6.116518497467041016e+00 -2.863864517211914062e+01 -9.619395256042480469e+00 1.347336387634277344e+01 9.500311851501464844e+00
2.497927856445312500e+01 7.907638072967529297e+00 -2.606338500976562500e+01 -2.173094749450683594e+00 1.396732902526855469e+01 4.797921180725097656e+00
2.245753288269042969e+01 5.470430374145507812e+00 -2.602233123779296875e+01 -1.004728889465332031e+01 9.541709899902343750e+00 7.295620918273925781e+00
4.465555572509765625e+01 1.222898483276367188e+01 -3.521530151367187500e+01 -5.822493553161621094e+00 1.585998153686523438e+01 8.451510429382324219e+00
3.854845428466796875e+01 9.943766593933105469e+00 -3.139939308166503906e+01 -9.089476585388183594e+00 1.592750263214111328e+01 1.716452598571777344e+01
3.465951538085937500e+01 1.037172508239746094e+01 -3.053460693359375000e+01 -4.297546386718750000e+00 1.435270786285400391e+01 1.370639896392822266e+01
5.572428512573242188e+01 2.334970474243164062e+01 -2.406045532226562500e+01 5.043038368225097656e+00 1.686821937561035156e+01 -1.799852609634399414e+00
6.663994598388671875e+01 2.234760665893554688e+01 -2.596786880493164062e+01 5.160564422607421875e+00 1.788176345825195312e+01 2.594861602783203125e+01
4.656860733032226562e+01 9.605738639831542969e+00 -3.712352752685546875e+01 -1.203185653686523438e+01 1.723934364318847656e+01 2.566497230529785156e+01
9.331847381591796875e+01 2.539177131652832031e+01 -3.965365982055664062e+01 1.116291141510009766e+01 1.939083671569824219e+01 2.235453796386718750e+01
7.063291168212890625e+01 6.595549583435058594e+00 -4.245806121826171875e+01 -1.182523250579833984e+01 1.804896163940429688e+01 1.764960479736328125e+01
5.992567825317382812e+01 1.239115047454833984e+01 -4.349617004394531250e+01 -1.123065376281738281e+01 1.691719627380371094e+01 1.581100654602050781e+01
7.224977874755859375e+01 7.070879459381103516e+00 -4.854584503173828125e+01 -3.401880502700805664e+00 1.319088363647460938e+01 2.372411537170410156e+01
6.553321838378906250e+01 7.670821189880371094e+00 -4.715901565551757812e+01 -1.562001323699951172e+01 1.791458702087402344e+01 1.603500175476074219e+01
7.195543670654296875e+01 8.757020950317382812e+00 -4.881639480590820312e+01 -1.562144374847412109e+01 1.884808540344238281e+01 1.937603950500488281e+01
8.216553497314453125e+01 1.149457836151123047e+01 -4.870606231689453125e+01 -1.782910156250000000e+01 1.836652183532714844e+01 1.742631530761718750e+01
1.042536392211914062e+02 1.126471519470214844e+01 -5.363191223144531250e+01 -6.198256969451904297e+00 1.280817699432373047e+01 2.044771766662597656e+01
5.901182174682617188e+01 9.213346481323242188e+00 -4.205710601806640625e+01 -1.370782852172851562e+01 1.502927398681640625e+01 1.342671585083007812e+01
6.960282135009765625e+01 1.051293373107910156e+01 -4.051495361328125000e+01 -4.615980148315429688e+00 1.762595367431640625e+01 2.130291366577148438e+01
4.816331863403320312e+01 7.261449813842773438e+00 -3.751805496215820312e+01 -1.130143547058105469e+01 1.460850048065185547e+01 8.220244407653808594e+00
8.846483612060546875e+01 1.525436592102050781e+01 -5.029955291748046875e+01 -2.186256408691406250e+00 8.759184837341308594e+00 1.905938339233398438e+01
4.907073593139648438e+01 1.071924686431884766e+01 -4.124371337890625000e+01 -1.094709300994873047e+01 2.274027061462402344e+01 1.417846393585205078e+01
5.786960220336914062e+01 8.545857429504394531e+00 -4.234288024902343750e+01 -1.375588417053222656e+01 1.990135574340820312e+01 1.641642761230468750e+01
4.701877975463867188e+01 9.361598014831542969e+00 -4.095855331420898438e+01 -1.362012481689453125e+01 1.664611625671386719e+01 1.387810611724853516e+01
5.878638458251953125e+01 9.135140419006347656e+00 -4.280873870849609375e+01 -1.359408855438232422e+01 1.645705413818359375e+01 2.384259986877441406e+01
5.019601058959960938e+01 7.000240802764892578e+00 -4.137477111816406250e+01 -1.282576656341552734e+01 1.931785202026367188e+01 1.877556228637695312e+01
1.066811599731445312e+02 -1.191601657867431641e+01 -1.767811965942382812e+01 -2.057544946670532227e+00 1.587313079833984375e+01 -9.035599231719970703e-01
9.914619445800781250e+01 -1.120007324218750000e+01 -1.565540695190429688e+01 6.282593727111816406e+00 1.766807556152343750e+01 -5.302353382110595703e+00
8.938404846191406250e+01 -9.558397293090820312e+00 -1.492536067962646484e+01 -1.647662222385406494e-01 1.662416648864746094e+01 -3.209738254547119141e+00
3.105792045593261719e+01 7.743226051330566406e+00 -3.370795440673828125e+01 -9.078491210937500000e+00 1.545374965667724609e+01 1.473666381835937500e+01
2.639487838745117188e+01 6.598462581634521484e+00 -2.642127799987792969e+01 -6.923729419708251953e+00 1.393166542053222656e+01 7.980205535888671875e+00
3.702083587646484375e+01 1.167807579040527344e+01 -2.121921539306640625e+01 1.171811771392822266e+01 1.012598323822021484e+01 9.981800079345703125e+00
2.943640327453613281e+01 7.750236034393310547e+00 -2.961453056335449219e+01 -8.893251419067382812e+00 1.499035453796386719e+01 3.147488117218017578e+00
4.644768905639648438e+01 1.774527168273925781e+01 -3.600136184692382812e+01 1.833073943853378296e-01 1.620597267150878906e+01 1.640919113159179688e+01
6.430696105957031250e+01 3.539938449859619141e+00 -4.266827011108398438e+01 6.946007728576660156e+00 1.374592876434326172e+01 3.376261901855468750e+01
4.795415115356445312e+01 1.076387882232666016e+01 -3.315912246704101562e+01 9.988165497779846191e-01 1.241184139251708984e+01 1.524708461761474609e+01
6.396785736083984375e+01 2.031644821166992188e+01 -3.844821166992187500e+01 -1.623301863670349121e+00 1.168150424957275391e+01 1.388809680938720703e+01
5.291435623168945312e+01 1.408147335052490234e+01 -3.613916778564453125e+01 -3.751349747180938721e-01 1.756463432312011719e+01 1.810720252990722656e+01
6.926718902587890625e+01 1.631555366516113281e+01 -4.080727386474609375e+01 6.993684768676757812e+00 1.306537532806396484e+01 1.581835460662841797e+01
3.039080047607421875e+01 5.572374820709228516e+00 -3.109236907958984375e+01 -1.055922603607177734e+01 1.404797077178955078e+01 1.338546276092529297e+01
2.666096305847167969e+01 7.093448638916015625e+00 -2.765936088562011719e+01 -8.427187919616699219e+00 1.361087322235107422e+01 1.195808029174804688e+01
5.692240142822265625e+01 1.653081321716308594e+01 -3.807499694824218750e+01 3.714140176773071289e+00 1.382225704193115234e+01 2.436565208435058594e+01
3.410395431518554688e+01 7.494150638580322266e+00 -3.493010330200195312e+01 -8.942214965820312500e+00 1.615423011779785156e+01 1.262854194641113281e+01
6.750915527343750000e+01 8.930720329284667969e+00 -4.315343475341796875e+01 1.225253486633300781e+01 1.213182449340820312e+01 2.134954071044921875e+01
2.147099494934082031e+01 4.162363529205322266e+00 -2.240629386901855469e+01 -6.284465312957763672e+00 1.037602806091308594e+01 8.319011688232421875e+00
3.472037124633789062e+01 7.434178352355957031e+00 -3.491594696044921875e+01 -7.153939723968505859e+00 1.445091915130615234e+01 1.601098632812500000e+01
3.159707069396972656e+01 1.118127250671386719e+01 -2.370388793945312500e+01 -2.653419971466064453e+00 4.394297122955322266e+00 1.002042102813720703e+01
2.704452133178710938e+01 4.067718505859375000e+00 -2.751575279235839844e+01 -1.257582283020019531e+01 1.009755706787109375e+01 1.141760349273681641e+01
