1.069321899414062500e+02 1.684537124633789062e+01 5.187071990966796875e+01 2.619982337951660156e+01
9.619277191162109375e+01 1.460962104797363281e+01 4.066875457763671875e+01 2.441970634460449219e+01
1.012724761962890625e+02 1.341277885437011719e+01 4.995294570922851562e+01 2.384770584106445312e+01
1.317285919189453125e+02 2.859484672546386719e+01 1.132307147979736328e+01 6.612908363342285156e+00
1.237440719604492188e+02 2.635041046142578125e+01 1.136301708221435547e+01 8.216349601745605469e+00
1.266082382202148438e+02 2.819294738769531250e+01 8.728811264038085938e+00 8.174540519714355469e+00
1.018582534790039062e+02 2.692208862304687500e+01 -5.926141262054443359e+00 9.228878974914550781e+00
1.150132293701171875e+02 2.854866790771484375e+01 9.847481727600097656e+00 5.146381855010986328e+00
1.245909194946289062e+02 2.714648246765136719e+01 1.092248535156250000e+01 7.645033836364746094e+00
1.149938735961914062e+02 2.839111518859863281e+01 6.916975021362304688e+00 7.256760597229003906e+00
1.271318740844726562e+02 2.914970779418945312e+01 1.327780055999755859e+01 7.808558940887451172e+00
1.234551010131835938e+02 2.708428192138671875e+01 4.257813930511474609e+00 7.853520870208740234e+00
8.475303649902343750e+01 9.565996170043945312e+00 4.590711975097656250e+01 2.536432075500488281e+01
8.878121185302734375e+01 1.325118160247802734e+01 4.850107192993164062e+01 2.621182632446289062e+01
1.048406372070312500e+02 1.402438545227050781e+01 4.836285018920898438e+01 2.491190147399902344e+01
9.616860198974609375e+01 1.254708862304687500e+01 5.004729843139648438e+01 2.644977378845214844e+01
8.696900939941406250e+01 1.125041580200195312e+01 4.188239669799804688e+01 2.631353759765625000e+01
8.649464416503906250e+01 1.179616260528564453e+01 4.657743453979492188e+01 2.467300033569335938e+01
9.105166625976562500e+01 1.477599048614501953e+01 4.735652160644531250e+01 2.789661216735839844e+01
1.124891815185546875e+02 1.552913379669189453e+01 5.527104568481445312e+01 2.602063751220703125e+01
9.470135498046875000e+01 1.702720832824707031e+01 5.163007354736328125e+01 2.862561798095703125e+01
8.144233703613281250e+01 1.485108184814453125e+01 4.412720489501953125e+01 2.220742607116699219e+01
9.551404571533203125e+01 1.465223598480224609e+01 4.350972747802734375e+01 2.197677421569824219e+01
1.110598068237304688e+02 1.497570514678955078e+01 4.943003845214843750e+01 2.255242156982421875e+01
1.354469757080078125e+02 2.922050285339355469e+01 1.437897014617919922e+01 6.051311969757080078e+00
1.284113769531250000e+02 2.638022994995117188e+01 8.900881767272949219e+00 9.480312347412109375e+00
1.233269500732421875e+02 3.022148513793945312e+01 7.382776737213134766e+00 1.005032348632812500e+01
1.228927536010742188e+02 2.453165435791015625e+01 6.126472473144531250e+00 9.999852180480957031e+00
1.118036041259765625e+02 2.477903366088867188e+01 1.112896203994750977e+00 7.490511417388916016e+00
1.201649322509765625e+02 2.996164131164550781e+01 1.250479888916015625e+01 3.370946645736694336e+00
1.210883255004882812e+02 2.728619575500488281e+01 4.845187664031982422e+00 8.355361938476562500e+00
1.273866119384765625e+02 2.926655578613281250e+01 1.380153656005859375e+01 8.580895423889160156e+00
1.198024291992187500e+02 3.245896911621093750e+01 1.263048171997070312e+01 3.300691127777099609e+00
1.312630920410156250e+02 2.835431671142578125e+01 9.574770927429199219e+00 7.314894676208496094e+00
1.261905212402343750e+02 3.131432723999023438e+01 1.172908687591552734e+01 7.607579231262207031e+00
1.150632553100585938e+02 3.084181976318359375e+01 3.146906375885009766e+00 7.939261436462402344e+00
1.145362930297851562e+02 2.479411506652832031e+01 9.519983291625976562e+00 5.964580059051513672e+00
1.183908386230468750e+02 2.313755416870117188e+01 9.093677520751953125e+00 7.883490085601806641e+00
1.174081649780273438e+02 3.152597427368164062e+01 6.766472339630126953e+00 6.665700912475585938e+00
1.247994766235351562e+02 2.560054969787597656e+01 7.662775516510009766e+00 9.183084487915039062e+00
9.771845245361328125e+01 2.504037284851074219e+01 1.255027532577514648e+00 7.463670730590820312e+00
1.209103698730468750e+02 2.635968971252441406e+01 6.524483203887939453e+00 8.120458602905273438e+00
1.181299057006835938e+02 2.534075927734375000e+01 7.457608222961425781e+00 9.084264755249023438e+00
1.210209121704101562e+02 2.710185432434082031e+01 7.802270889282226562e+00 8.218413352966308594e+00
1.613575897216796875e+02 3.780358123779296875e+01 3.642376708984375000e+01 1.399152565002441406e+01
1.522765045166015625e+02 2.781549072265625000e+01 3.061374473571777344e+01 2.188454818725585938e+01
1.437812652587890625e+02 3.615594100952148438e+01 2.971737098693847656e+01 1.723793601989746094e+01
1.163189620971679688e+02 4.197301483154296875e+01 2.980841636657714844e+01 1.610232353210449219e+01
1.314936370849609375e+02 3.774663925170898438e+01 2.896490669250488281e+01 1.537746143341064453e+01
1.225420837402343750e+02 3.828761291503906250e+01 3.035237121582031250e+01 1.096848106384277344e+01
1.266593551635742188e+02 3.378550720214843750e+01 3.131431961059570312e+01 1.827542114257812500e+01
1.323410491943359375e+02 3.938829040527343750e+01 3.463467788696289062e+01 2.237342834472656250e+01
1.444535064697265625e+02 3.384128570556640625e+01 3.622212600708007812e+01 1.591492843627929688e+01
1.334035034179687500e+02 4.503964614868164062e+01 2.924873161315917969e+01 1.840664100646972656e+01
1.444111328125000000e+02 2.976610183715820312e+01 3.388952255249023438e+01 1.591279506683349609e+01
1.478244018554687500e+02 4.053516006469726562e+01 3.302937698364257812e+01 1.426236248016357422e+01
1.370828094482421875e+02 3.520528030395507812e+01 3.047189903259277344e+01 1.650172042846679688e+01
1.577094573974609375e+02 3.606199645996093750e+01 3.445780181884765625e+01 2.237182617187500000e+01
1.132892150878906250e+02 3.393728637695312500e+01 2.458301734924316406e+01 1.803622055053710938e+01
1.529488372802734375e+02 3.514998626708984375e+01 3.176659965515136719e+01 1.527449417114257812e+01
1.556340637207031250e+02 2.992422866821289062e+01 3.718866729736328125e+01 1.241699409484863281e+01
1.363171386718750000e+02 4.028345489501953125e+01 2.601579284667968750e+01 1.824295234680175781e+01
1.501501159667968750e+02 3.285587692260742188e+01 3.550149154663085938e+01 1.012505149841308594e+01
1.510657043457031250e+02 3.518909835815429688e+01 4.175341796875000000e+01 1.575903797149658203e+01
1.462461090087890625e+02 2.922980499267578125e+01 3.535046768188476562e+01 1.995139694213867188e+01
1.293147430419921875e+02 3.853265380859375000e+01 3.133752822875976562e+01 1.734978103637695312e+01
8.780261230468750000e+01 1.170868158340454102e+00 8.037460327148437500e+00 3.956684875488281250e+01
1.411977081298828125e+02 -4.951099872589111328e+00 1.950281524658203125e+01 3.944944763183593750e+01
1.253337478637695312e+02 -7.711160182952880859e-02 1.778723144531250000e+01 4.693643569946289062e+01
1.024305801391601562e+02 2.465377807617187500e+00 1.342797088623046875e+01 3.462253952026367188e+01
1.335776824951171875e+02 -5.370560288429260254e-01 1.742547988891601562e+01 4.318579864501953125e+01
1.324191436767578125e+02 1.407228946685791016e+00 1.962568664550781250e+01 3.674372863769531250e+01
1.365563964843750000e+02 -7.423560142517089844e+00 1.628764533996582031e+01 3.716265869140625000e+01
1.424456939697265625e+02 -2.749127626419067383e+00 2.140278053283691406e+01 3.844718933105468750e+01
1.331337432861328125e+02 -3.868839025497436523e+00 1.654130172729492188e+01 3.694904327392578125e+01
8.447999572753906250e+01 2.202517986297607422e+00 7.989478111267089844e+00 4.761770248413085938e+01
1.183406753540039062e+02 -4.742372989654541016e+00 1.151625156402587891e+01 4.035005950927734375e+01
1.373959808349609375e+02 -2.228552103042602539e+00 1.382159709930419922e+01 4.208203887939453125e+01
1.088168182373046875e+02 -4.826157569885253906e+00 1.008538341522216797e+01 4.759724044799804688e+01
1.303655853271484375e+02 -1.604574203491210938e+00 1.308291339874267578e+01 3.847312927246093750e+01
8.988428497314453125e+01 1.404059171676635742e+00 4.145780563354492188e+00 3.910578536987304688e+01
8.480741882324218750e+01 -3.657178878784179688e-01 3.537402153015136719e+00 3.338695526123046875e+01
9.956156921386718750e+01 2.939570903778076172e+00 1.122015476226806641e+01 4.211940383911132812e+01
1.079051437377929688e+02 2.597856140136718750e+01 1.958407974243164062e+01 6.217796325683593750e+00
1.070390167236328125e+02 2.413724517822265625e+01 1.860177230834960938e+01 8.264712333679199219e+00
1.146648330688476562e+02 2.912206649780273438e+01 2.179508781433105469e+01 4.330140590667724609e+00
1.363914337158203125e+02 2.724966812133789062e+01 2.973816299438476562e+01 7.701639652252197266e+00
1.048944931030273438e+02 2.217762565612792969e+01 1.897862243652343750e+01 8.777416229248046875e+00
9.936874389648437500e+01 3.209874725341796875e+01 1.971502685546875000e+01 3.376641750335693359e+00
1.264936752319335938e+02 2.452017593383789062e+01 2.718131256103515625e+01 4.624702453613281250e+00
1.127530517578125000e+02 3.210611724853515625e+01 2.353228569030761719e+01 1.618213534355163574e+00
1.200467071533203125e+02 3.421757888793945312e+01 2.564728736877441406e+01 2.780584573745727539e+00
1.280124664306640625e+02 2.925018310546875000e+01 2.409412765502929688e+01 9.314702987670898438e+00
9.877992248535156250e+01 2.466279983520507812e+01 1.677649879455566406e+01 7.614340782165527344e+00
1.091042327880859375e+02 2.546284866333007812e+01 2.310693359375000000e+01 5.199377059936523438e+00
1.125293655395507812e+02 3.385565567016601562e+01 2.005945777893066406e+01 5.649580955505371094e+00
1.212361602783203125e+02 2.679942131042480469e+01 2.436058425903320312e+01 4.956773281097412109e+00
1.016343994140625000e+02 2.610362052917480469e+01 1.619254302978515625e+01 7.606360912322998047e+00
1.206935882568359375e+02 2.935620689392089844e+01 2.088565444946289062e+01 6.381620407104492188e+00
1.067298583984375000e+02 3.590312194824218750e+01 2.195062065124511719e+01 1.608027577400207520e+00
1.232062759399414062e+02 2.460603904724121094e+01 2.465550422668457031e+01 5.415672302246093750e+00
1.045290145874023438e+02 3.527637100219726562e+01 2.155855178833007812e+01 1.206491351127624512e+00
1.190376129150390625e+02 2.835852432250976562e+01 2.463770866394042969e+01 6.699116230010986328e+00
1.221542129516601562e+02 2.868218040466308594e+01 2.639757156372070312e+01 5.565784454345703125e+00
1.167670059204101562e+02 2.672736930847167969e+01 2.577242469787597656e+01 5.583508491516113281e+00
1.246099243164062500e+02 2.907469367980957031e+01 2.638015747070312500e+01 9.260918617248535156e+00
1.170603027343750000e+02 2.516299438476562500e+01 2.270849418640136719e+01 6.846635818481445312e+00
1.146384048461914062e+02 2.785119056701660156e+01 8.176992416381835938e+00 5.227086544036865234e+00
1.478165435791015625e+02 -1.449208354949951172e+01 2.870332336425781250e+01 7.196373939514160156e-01
1.446406707763671875e+02 -1.289274311065673828e+01 3.007502937316894531e+01 -9.044068455696105957e-01
1.428772430419921875e+02 -1.213705825805664062e+01 2.690776443481445312e+01 1.984908133745193481e-01
1.481713867187500000e+02 -9.438509941101074219e+00 3.267572021484375000e+01 -1.289336085319519043e+00
1.450724792480468750e+02 -1.435548686981201172e+01 2.822044372558593750e+01 7.799996137619018555e-01
1.474334259033203125e+02 -1.642168807983398438e+01 2.936065483093261719e+01 1.120070338249206543e+00
1.507583312988281250e+02 -1.459579944610595703e+01 3.108965873718261719e+01 -1.377255201339721680e+00
1.471390533447265625e+02 -1.342479419708251953e+01 3.420900726318359375e+01 -1.937087774276733398e-01
1.510660552978515625e+02 -1.402458858489990234e+01 2.958171272277832031e+01 -2.316473275423049927e-01
1.417534179687500000e+02 -1.180454349517822266e+01 3.005684280395507812e+01 -2.046752125024795532e-01
1.487768402099609375e+02 -1.473470115661621094e+01 2.752571105957031250e+01 8.081175684928894043e-01
1.512241821289062500e+02 -1.380846881866455078e+01 3.129951095581054688e+01 7.472390532493591309e-01
1.174187316894531250e+02 3.034356307983398438e+01 9.399652481079101562e+00 7.026335716247558594e+00
1.270617675781250000e+02 2.978351020812988281e+01 9.310598373413085938e+00 5.478138923645019531e+00
1.164470062255859375e+02 2.390085792541503906e+01 8.981779098510742188e+00 7.396337032318115234e+00
1.277551651000976562e+02 2.571429634094238281e+01 7.796483039855957031e+00 8.609664916992187500e+00
1.214587097167968750e+02 2.694482612609863281e+01 1.264968967437744141e+01 5.733573913574218750e+00
1.223955535888671875e+02 2.707948112487792969e+01 7.949401855468750000e+00 7.326344013214111328e+00
1.367567443847656250e+02 2.609135818481445312e+01 1.684438323974609375e+01 7.138878822326660156e+00
1.188612823486328125e+02 2.638129425048828125e+01 2.731493949890136719e+00 8.297387123107910156e+00
1.177974700927734375e+02 -8.808047294616699219e+00 2.288920021057128906e+01 5.170267820358276367e-01
1.127510528564453125e+02 -1.217051601409912109e+01 1.944113540649414062e+01 3.675682544708251953e+00
1.473047485351562500e+02 -1.136964511871337891e+01 3.040365219116210938e+01 -6.419116258621215820e-01
1.502073211669921875e+02 -1.474302482604980469e+01 2.981318664550781250e+01 6.499046683311462402e-01
1.452103118896484375e+02 -6.736607074737548828e+00 3.220146179199218750e+01 3.746866226196289062e+00
1.469634704589843750e+02 -1.137671470642089844e+01 2.838927459716796875e+01 6.318221986293792725e-02
1.446708374023437500e+02 -1.449162483215332031e+01 2.624798393249511719e+01 4.823947250843048096e-01
1.449904785156250000e+02 -1.391314983367919922e+01 2.834243965148925781e+01 4.217194616794586182e-01
1.386280364990234375e+02 -1.293961811065673828e+01 2.779561805725097656e+01 1.702998042106628418e+00
1.450737152099609375e+02 -1.366711711883544922e+01 2.847292327880859375e+01 9.573889374732971191e-01
1.167411956787109375e+02 -1.029435825347900391e+01 2.057744598388671875e+01 1.300321698188781738e+00
1.470559844970703125e+02 -1.431908512115478516e+01 2.741615867614746094e+01 4.762463867664337158e-01
1.533011474609375000e+02 -1.399254512786865234e+01 2.923719215393066406e+01 -5.863024592399597168e-01
1.473797302246093750e+02 -1.487072372436523438e+01 2.886825561523437500e+01 8.777372539043426514e-02
1.482845306396484375e+02 -1.322760391235351562e+01 2.921146583557128906e+01 1.405429601669311523e+00
1.433646697998046875e+02 -1.472838783264160156e+01 2.899120521545410156e+01 8.913492560386657715e-01
1.480583038330078125e+02 -1.570851039886474609e+01 2.968393135070800781e+01 1.204478383064270020e+00
1.422066192626953125e+02 -1.364777565002441406e+01 2.659918022155761719e+01 2.991654872894287109e+00
1.449535827636718750e+02 -1.428652191162109375e+01 2.760778999328613281e+01 1.441069841384887695e+00
1.547727508544921875e+02 -1.408556556701660156e+01 3.262445068359375000e+01 -1.045461669564247131e-01
1.478009185791015625e+02 -1.515012168884277344e+01 2.739499664306640625e+01 9.693088531494140625e-01
1.484346160888671875e+02 -1.415021514892578125e+01 3.041122817993164062e+01 -4.735167697072029114e-02
1.433607330322265625e+02 1.358744716644287109e+01 4.927217483520507812e+01 2.183352851867675781e+01
1.467914123535156250e+02 1.515568733215332031e+01 5.021299743652343750e+01 1.695261192321777344e+01
1.312768554687500000e+02 1.416700744628906250e+01 5.026152420043945312e+01 2.497598648071289062e+01
1.517638854980468750e+02 1.516947746276855469e+01 5.200809478759765625e+01 1.810716438293457031e+01
1.514601287841796875e+02 1.520351791381835938e+01 5.395143508911132812e+01 1.812836456298828125e+01
1.567046508789062500e+02 1.610454750061035156e+01 5.122255706787109375e+01 2.093046760559082031e+01
1.430003814697265625e+02 1.615938949584960938e+01 4.952817153930664062e+01 2.202302551269531250e+01
1.462605590820312500e+02 1.520458889007568359e+01 5.258296966552734375e+01 2.428466415405273438e+01
1.465622253417968750e+02 1.759833717346191406e+01 5.068254470825195312e+01 2.135570144653320312e+01
1.406770172119140625e+02 1.472110748291015625e+01 4.866024017333984375e+01 2.551503372192382812e+01
1.404032897949218750e+02 1.545742893218994141e+01 4.619728851318359375e+01 2.112504959106445312e+01
1.447473907470703125e+02 1.627453804016113281e+01 4.985287475585937500e+01 1.974164009094238281e+01
1.544936065673828125e+02 1.449471092224121094e+01 5.195337295532226562e+01 2.065754699707031250e+01
1.512830657958984375e+02 1.726223564147949219e+01 4.896559143066406250e+01 2.029538154602050781e+01
1.323145141601562500e+02 1.693389701843261719e+01 4.717101669311523438e+01 2.384701156616210938e+01
1.247963180541992188e+02 1.667299652099609375e+01 4.882431793212890625e+01 2.441222953796386719e+01
1.422972564697265625e+02 -1.493123054504394531e+01 2.674510765075683594e+01 1.211733937263488770e+00
1.529501190185546875e+02 -1.628042602539062500e+01 3.142291450500488281e+01 1.787652492523193359e+00
1.474552001953125000e+02 -1.277599906921386719e+01 2.922695159912109375e+01 -1.381338119506835938e+00
1.541567535400390625e+02 -1.399095535278320312e+01 3.094760513305664062e+01 -3.105970025062561035e-01
1.532071685791015625e+02 -1.514406108856201172e+01 2.860979080200195312e+01 -7.796713709831237793e-01
1.505186462402343750e+02 -1.415356636047363281e+01 3.083872413635253906e+01 -7.351577281951904297e-01
1.221624450683593750e+02 -1.215251064300537109e+01 2.035095405578613281e+01 2.283497095108032227e+00
1.196046142578125000e+02 -1.289211750030517578e+01 2.050454139709472656e+01 2.849039316177368164e+00
9.735974884033203125e+01 -7.786618709564208984e+00 9.945043563842773438e+00 3.360651397705078125e+01
1.123164749145507812e+02 -8.849919319152832031e+00 5.978226661682128906e+00 3.427554321289062500e+01
1.003262329101562500e+02 -1.028375339508056641e+01 4.978926181793212891e+00 3.302317810058593750e+01
1.039211273193359375e+02 -7.877765178680419922e+00 7.977324485778808594e+00 3.426673126220703125e+01
1.239089584350585938e+02 -1.087395191192626953e+01 9.694997787475585938e+00 3.462462997436523438e+01
8.945175933837890625e+01 -7.493158340454101562e+00 6.376744270324707031e+00 3.023243331909179688e+01
1.030476760864257812e+02 -8.782631874084472656e+00 2.874407768249511719e+00 3.601388931274414062e+01
1.150543518066406250e+02 -1.303607749938964844e+01 9.976408004760742188e+00 3.357690429687500000e+01
1.036271133422851562e+02 -1.252548408508300781e+01 1.103257179260253906e+01 1.992770385742187500e+01
1.415379333496093750e+02 1.615913963317871094e+01 5.008986663818359375e+01 2.114699554443359375e+01
1.493080749511718750e+02 1.570087528228759766e+01 5.007861709594726562e+01 1.753502655029296875e+01
1.499995574951171875e+02 1.460745716094970703e+01 5.063272857666015625e+01 1.961930465698242188e+01
1.539726257324218750e+02 1.379613018035888672e+01 4.856040954589843750e+01 2.054973220825195312e+01
1.195771865844726562e+02 9.984539031982421875e+00 3.776874160766601562e+01 1.740122604370117188e+01
1.324617462158203125e+02 1.584874343872070312e+01 4.618214797973632812e+01 2.474556350708007812e+01
1.513206939697265625e+02 1.511604690551757812e+01 5.516913223266601562e+01 1.819641876220703125e+01
1.553811187744140625e+02 1.514080333709716797e+01 5.407038116455078125e+01 1.879978370666503906e+01
9.446269226074218750e+01 -1.046967983245849609e+01 1.513507366180419922e+01 1.537754440307617188e+01
8.261483764648437500e+01 -1.019388389587402344e+01 1.292672634124755859e+01 1.646434402465820312e+01
8.984580230712890625e+01 -1.019147300720214844e+01 5.748773097991943359e+00 2.220251846313476562e+01
8.481428527832031250e+01 -1.192430591583251953e+01 5.256481170654296875e+00 2.010152816772460938e+01
9.523686981201171875e+01 -1.154069137573242188e+01 1.085064220428466797e+01 1.884863853454589844e+01
1.034194183349609375e+02 -1.008387184143066406e+01 1.057783508300781250e+01 2.258562850952148438e+01
6.303769302368164062e+01 1.596628379821777344e+01 2.914944839477539062e+01 2.431893920898437500e+01
5.689805221557617188e+01 1.401420688629150391e+01 3.560466003417968750e+01 1.432758235931396484e+01
3.593841934204101562e+01 8.390063285827636719e+00 3.542589569091796875e+01 6.774860858917236328e+00
6.804090118408203125e+01 1.966869354248046875e+01 3.979378890991210938e+01 1.053152084350585938e+01
2.750636482238769531e+01 5.118893623352050781e+00 2.985707283020019531e+01 5.739352226257324219e+00
2.490173912048339844e+01 7.037804126739501953e+00 2.408466148376464844e+01 6.236551761627197266e+00
2.240876197814941406e+01 4.626689910888671875e+00 2.721679878234863281e+01 2.517682790756225586e+00
4.455763244628906250e+01 1.138940238952636719e+01 3.213977432250976562e+01 7.064538478851318359e+00
3.845601272583007812e+01 9.058523178100585938e+00 3.097643089294433594e+01 5.910858631134033203e+00
3.458621215820312500e+01 9.964365959167480469e+00 2.883473014831542969e+01 6.093389034271240234e+00
5.568580627441406250e+01 2.313001632690429688e+01 2.068420028686523438e+01 1.499915599822998047e+01
6.656301116943359375e+01 2.336760330200195312e+01 2.115139961242675781e+01 1.640847206115722656e+01
4.645359420776367188e+01 8.873731613159179688e+00 3.691704177856445312e+01 4.101819515228271484e+00
9.325051879882812500e+01 2.589006423950195312e+01 3.291629028320312500e+01 2.020234298706054688e+01
7.053168487548828125e+01 5.495614528656005859e+00 4.096116638183593750e+01 8.283339500427246094e+00
5.981892013549804688e+01 1.086529827117919922e+01 4.254544448852539062e+01 6.046087265014648438e+00
7.219036865234375000e+01 6.343173503875732422e+00 4.616225433349609375e+01 9.703465461730957031e+00
6.542484283447265625e+01 6.345441818237304688e+00 4.715073394775390625e+01 3.684951782226562500e+00
7.184661865234375000e+01 7.536334991455078125e+00 4.853537368774414062e+01 6.105309009552001953e+00
8.205290222167968750e+01 1.030322551727294922e+01 4.862045669555664062e+01 3.584589958190917969e+00
1.041966323852539062e+02 1.081304454803466797e+01 5.170790100097656250e+01 1.093719387054443359e+01
5.891889190673828125e+01 8.130832672119140625e+00 4.169462966918945312e+01 3.630099773406982422e+00
6.954463195800781250e+01 9.261009216308593750e+00 3.963972091674804688e+01 1.215367317199707031e+01
4.808267211914062500e+01 6.179843902587890625e+00 3.717177200317382812e+01 4.555585861206054688e+00
8.845603179931640625e+01 1.511306190490722656e+01 4.855487060546875000e+01 1.188777160644531250e+01
4.894669723510742188e+01 8.960190773010253906e+00 4.000787353515625000e+01 5.638448715209960938e+00
5.775208282470703125e+01 7.052275657653808594e+00 4.115723419189453125e+01 3.052491426467895508e+00
4.692999649047851562e+01 8.171589851379394531e+00 4.136466598510742188e+01 3.680715560913085938e+00
5.866191101074218750e+01 8.239523887634277344e+00 4.118814468383789062e+01 2.654381990432739258e+00
5.008164215087890625e+01 5.623201370239257812e+00 3.996564483642578125e+01 3.651476383209228516e+00
1.066476058959960938e+02 -1.236320114135742188e+01 1.780962753295898438e+01 1.517581367492675781e+01
9.911247253417968750e+01 -1.137360572814941406e+01 1.302808189392089844e+01 2.059523391723632812e+01
8.935087585449218750e+01 -1.002577304840087891e+01 1.473653411865234375e+01 1.579386234283447266e+01
3.098986053466796875e+01 6.678423404693603516e+00 3.426441574096679688e+01 6.020437240600585938e+00
2.633498573303222656e+01 5.743992805480957031e+00 2.691384887695312500e+01 6.015940189361572266e+00
3.698104095458984375e+01 1.144868183135986328e+01 1.555398082733154297e+01 1.208456516265869141e+01
2.937052345275878906e+01 6.868818283081054688e+00 3.067658042907714844e+01 5.930012702941894531e+00
4.640871810913085938e+01 1.674515724182128906e+01 3.523615264892578125e+01 1.395642662048339844e+01
6.429463195800781250e+01 3.177410840988159180e+00 4.007404327392578125e+01 2.192714881896972656e+01
4.793401336669921875e+01 9.841713905334472656e+00 3.284799957275390625e+01 1.403644847869873047e+01
6.394016647338867188e+01 1.920615386962890625e+01 3.730846786499023438e+01 9.968028068542480469e+00
5.287268447875976562e+01 1.315508937835693359e+01 3.578643035888671875e+01 1.542819309234619141e+01
6.925727081298828125e+01 1.519707202911376953e+01 3.852235412597656250e+01 1.784112739562988281e+01
3.032463455200195312e+01 4.540257930755615234e+00 3.264916992187500000e+01 6.924726963043212891e+00
2.660796737670898438e+01 6.098478317260742188e+00 2.890479278564453125e+01 6.550498008728027344e+00
5.690598297119140625e+01 1.503342247009277344e+01 3.753076171875000000e+01 1.606039428710937500e+01
3.404113769531250000e+01 6.539040565490722656e+00 3.568085861206054688e+01 9.189902305603027344e+00
6.752886199951171875e+01 8.433809280395507812e+00 4.023950958251953125e+01 2.473901939392089844e+01
2.142573356628417969e+01 3.568817138671875000e+00 2.267617988586425781e+01 4.608193397521972656e+00
3.464213180541992188e+01 6.848468780517578125e+00 3.468737030029296875e+01 8.474085807800292969e+00
3.157453155517578125e+01 1.083767414093017578e+01 2.286087989807128906e+01 4.285286426544189453e+00
2.698801231384277344e+01 3.437263011932373047e+00 2.932449913024902344e+01 1.930841684341430664e+00
