1.069699554443359375e+02 1.703572082519531250e+01 6.031022262573242188e+01 2.076119613647460938e+01 -7.373339176177978516e+00 -1.346735763549804688e+01 1.322684764862060547e+01 9.562031745910644531e+00
9.627236938476562500e+01 1.524423980712890625e+01 5.107463073730468750e+01 2.484605789184570312e+01 -9.924759864807128906e+00 -7.533274173736572266e+00 1.260546207427978516e+01 8.468107223510742188e+00
1.013140640258789062e+02 1.402207088470458984e+01 5.716475677490234375e+01 1.870804023742675781e+01 -8.263371467590332031e+00 -1.357581424713134766e+01 1.032808589935302734e+01 1.993157577514648438e+01
1.318220520019531250e+02 2.999215698242187500e+01 1.735997200012207031e+01 1.336372280120849609e+01 -4.081721305847167969e+00 -1.781133842468261719e+01 3.041922569274902344e+01 9.002303123474121094e+00
1.238174667358398438e+02 2.742346191406250000e+01 1.717213630676269531e+01 1.421352291107177734e+01 -2.609264135360717773e+00 -1.570437622070312500e+01 2.224145698547363281e+01 8.143198966979980469e+00
1.266833496093750000e+02 2.915196800231933594e+01 1.482970333099365234e+01 1.532053947448730469e+01 -2.497211456298828125e+00 -1.716728401184082031e+01 2.167879676818847656e+01 7.331064224243164062e+00
1.019697952270507812e+02 2.837210273742675781e+01 3.179709911346435547e+00 2.352323150634765625e+01 -4.962511539459228516e+00 -1.543518161773681641e+01 2.132460021972656250e+01 3.133721590042114258e+00
1.150908889770507812e+02 2.961688423156738281e+01 1.553788661956787109e+01 1.223382759094238281e+01 -1.641779899597167969e+00 -1.319855213165283203e+01 2.620204734802246094e+01 5.269660949707031250e+00
1.246817245483398438e+02 2.850390434265136719e+01 1.715636634826660156e+01 1.389509201049804688e+01 -5.083103179931640625e+00 -1.368828296661376953e+01 2.678955078125000000e+01 5.114111423492431641e+00
1.150716018676757812e+02 2.942241859436035156e+01 1.247482109069824219e+01 1.332837486267089844e+01 -3.608634233474731445e+00 -1.536472225189208984e+01 2.500914764404296875e+01 1.006207466125488281e+01
1.272011947631835938e+02 3.012284469604492188e+01 1.824952888488769531e+01 1.118102455139160156e+01 -3.274718046188354492e+00 -1.248900508880615234e+01 2.494718551635742188e+01 8.268699645996093750e+00
1.235545883178710938e+02 2.854683876037597656e+01 1.167414093017578125e+01 1.787676620483398438e+01 -4.133917331695556641e+00 -1.631980133056640625e+01 2.556146812438964844e+01 5.529026985168457031e-01
8.480331420898437500e+01 1.053536415100097656e+01 5.451438140869140625e+01 2.245702934265136719e+01 -7.356796264648437500e+00 -1.914676094055175781e+01 6.080590724945068359e+00 8.680807113647460938e+00
8.881727600097656250e+01 1.323489856719970703e+01 5.692730712890625000e+01 2.221701622009277344e+01 -7.891940116882324219e+00 -1.752934074401855469e+01 4.502043247222900391e+00 1.590681362152099609e+01
1.048905792236328125e+02 1.479145717620849609e+01 5.625484085083007812e+01 2.018901252746582031e+01 -8.621207237243652344e+00 -9.457445144653320312e+00 1.427439689636230469e+01 1.774037742614746094e+01
9.622196960449218750e+01 1.317463970184326172e+01 5.776046752929687500e+01 1.935292816162109375e+01 -1.205856227874755859e+01 -9.831166267395019531e+00 1.103940677642822266e+01 1.459142589569091797e+01
8.703088378906250000e+01 1.184741306304931641e+01 5.142446517944335938e+01 2.478438949584960938e+01 -1.162147140502929688e+01 -1.216285419464111328e+01 1.097893142700195312e+01 1.844772720336914062e+01
8.654463958740234375e+01 1.231324863433837891e+01 5.352866744995117188e+01 1.849095344543457031e+01 -1.144343376159667969e+01 -1.314866638183593750e+01 8.652999877929687500e+00 7.246941566467285156e+00
9.109172058105468750e+01 1.510329627990722656e+01 5.568508911132812500e+01 2.298470306396484375e+01 -9.232220649719238281e+00 -1.662584686279296875e+01 4.107798099517822266e+00 9.638662338256835938e+00
1.125398178100585938e+02 1.630043411254882812e+01 6.284296417236328125e+01 1.833855056762695312e+01 -9.085027694702148438e+00 -1.369757175445556641e+01 1.443204402923583984e+01 1.832672119140625000e+01
9.474548339843750000e+01 1.693195915222167969e+01 6.055378723144531250e+01 2.299472236633300781e+01 -1.060215568542480469e+01 -2.238472175598144531e+01 1.742704987525939941e+00 9.815610885620117188e+00
8.148506927490234375e+01 1.544734001159667969e+01 5.288335418701171875e+01 2.136937332153320312e+01 -4.601521015167236328e+00 -1.112246417999267578e+01 4.411160945892333984e+00 1.562235641479492188e+01
9.557798004150390625e+01 1.581166458129882812e+01 5.081904602050781250e+01 1.738205528259277344e+01 -9.463105201721191406e+00 -7.532598495483398438e+00 1.194687843322753906e+01 9.794736862182617188e+00
1.111108551025390625e+02 1.550591087341308594e+01 5.725124359130859375e+01 1.828621101379394531e+01 -7.846133708953857422e+00 -9.617163658142089844e+00 1.146355152130126953e+01 1.542298984527587891e+01
1.355234985351562500e+02 3.015933418273925781e+01 1.924855613708496094e+01 9.970138549804687500e+00 -3.224138975143432617e+00 -1.446976375579833984e+01 2.680700111389160156e+01 7.876856803894042969e+00
1.284977569580078125e+02 2.770867538452148438e+01 1.523947715759277344e+01 1.545284366607666016e+01 -5.339307785034179688e+00 -1.424266719818115234e+01 2.567881393432617188e+01 6.673552513122558594e+00
1.233989791870117188e+02 3.095692825317382812e+01 1.453326416015625000e+01 1.825829315185546875e+01 -1.499827265739440918e+00 -1.565092182159423828e+01 2.166038513183593750e+01 6.584141731262207031e+00
1.229753189086914062e+02 2.560792732238769531e+01 1.373557853698730469e+01 1.883532333374023438e+01 -3.196697235107421875e+00 -1.546754837036132812e+01 2.448142051696777344e+01 4.989587306976318359e+00
1.118932113647460938e+02 2.634054946899414062e+01 8.168707847595214844e+00 1.804626464843750000e+01 -2.483240365982055664e+00 -1.794608688354492188e+01 2.292818069458007812e+01 6.504680156707763672e+00
1.202658843994140625e+02 3.164937973022460938e+01 1.593458557128906250e+01 4.864163398742675781e+00 -8.241737365722656250e+00 -8.171012878417968750e+00 2.631413459777832031e+01 7.887808680534362793e-01
1.211694946289062500e+02 2.845429992675781250e+01 1.176582431793212891e+01 1.744512367248535156e+01 -3.080785512924194336e+00 -1.404718208312988281e+01 2.305947303771972656e+01 1.032361507415771484e+01
1.274581069946289062e+02 3.014092445373535156e+01 1.934117698669433594e+01 1.299732112884521484e+01 -2.949536800384521484e+00 -1.473497581481933594e+01 2.423602485656738281e+01 1.134369277954101562e+01
1.199119720458984375e+02 3.416069793701171875e+01 1.606445312500000000e+01 3.893631458282470703e+00 -9.772219657897949219e+00 -6.837987899780273438e+00 2.799370002746582031e+01 -1.139667272567749023e+00
1.313369598388671875e+02 2.911810111999511719e+01 1.594430732727050781e+01 1.474227142333984375e+01 -8.055554032325744629e-01 -1.578741550445556641e+01 2.538794708251953125e+01 8.211244583129882812e+00
1.262798995971679688e+02 3.276210784912109375e+01 1.767828559875488281e+01 1.324890136718750000e+01 -4.317583560943603516e+00 -1.633201217651367188e+01 3.003955078125000000e+01 2.707065105438232422e+00
1.151595153808593750e+02 3.219129562377929688e+01 1.035784053802490234e+01 1.738963890075683594e+01 -3.290103673934936523e+00 -1.450377655029296875e+01 2.336049270629882812e+01 -5.314564228057861328e+00
1.146086578369140625e+02 2.581004333496093750e+01 1.515845966339111328e+01 1.237668418884277344e+01 -1.912898063659667969e+00 -1.309864425659179688e+01 2.248582458496093750e+01 6.034665107727050781e+00
1.184622116088867188e+02 2.415096664428710938e+01 1.512851905822753906e+01 1.465391731262207031e+01 -2.172397613525390625e+00 -1.385969924926757812e+01 2.149006843566894531e+01 5.637880325317382812e+00
1.175120773315429688e+02 3.299332427978515625e+01 1.317964553833007812e+01 1.405152988433837891e+01 -5.473921298980712891e+00 -1.197780132293701172e+01 2.710767745971679688e+01 1.544568538665771484e+00
1.248758316040039062e+02 2.664610671997070312e+01 1.435391330718994141e+01 1.664257621765136719e+01 -2.757763624191284180e+00 -1.577039909362792969e+01 2.352604103088378906e+01 8.108011245727539062e+00
9.781427001953125000e+01 2.664387130737304688e+01 7.066533088684082031e+00 1.485424900054931641e+01 -7.182476043701171875e+00 -1.241427326202392578e+01 1.929778480529785156e+01 1.829865455627441406e+00
1.209945907592773438e+02 2.778028678894042969e+01 1.307598400115966797e+01 1.604698181152343750e+01 -2.676131010055541992e+00 -1.262816429138183594e+01 2.559868621826171875e+01 7.487184524536132812e+00
1.182001266479492188e+02 2.634109687805175781e+01 1.406598758697509766e+01 1.669563674926757812e+01 -1.516800642013549805e+00 -1.508518028259277344e+01 2.073283386230468750e+01 6.951226711273193359e+00
1.211085281372070312e+02 2.841406631469726562e+01 1.403735923767089844e+01 1.506493663787841797e+01 -4.933858394622802734e+00 -1.441742420196533203e+01 2.454496383666992188e+01 5.698044300079345703e+00
1.614404602050781250e+02 3.980307006835937500e+01 2.945029449462890625e+01 -1.673334503173828125e+01 -3.181687164306640625e+01 -5.495172023773193359e+00 1.622120094299316406e+01 1.463970375061035156e+01
1.523603515625000000e+02 2.947173500061035156e+01 2.655905151367187500e+01 -5.005796432495117188e+00 -3.273128509521484375e+01 -1.824278068542480469e+01 1.205861377716064453e+01 1.264065361022949219e+01
1.438757781982421875e+02 3.823645782470703125e+01 2.351179122924804688e+01 -1.301785469055175781e+01 -3.581160736083984375e+01 -1.006267070770263672e+01 1.452041721343994141e+01 9.611926078796386719e+00
1.164101486206054688e+02 4.403543853759765625e+01 2.300027084350585938e+01 -1.415038204193115234e+01 -3.408983612060546875e+01 -1.491182804107666016e+00 1.176867389678955078e+01 1.634077787399291992e+00
1.316181793212890625e+02 4.026618957519531250e+01 2.180646514892578125e+01 -1.649476051330566406e+01 -4.091635894775390625e+01 -5.805568695068359375e+00 1.264946174621582031e+01 6.188088059425354004e-01
1.226284866333007812e+02 4.028227233886718750e+01 2.359003639221191406e+01 -1.711602592468261719e+01 -3.038166427612304688e+01 -2.249708175659179688e+00 1.544988155364990234e+01 6.310491085052490234e+00
1.267850418090820312e+02 3.622386550903320312e+01 2.409530258178710938e+01 -1.561510562896728516e+01 -4.337736892700195312e+01 -7.226212024688720703e+00 1.586034965515136719e+01 2.461041212081909180e+00
1.323975067138671875e+02 4.010289764404296875e+01 3.060886573791503906e+01 -5.157214641571044922e+00 -2.860340309143066406e+01 -1.468874645233154297e+01 5.381029129028320312e+00 1.784129142761230469e+01
1.445104827880859375e+02 3.504780197143554688e+01 3.062266731262207031e+01 -1.210947608947753906e+01 -2.698751831054687500e+01 -9.634163856506347656e+00 1.277885437011718750e+01 1.394675827026367188e+01
1.335046691894531250e+02 4.702521133422851562e+01 2.263597679138183594e+01 -1.423483467102050781e+01 -3.886280441284179688e+01 -1.028300857543945312e+01 1.313072586059570312e+01 1.249627685546875000e+01
1.444760742187500000e+02 3.107260322570800781e+01 3.034044837951660156e+01 -7.621421813964843750e+00 -2.466794586181640625e+01 -1.035505008697509766e+01 1.591856479644775391e+01 1.561293601989746094e+01
1.479358367919921875e+02 4.290651321411132812e+01 2.357868003845214844e+01 -2.271338272094726562e+01 -4.122195816040039062e+01 -4.962610244750976562e+00 1.788975524902343750e+01 4.085588932037353516e+00
1.371703033447265625e+02 3.730449676513671875e+01 2.414119529724121094e+01 -1.296819305419921875e+01 -3.416292953491210938e+01 -9.267538070678710938e+00 1.150215435028076172e+01 1.167785453796386719e+01
1.577855529785156250e+02 3.745063781738281250e+01 2.888396644592285156e+01 -9.085874557495117188e+00 -3.437377929687500000e+01 -1.627239036560058594e+01 1.191844081878662109e+01 1.648167419433593750e+01
1.134169235229492188e+02 3.679196929931640625e+01 1.829543685913085938e+01 -1.150111103057861328e+01 -4.113168334960937500e+01 -1.098232364654541016e+01 5.548909664154052734e+00 8.336586952209472656e+00
1.530002899169921875e+02 3.593670272827148438e+01 2.721035003662109375e+01 -9.306502342224121094e+00 -2.448699951171875000e+01 -1.059145736694335938e+01 1.109729576110839844e+01 1.698402023315429688e+01
1.556904449462890625e+02 3.097344017028808594e+01 3.292879104614257812e+01 -1.185425472259521484e+01 -2.219970703125000000e+01 -7.141456127166748047e+00 1.651342582702636719e+01 1.357312393188476562e+01
1.363850250244140625e+02 4.166076278686523438e+01 2.140652656555175781e+01 -7.687045097351074219e+00 -2.950074386596679688e+01 -9.284074783325195312e+00 5.228554248809814453e+00 1.743039131164550781e+01
1.502377166748046875e+02 3.492815780639648438e+01 2.763970565795898438e+01 -2.122868919372558594e+01 -3.214518737792968750e+01 -2.180574417114257812e+00 1.743102455139160156e+01 6.847763538360595703e+00
1.511156768798828125e+02 3.637829971313476562e+01 3.501203536987304688e+01 -1.506176853179931641e+01 -2.711825752258300781e+01 -1.050054836273193359e+01 1.235426712036132812e+01 1.745164871215820312e+01
1.463135833740234375e+02 3.061443710327148438e+01 2.939902305603027344e+01 -1.092391586303710938e+01 -3.302121734619140625e+01 -1.180399227142333984e+01 9.139022827148437500e+00 1.585239982604980469e+01
1.294225616455078125e+02 4.106572341918945312e+01 2.434747695922851562e+01 -1.436789798736572266e+01 -3.822561645507812500e+01 -1.265387344360351562e+01 1.382896900177001953e+01 7.649080753326416016e+00
8.793756103515625000e+01 2.807483196258544922e+00 1.505764389038085938e+01 2.663237953186035156e+01 -3.669658660888671875e+01 -3.846765041351318359e+00 2.127626800537109375e+01 -1.350867652893066406e+01
1.412913360595703125e+02 -4.145907878875732422e+00 2.672439575195312500e+01 2.364244270324707031e+01 -3.273059463500976562e+01 -5.408031463623046875e+00 3.069616889953613281e+01 1.689823532104492188e+01
1.254287490844726562e+02 5.265253782272338867e-01 2.624947547912597656e+01 3.014788055419921875e+01 -3.693715286254882812e+01 -8.974074363708496094e+00 2.182863426208496094e+01 1.666443634033203125e+01
1.025613403320312500e+02 4.052629470825195312e+00 1.842322540283203125e+01 1.454045391082763672e+01 -3.804879379272460938e+01 3.632764101028442383e+00 3.188702964782714844e+01 -3.012330532073974609e+00
1.336575622558593750e+02 1.575483195483684540e-02 2.534283828735351562e+01 2.740320587158203125e+01 -3.077180099487304688e+01 -1.029883003234863281e+01 4.173108291625976562e+01 1.211060523986816406e+01
1.324979400634765625e+02 1.825155854225158691e+00 2.639717864990234375e+01 2.142982292175292969e+01 -2.741120338439941406e+01 -5.156765937805175781e+00 3.624760055541992188e+01 1.145235538482666016e+01
1.366575012207031250e+02 -6.024805545806884766e+00 2.467705154418945312e+01 2.573073196411132812e+01 -2.951348686218261719e+01 -6.210731506347656250e+00 3.616078186035156250e+01 1.680739974975585938e+01
1.425356292724609375e+02 -1.795998573303222656e+00 2.885527610778808594e+01 2.382548713684082031e+01 -2.989613914489746094e+01 -8.763462066650390625e+00 3.345521545410156250e+01 2.038776016235351562e+01
1.332281341552734375e+02 -2.693573951721191406e+00 2.392541313171386719e+01 2.335257148742675781e+01 -2.979038619995117188e+01 -4.062364578247070312e+00 3.300090789794921875e+01 1.126518249511718750e+01
8.456123352050781250e+01 2.622407913208007812e+00 1.547408962249755859e+01 3.000440025329589844e+01 -3.495974349975585938e+01 -7.891912460327148438e+00 1.393483257293701172e+01 -4.252260684967041016e+00
1.184387741088867188e+02 -3.428652286529541016e+00 1.860415840148925781e+01 2.558642196655273438e+01 -3.280376815795898438e+01 -8.433253765106201172e-01 3.032181549072265625e+01 1.017935371398925781e+01
1.374853210449218750e+02 -1.649567961692810059e+00 2.292538261413574219e+01 2.996031951904296875e+01 -2.950431442260742188e+01 -6.613164901733398438e+00 3.598214340209960938e+01 1.475994777679443359e+01
1.089036941528320312e+02 -3.551178693771362305e+00 1.841309356689453125e+01 3.275753784179687500e+01 -3.559878921508789062e+01 -1.107102012634277344e+01 3.178588104248046875e+01 1.901349258422851562e+01
1.304616546630859375e+02 -5.550424456596374512e-01 2.071220016479492188e+01 2.501909255981445312e+01 -3.064065361022949219e+01 -2.748860597610473633e+00 3.372150802612304688e+01 8.153874397277832031e+00
9.000276184082031250e+01 2.929780006408691406e+00 1.062385177612304688e+01 2.408607482910156250e+01 -3.905331802368164062e+01 4.353209495544433594e+00 2.559519958496093750e+01 8.375224113464355469e+00
8.492286682128906250e+01 1.667350769042968750e+00 8.258874893188476562e+00 1.867488479614257812e+01 -3.505797958374023438e+01 3.263707637786865234e+00 2.250208854675292969e+01 -6.633687496185302734e+00
9.967282867431640625e+01 4.060260295867919922e+00 1.938701057434082031e+01 2.768103599548339844e+01 -3.607555770874023438e+01 -5.444109916687011719e+00 2.071931076049804688e+01 -5.222974419593811035e-01
1.078794250488281250e+02 2.465882110595703125e+01 2.334721183776855469e+01 5.700018882751464844e+00 8.351328849792480469e+00 6.347242355346679688e+00 1.516328716278076172e+01 1.316167545318603516e+01
1.070212631225585938e+02 2.291475868225097656e+01 2.316437911987304688e+01 7.860787391662597656e+00 6.645813941955566406e+00 6.701488494873046875e+00 1.702092742919921875e+01 1.171966648101806641e+01
1.146285324096679688e+02 2.725794219970703125e+01 2.655907440185546875e+01 6.116492748260498047e+00 1.363564872741699219e+01 7.930980205535888672e+00 1.878401565551757812e+01 1.434897899627685547e+01
1.363760528564453125e+02 2.619303321838378906e+01 3.301038360595703125e+01 2.813302993774414062e+00 5.060191631317138672e+00 6.922752380371093750e+00 2.054775810241699219e+01 1.447524833679199219e+01
1.048784637451171875e+02 2.108014297485351562e+01 2.335936164855957031e+01 8.127163887023925781e+00 5.888690471649169922e+00 4.180465698242187500e+00 1.576034736633300781e+01 1.272354698181152344e+01
9.937334442138671875e+01 3.149164009094238281e+01 2.121744918823242188e+01 -2.085945367813110352e+00 1.280422687530517578e+00 1.299424743652343750e+01 1.775390815734863281e+01 4.486581325531005859e+00
1.264688262939453125e+02 2.326837730407714844e+01 3.029771232604980469e+01 1.735998988151550293e+00 8.550311088562011719e+00 6.605745792388916016e+00 1.995003700256347656e+01 1.323942279815673828e+01
1.127532424926757812e+02 3.139352416992187500e+01 2.479420661926269531e+01 -4.670295715332031250e+00 3.160624027252197266e+00 1.571104240417480469e+01 2.215713882446289062e+01 5.827771663665771484e+00
1.200569686889648438e+02 3.367942047119140625e+01 2.712256622314453125e+01 -4.395497798919677734e+00 1.117420673370361328e+00 1.564615249633789062e+01 2.196870040893554688e+01 7.273007392883300781e+00
1.279898071289062500e+02 2.774202537536621094e+01 2.901546478271484375e+01 7.753129959106445312e+00 7.996138095855712891e+00 7.279776573181152344e+00 2.202331161499023438e+01 1.562281608581542969e+01
9.876157379150390625e+01 2.353642272949218750e+01 2.081519508361816406e+01 7.573608875274658203e+00 6.557080268859863281e+00 4.736690998077392578e+00 1.568194866180419922e+01 1.270904636383056641e+01
1.090783386230468750e+02 2.418563079833984375e+01 2.664689826965332031e+01 4.034948825836181641e+00 9.122316360473632812e+00 6.574439048767089844e+00 1.764693069458007812e+01 1.237827110290527344e+01
1.125427017211914062e+02 3.327822494506835938e+01 2.343791580200195312e+01 1.976632595062255859e+00 1.369482994079589844e+00 1.492208099365234375e+01 2.085127067565917969e+01 7.770393848419189453e+00
1.212019500732421875e+02 2.489980697631835938e+01 2.940936851501464844e+01 6.526628494262695312e+00 1.416650390625000000e+01 6.919884204864501953e+00 1.834420204162597656e+01 1.146711254119873047e+01
1.016110610961914062e+02 2.475615310668945312e+01 2.075980186462402344e+01 8.501834869384765625e+00 8.167047500610351562e+00 5.649656772613525391e+00 1.556297969818115234e+01 1.398010063171386719e+01
1.206679916381835938e+02 2.793538665771484375e+01 2.524763107299804688e+01 6.056023120880126953e+00 9.530205726623535156e+00 8.300601005554199219e+00 2.056839179992675781e+01 1.321286964416503906e+01
1.067255325317382812e+02 3.506587600708007812e+01 2.243625450134277344e+01 -6.128699302673339844e+00 2.066478490829467773e+00 1.579213142395019531e+01 2.095668220520019531e+01 8.067811012268066406e+00
1.231825180053710938e+02 2.334510993957519531e+01 2.800883293151855469e+01 3.047430276870727539e+00 8.193842887878417969e+00 6.058283329010009766e+00 2.099924659729003906e+01 1.415470600128173828e+01
1.045325927734375000e+02 3.465296173095703125e+01 2.291386413574218750e+01 -4.351284027099609375e+00 3.039103031158447266e+00 1.683228492736816406e+01 2.054186630249023438e+01 8.860843658447265625e+00
1.190136489868164062e+02 2.699098396301269531e+01 2.838025093078613281e+01 4.554782867431640625e+00 8.196070671081542969e+00 6.779500007629394531e+00 1.887568855285644531e+01 1.429838848114013672e+01
1.221377716064453125e+02 2.764298629760742188e+01 2.882141304016113281e+01 3.253161609172821045e-01 4.965204238891601562e+00 9.675891876220703125e+00 1.972022056579589844e+01 1.375174713134765625e+01
1.167575302124023438e+02 2.587885284423828125e+01 2.830459785461425781e+01 1.161056041717529297e+00 4.356201648712158203e+00 6.965803146362304688e+00 1.828558540344238281e+01 1.120403671264648438e+01
1.245870132446289062e+02 2.789963340759277344e+01 2.974019813537597656e+01 4.481759548187255859e+00 4.885080337524414062e+00 7.790267467498779297e+00 1.970604705810546875e+01 1.712745666503906250e+01
1.170409545898437500e+02 2.409797096252441406e+01 2.637804794311523438e+01 4.999926090240478516e+00 6.788293838500976562e+00 6.062562942504882812e+00 1.766357421875000000e+01 1.410557270050048828e+01
1.147166519165039062e+02 2.903111457824707031e+01 1.399740982055664062e+01 1.263670539855957031e+01 -1.517661690711975098e+00 -1.125401401519775391e+01 2.382196235656738281e+01 4.644891262054443359e+00
1.478582458496093750e+02 -1.384660911560058594e+01 3.027195549011230469e+01 -3.731196165084838867e+00 -4.627198219299316406e+00 -9.772496223449707031e+00 2.096028518676757812e+01 6.741410732269287109e+00
1.446791381835937500e+02 -1.239037799835205078e+01 3.069082641601562500e+01 -6.661300182342529297e+00 -4.442431449890136719e+00 -9.958864212036132812e+00 1.952803611755371094e+01 7.514424800872802734e+00
1.429149475097656250e+02 -1.158276367187500000e+01 2.752984046936035156e+01 -5.275897026062011719e+00 -5.073589801788330078e+00 -1.025647258758544922e+01 1.940540313720703125e+01 6.227612018585205078e+00
1.482011566162109375e+02 -9.021183967590332031e+00 3.182227134704589844e+01 -1.035776138305664062e+01 -5.231621742248535156e+00 -7.944581508636474609e+00 1.915585136413574219e+01 6.913208961486816406e+00
1.451068725585937500e+02 -1.385050010681152344e+01 2.884818267822265625e+01 -5.061186313629150391e+00 -5.002566337585449219e+00 -1.121329116821289062e+01 1.942385673522949219e+01 6.451065540313720703e+00
1.474752807617187500e+02 -1.569879436492919922e+01 3.006295204162597656e+01 -5.274229526519775391e+00 -6.402301311492919922e+00 -1.088356399536132812e+01 1.942604255676269531e+01 6.342162132263183594e+00
1.507939147949218750e+02 -1.405204868316650391e+01 3.136483383178710938e+01 -7.638628005981445312e+00 -4.203178405761718750e+00 -1.018672943115234375e+01 1.982196044921875000e+01 6.762251853942871094e+00
1.471672515869140625e+02 -1.294985580444335938e+01 3.404373550415039062e+01 -8.331462860107421875e+00 -4.481576442718505859e+00 -9.410131454467773438e+00 1.884142875671386719e+01 8.481997489929199219e+00
1.511056976318359375e+02 -1.338159465789794922e+01 2.992289924621582031e+01 -6.571292400360107422e+00 -5.618612289428710938e+00 -1.096746349334716797e+01 1.944761466979980469e+01 6.256918430328369141e+00
1.417877960205078125e+02 -1.132965564727783203e+01 3.070731544494628906e+01 -5.956162452697753906e+00 -4.107810020446777344e+00 -1.160595607757568359e+01 1.938392829895019531e+01 7.903770923614501953e+00
1.488190612792968750e+02 -1.412382316589355469e+01 2.830924987792968750e+01 -4.946277618408203125e+00 -6.198194026947021484e+00 -1.189610195159912109e+01 1.986496162414550781e+01 7.635824203491210938e+00
1.512598266601562500e+02 -1.324220371246337891e+01 3.172380065917968750e+01 -6.081039428710937500e+00 -5.639236927032470703e+00 -1.164936447143554688e+01 1.884568214416503906e+01 7.947165489196777344e+00
1.174890213012695312e+02 3.118595504760742188e+01 1.482485866546630859e+01 1.297301483154296875e+01 -2.276461362838745117e+00 -1.482983493804931641e+01 2.297325897216796875e+01 4.653419017791748047e+00
1.271453399658203125e+02 3.090801429748535156e+01 1.476749229431152344e+01 1.150412368774414062e+01 -3.274367094039916992e+00 -1.246945095062255859e+01 2.478925323486328125e+01 5.305016040802001953e+00
1.165183715820312500e+02 2.479038238525390625e+01 1.473003292083740234e+01 1.383087730407714844e+01 -2.438749551773071289e+00 -1.611574935913085938e+01 2.437458229064941406e+01 6.179250240325927734e+00
1.278475875854492188e+02 2.708838844299316406e+01 1.466872119903564453e+01 1.657094955444335938e+01 -4.220476627349853516e+00 -1.535044479370117188e+01 2.652722167968750000e+01 1.972701311111450195e+00
1.215254821777343750e+02 2.785141563415527344e+01 1.730614089965820312e+01 9.999259948730468750e+00 -2.033234357833862305e+00 -1.258587932586669922e+01 2.380302619934082031e+01 7.936411380767822266e+00
1.224793090820312500e+02 2.845612144470214844e+01 1.338647556304931641e+01 1.306379604339599609e+01 -5.099859714508056641e+00 -1.314167881011962891e+01 2.434231948852539062e+01 7.146443367004394531e+00
1.368224334716796875e+02 2.705451774597167969e+01 2.184202384948730469e+01 1.013890075683593750e+01 -2.449618101119995117e+00 -1.172415256500244141e+01 2.544269943237304688e+01 7.504883289337158203e+00
1.189511108398437500e+02 2.788291168212890625e+01 9.905776023864746094e+00 1.804777526855468750e+01 -3.021823406219482422e+00 -1.478453922271728516e+01 2.495799636840820312e+01 5.742537498474121094e+00
1.178561172485351562e+02 -7.795288085937500000e+00 2.297998237609863281e+01 -6.677441120147705078e+00 -9.841414451599121094e+00 -5.133964538574218750e+00 1.634106254577636719e+01 -2.519705593585968018e-01
1.127889556884765625e+02 -1.172285652160644531e+01 2.160042953491210938e+01 1.232998251914978027e+00 -4.941781520843505859e+00 -1.127561283111572266e+01 1.449535369873046875e+01 3.992803335189819336e+00
1.473351898193359375e+02 -1.104434108734130859e+01 3.082615852355957031e+01 -6.832546710968017578e+00 -3.679935216903686523e+00 -9.834982872009277344e+00 1.884126472473144531e+01 7.579924106597900391e+00
1.502436370849609375e+02 -1.425251674652099609e+01 3.079433631896972656e+01 -4.866812705993652344e+00 -4.590751171112060547e+00 -1.229113006591796875e+01 2.227398109436035156e+01 7.825104236602783203e+00
1.452416229248046875e+02 -6.611683368682861328e+00 3.274200057983398438e+01 -5.133201599121093750e+00 -6.742256164550781250e+00 -1.035293006896972656e+01 1.722007942199707031e+01 6.325001716613769531e+00
1.470027008056640625e+02 -1.083336925506591797e+01 2.880842018127441406e+01 -6.395157814025878906e+00 -5.832225322723388672e+00 -9.451180458068847656e+00 1.927282905578613281e+01 6.887745380401611328e+00
1.447139434814453125e+02 -1.377411270141601562e+01 2.732874679565429688e+01 -4.310206413269042969e+00 -5.832214355468750000e+00 -1.026532459259033203e+01 1.928781127929687500e+01 6.408372402191162109e+00
1.450347442626953125e+02 -1.313958263397216797e+01 2.879100799560546875e+01 -5.955618858337402344e+00 -6.712145328521728516e+00 -9.787154197692871094e+00 1.919298171997070312e+01 5.361658096313476562e+00
1.386634368896484375e+02 -1.234809207916259766e+01 2.887549972534179688e+01 -3.946271657943725586e+00 -5.446175098419189453e+00 -9.196202278137207031e+00 1.877364730834960938e+01 7.519559860229492188e+00
1.451149139404296875e+02 -1.312971496582031250e+01 2.956791305541992188e+01 -4.416076660156250000e+00 -5.632596492767333984e+00 -1.236723899841308594e+01 1.921269226074218750e+01 6.872068405151367188e+00
1.167762222290039062e+02 -9.750139236450195312e+00 2.175621032714843750e+01 -2.103411912918090820e+00 -4.632503986358642578e+00 -9.156319618225097656e+00 1.501111221313476562e+01 4.414853096008300781e+00
1.470994262695312500e+02 -1.371468544006347656e+01 2.815683746337890625e+01 -5.177803039550781250e+00 -6.008358955383300781e+00 -1.202597427368164062e+01 2.067896270751953125e+01 6.639443397521972656e+00
1.533465118408203125e+02 -1.320251178741455078e+01 2.969138145446777344e+01 -6.573994159698486328e+00 -6.281785011291503906e+00 -1.188213920593261719e+01 2.119113540649414062e+01 6.546989440917968750e+00
1.474172210693359375e+02 -1.426165676116943359e+01 2.956855201721191406e+01 -5.507616519927978516e+00 -4.810646057128906250e+00 -1.045637130737304688e+01 1.940452766418457031e+01 5.488387584686279297e+00
1.483199310302734375e+02 -1.273342132568359375e+01 3.016201210021972656e+01 -4.594709873199462891e+00 -5.091314315795898438e+00 -9.539268493652343750e+00 1.868025016784667969e+01 7.334197998046875000e+00
1.434053497314453125e+02 -1.405778121948242188e+01 2.979591751098632812e+01 -4.983264446258544922e+00 -5.777948379516601562e+00 -1.097754859924316406e+01 1.915059471130371094e+01 6.438886165618896484e+00
1.481052246093750000e+02 -1.481887912750244141e+01 3.016841506958007812e+01 -5.827174186706542969e+00 -7.720034122467041016e+00 -9.413302421569824219e+00 2.030175971984863281e+01 5.316586017608642578e+00
1.422474822998046875e+02 -1.304527473449707031e+01 2.795676803588867188e+01 -2.341175556182861328e+00 -6.651633262634277344e+00 -1.192838668823242188e+01 1.843249893188476562e+01 7.394431114196777344e+00
1.449938507080078125e+02 -1.367699623107910156e+01 2.867144393920898438e+01 -4.215305328369140625e+00 -5.835934162139892578e+00 -1.063990497589111328e+01 2.033461380004882812e+01 6.155737876892089844e+00
1.548185424804687500e+02 -1.329885101318359375e+01 3.289956283569335938e+01 -7.611894607543945312e+00 -6.841139316558837891e+00 -1.027769470214843750e+01 2.194577217102050781e+01 6.101960659027099609e+00
1.478394470214843750e+02 -1.464708995819091797e+01 2.835029792785644531e+01 -4.491518974304199219e+00 -5.273111343383789062e+00 -1.151658725738525391e+01 1.889026260375976562e+01 7.178478240966796875e+00
1.484742889404296875e+02 -1.355609703063964844e+01 3.097966575622558594e+01 -6.072056293487548828e+00 -5.301840305328369141e+00 -1.155537319183349609e+01 1.915597915649414062e+01 7.258643627166748047e+00
1.434618072509765625e+02 1.588080024719238281e+01 5.764859390258789062e+01 1.592869758605957031e+01 -1.367944145202636719e+01 9.550740122795104980e-01 2.003162384033203125e+01 5.882420539855957031e+00
1.468822631835937500e+02 1.715512657165527344e+01 5.724621200561523438e+01 1.117572879791259766e+01 -1.064634418487548828e+01 1.661573499441146851e-01 1.929885673522949219e+01 6.228575706481933594e-01
1.314087371826171875e+02 1.730328178405761719e+01 5.960117721557617188e+01 1.890934753417968750e+01 -1.877820777893066406e+01 4.118027210235595703e+00 1.555214405059814453e+01 2.741894721984863281e+00
1.518637695312500000e+02 1.734646224975585938e+01 5.946832656860351562e+01 1.186347866058349609e+01 -1.254999446868896484e+01 8.062713742256164551e-01 2.083987998962402344e+01 3.284060716629028320e+00
1.515625915527343750e+02 1.746149635314941406e+01 6.095587539672851562e+01 1.050349044799804688e+01 -1.335378646850585938e+01 1.328642815351486206e-01 2.294242286682128906e+01 2.297048568725585938e+00
1.568127899169921875e+02 1.835107231140136719e+01 6.025056838989257812e+01 1.626225852966308594e+01 -1.333984661102294922e+01 -1.506892085075378418e+00 2.158930397033691406e+01 2.991218090057373047e+00
1.431039581298828125e+02 1.844606399536132812e+01 5.788174438476562500e+01 1.577201175689697266e+01 -1.457613372802734375e+01 2.946624755859375000e+00 1.857402801513671875e+01 4.589332580566406250e+00
1.463625335693359375e+02 1.721695137023925781e+01 6.077378845214843750e+01 1.554672527313232422e+01 -1.665017318725585938e+01 -9.410553574562072754e-01 1.896198463439941406e+01 4.281084537506103516e+00
1.466692199707031250e+02 1.983970642089843750e+01 5.866211318969726562e+01 1.429195308685302734e+01 -1.501356506347656250e+01 2.144472360610961914e+00 2.204215049743652344e+01 3.905692398548126221e-01
1.408040618896484375e+02 1.748127746582031250e+01 5.918606185913085938e+01 2.131224441528320312e+01 -1.736861610412597656e+01 1.902451276779174805e+00 2.431524658203125000e+01 -9.483204841613769531e+00
1.405165863037109375e+02 1.801530075073242188e+01 5.479601287841796875e+01 1.659726524353027344e+01 -1.514024162292480469e+01 6.350170373916625977e-01 1.846092224121093750e+01 1.771219074726104736e-01
1.448603515625000000e+02 1.873140716552734375e+01 5.807472610473632812e+01 1.427944660186767578e+01 -1.431583976745605469e+01 2.949308872222900391e+00 2.115347862243652344e+01 -3.157949820160865784e-02
1.546063385009765625e+02 1.715954971313476562e+01 5.984676742553710938e+01 1.405242919921875000e+01 -1.501377105712890625e+01 2.089697122573852539e-01 1.973875617980957031e+01 2.728729724884033203e+00
1.514063262939453125e+02 2.009268951416015625e+01 5.658881759643554688e+01 1.321228981018066406e+01 -1.705780029296875000e+01 1.563777208328247070e+00 2.241172790527343750e+01 -1.152004718780517578e+00
1.324414672851562500e+02 1.977873992919921875e+01 5.554469680786132812e+01 1.571312141418457031e+01 -2.051208686828613281e+01 3.551183938980102539e+00 1.530172157287597656e+01 9.102903604507446289e-01
1.249206924438476562e+02 1.937783813476562500e+01 5.820433044433593750e+01 1.944323158264160156e+01 -1.760827064514160156e+01 3.692892789840698242e+00 1.480383586883544922e+01 -2.113805055618286133e+00
1.423360748291015625e+02 -1.428618049621582031e+01 2.763098526000976562e+01 -4.649711132049560547e+00 -5.895399570465087891e+00 -8.976592063903808594e+00 2.032025909423828125e+01 5.145059108734130859e+00
1.529867401123046875e+02 -1.578378963470458984e+01 3.264574050903320312e+01 -3.994787931442260742e+00 -5.351591110229492188e+00 -1.282736682891845703e+01 1.841623687744140625e+01 6.704327583312988281e+00
1.474858245849609375e+02 -1.237730216979980469e+01 2.957256126403808594e+01 -6.855908393859863281e+00 -3.336504220962524414e+00 -1.010958957672119141e+01 1.803303909301757812e+01 7.313076496124267578e+00
1.541954803466796875e+02 -1.343702507019042969e+01 3.146788978576660156e+01 -6.581974983215332031e+00 -4.922067642211914062e+00 -1.148940563201904297e+01 2.062978553771972656e+01 7.049795150756835938e+00
1.532471466064453125e+02 -1.454254817962646484e+01 2.894117736816406250e+01 -6.749237537384033203e+00 -5.495787620544433594e+00 -1.232620239257812500e+01 1.957302665710449219e+01 8.080660820007324219e+00
1.505534820556640625e+02 -1.369076251983642578e+01 3.120508193969726562e+01 -7.034391880035400391e+00 -4.471052169799804688e+00 -1.117094516754150391e+01 1.864218139648437500e+01 6.468167304992675781e+00
1.222021865844726562e+02 -1.161719417572021484e+01 2.224083900451660156e+01 -4.934608936309814453e-01 -4.838312149047851562e+00 -9.387821197509765625e+00 1.632729530334472656e+01 3.525792360305786133e+00
1.196441726684570312e+02 -1.238972949981689453e+01 2.227652168273925781e+01 -4.248760640621185303e-01 -5.498638629913330078e+00 -1.001709461212158203e+01 1.548671627044677734e+01 4.163480758666992188e+00
9.739949798583984375e+01 -6.526960372924804688e+00 1.420277214050292969e+01 2.039820098876953125e+01 -2.515469932556152344e+01 4.674685955047607422e+00 5.896533489227294922e+00 1.700673675537109375e+01
1.123717651367187500e+02 -7.455643653869628906e+00 1.255861854553222656e+01 2.545942115783691406e+01 -2.478310775756835938e+01 5.181884765625000000e+00 1.666583633422851562e+01 1.692771148681640625e+01
1.003791961669921875e+02 -8.834020614624023438e+00 1.089667129516601562e+01 2.415144348144531250e+01 -2.399280738830566406e+01 5.755333423614501953e+00 1.241542625427246094e+01 1.661989212036132812e+01
1.039659347534179688e+02 -6.812117576599121094e+00 1.477559757232666016e+01 2.592270851135253906e+01 -2.175423812866210938e+01 5.186477184295654297e+00 1.484480857849121094e+01 9.789672851562500000e+00
1.239631881713867188e+02 -9.556663513183593750e+00 1.613506317138671875e+01 2.451326179504394531e+01 -2.397340774536132812e+01 4.115908145904541016e+00 1.635182952880859375e+01 1.269027328491210938e+01
8.949394226074218750e+01 -6.327640056610107422e+00 1.216332721710205078e+01 2.305611610412597656e+01 -2.006523704528808594e+01 5.631295680999755859e+00 7.710067272186279297e+00 1.148720264434814453e+01
1.030990753173828125e+02 -7.309658527374267578e+00 9.710556983947753906e+00 2.754751968383789062e+01 -2.490334701538085938e+01 6.151045799255371094e+00 1.076104640960693359e+01 1.192921638488769531e+01
1.151022644042968750e+02 -1.165312385559082031e+01 1.525407409667968750e+01 2.202397918701171875e+01 -2.412350845336914062e+01 4.618432044982910156e+00 1.324249839782714844e+01 1.579062747955322266e+01
1.036580200195312500e+02 -1.134990501403808594e+01 1.398538589477539062e+01 1.116950607299804688e+01 -1.541082572937011719e+01 7.110796451568603516e+00 1.413619709014892578e+01 1.123967170715332031e+01
1.416427001953125000e+02 1.852499961853027344e+01 5.791632843017578125e+01 1.429803752899169922e+01 -1.483570194244384766e+01 1.903102397918701172e+00 1.863706207275390625e+01 3.074687242507934570e+00
1.494049835205078125e+02 1.790673446655273438e+01 5.747654342651367188e+01 1.202647781372070312e+01 -1.171296024322509766e+01 -4.106287658214569092e-01 2.132750129699707031e+01 1.396291017532348633e+00
1.500997619628906250e+02 1.682630920410156250e+01 5.816060638427734375e+01 1.279465961456298828e+01 -1.363392257690429688e+01 1.989467024803161621e+00 2.085222816467285156e+01 -2.524764239788055420e-01
1.540863189697265625e+02 1.621069145202636719e+01 5.740507125854492188e+01 1.667535972595214844e+01 -1.378638839721679688e+01 -2.471623659133911133e+00 2.141123962402343750e+01 2.160161256790161133e+00
1.196710510253906250e+02 1.196586799621582031e+01 4.486610412597656250e+01 1.374435710906982422e+01 -1.251824855804443359e+01 -1.179041862487792969e+00 1.487285614013671875e+01 4.569752812385559082e-01
1.325835571289062500e+02 1.850756835937500000e+01 5.619044494628906250e+01 2.154006004333496094e+01 -1.684428596496582031e+01 2.829695463180541992e+00 1.925645446777343750e+01 -3.773570060729980469e+00
1.514125976562500000e+02 1.711461257934570312e+01 6.175393295288085938e+01 9.505846977233886719e+00 -1.241976928710937500e+01 3.323364555835723877e-01 2.171580886840820312e+01 3.816959142684936523e+00
1.554794311523437500e+02 1.728834533691406250e+01 6.143410110473632812e+01 1.156742572784423828e+01 -1.275048351287841797e+01 -3.943727612495422363e-01 2.238935470581054688e+01 4.691765308380126953e+00
9.449571228027343750e+01 -9.053532600402832031e+00 1.597302341461181641e+01 4.178080081939697266e+00 -1.576769828796386719e+01 5.922758102416992188e+00 1.390149879455566406e+01 1.135569477081298828e+01
8.263952636718750000e+01 -8.738208770751953125e+00 1.315125465393066406e+01 3.979126214981079102e+00 -1.685280227661132812e+01 8.240659713745117188e+00 1.012167930603027344e+01 1.292612361907958984e+01
8.987613677978515625e+01 -9.131458282470703125e+00 9.295067787170410156e+00 1.513951587677001953e+01 -1.614733123779296875e+01 3.660414218902587891e+00 8.124939918518066406e+00 1.444602775573730469e+01
8.484754943847656250e+01 -1.070025444030761719e+01 8.705850601196289062e+00 1.379993247985839844e+01 -1.538150501251220703e+01 5.287225246429443359e+00 9.599761962890625000e+00 8.829922676086425781e+00
9.526834869384765625e+01 -1.020337581634521484e+01 1.277599620819091797e+01 9.448048591613769531e+00 -1.696000289916992188e+01 5.574443817138671875e+00 1.049288272857666016e+01 1.100525951385498047e+01
1.034634017944335938e+02 -8.658383369445800781e+00 1.366099643707275391e+01 1.252629661560058594e+01 -1.972703170776367188e+01 4.576543807983398438e+00 1.635412406921386719e+01 1.291507339477539062e+01
6.302028274536132812e+01 1.505719470977783203e+01 3.594730758666992188e+01 2.254534339904785156e+01 -5.287067890167236328e+00 -2.749300575256347656e+01 3.996162176132202148e+00 2.993201255798339844e+01
5.695236206054687500e+01 1.416342163085937500e+01 4.017125701904296875e+01 8.811293601989746094e+00 -9.479002952575683594e+00 -1.544046497344970703e+01 2.522125625610351562e+01 5.790049552917480469e+00
3.602053451538085938e+01 1.028586864471435547e+01 3.511897659301757812e+01 -5.544695854187011719e+00 -1.555057621002197266e+01 -9.946471214294433594e+00 2.252144050598144531e+01 1.492812061309814453e+01
6.811786651611328125e+01 2.111007308959960938e+01 3.988785934448242188e+01 -5.297734260559082031e+00 -1.748775672912597656e+01 2.303993701934814453e+00 2.805278205871582031e+01 4.820979595184326172e+00
2.756881141662597656e+01 6.582925796508789062e+00 2.928761863708496094e+01 -6.219210624694824219e+00 -1.323364830017089844e+01 -6.123910427093505859e+00 1.463556671142578125e+01 5.612684249877929688e+00
2.497473526000976562e+01 8.729989051818847656e+00 2.542221832275390625e+01 4.364852979779243469e-02 -1.184628772735595703e+01 -5.058376312255859375e+00 1.098666381835937500e+01 1.252426815032958984e+01
2.246143913269042969e+01 5.834030628204345703e+00 2.628072929382324219e+01 -7.328269958496093750e+00 -1.035170555114746094e+01 -3.443691253662109375e+00 1.239667606353759766e+01 -3.016813516616821289e+00
4.465321731567382812e+01 1.348882102966308594e+01 3.476448059082031250e+01 -2.072466015815734863e-01 -1.449233341217041016e+01 -1.126464653015136719e+01 2.678409194946289062e+01 6.742556571960449219e+00
3.855181121826171875e+01 1.066470241546630859e+01 3.241361999511718750e+01 -2.557085990905761719e+00 -1.495745372772216797e+01 -8.618706703186035156e+00 2.486841583251953125e+01 1.786006450653076172e+00
3.465859222412109375e+01 1.096647071838378906e+01 3.092988014221191406e+01 -6.190803050994873047e-01 -1.186673450469970703e+01 -9.631648063659667969e+00 1.964301681518554688e+01 6.562907218933105469e+00
5.573620986938476562e+01 2.287812995910644531e+01 2.515410804748535156e+01 1.119434738159179688e+01 -8.701323509216308594e+00 -2.781129360198974609e+00 2.796094894409179688e+01 9.089910507202148438e+00
6.663607788085937500e+01 2.331095504760742188e+01 2.675682830810546875e+01 1.203739547729492188e+01 -1.342845439910888672e+01 -2.003016471862792969e+00 2.263250541687011719e+01 1.107131004333496094e+01
4.656283950805664062e+01 1.105354118347167969e+01 3.739315032958984375e+01 -6.213468551635742188e+00 -1.706316184997558594e+01 -9.231941223144531250e+00 3.507218551635742188e+01 8.478339195251464844e+00
9.332641601562500000e+01 2.559550666809082031e+01 4.088327789306640625e+01 1.765155410766601562e+01 -1.167793655395507812e+01 -9.106096267700195312e+00 2.570133972167968750e+01 2.426738739013671875e+01
7.063681793212890625e+01 8.223779678344726562e+00 4.186799621582031250e+01 -6.761546134948730469e+00 -1.650778198242187500e+01 9.396668672561645508e-01 3.921211242675781250e+01 1.001551246643066406e+01
5.992765045166015625e+01 1.342735671997070312e+01 4.414298629760742188e+01 -6.681082725524902344e+00 -1.506750106811523438e+01 -5.758660793304443359e+00 3.793944931030273438e+01 1.777465057373046875e+01
7.225850677490234375e+01 7.530768871307373047e+00 4.976969909667968750e+01 1.100322008132934570e+00 -9.199152946472167969e+00 -1.374679756164550781e+01 3.577927780151367188e+01 2.100872802734375000e+01
6.553433990478515625e+01 8.894349098205566406e+00 4.737683105468750000e+01 -1.117114734649658203e+01 -1.654139137268066406e+01 -4.210406303405761719e+00 3.846171569824218750e+01 1.232783889770507812e+01
7.196320343017578125e+01 1.009775733947753906e+01 4.931465530395507812e+01 -9.443624496459960938e+00 -1.797171401977539062e+01 -6.564199924468994141e+00 4.203784179687500000e+01 1.065181446075439453e+01
8.216764831542968750e+01 1.302094364166259766e+01 4.883217239379882812e+01 -1.254997634887695312e+01 -1.762831306457519531e+01 9.075046181678771973e-01 4.582141876220703125e+01 1.680384254455566406e+01
1.042635650634765625e+02 1.205999374389648438e+01 5.452790451049804688e+01 -1.558046102523803711e+00 -1.023251247406005859e+01 -8.505021095275878906e+00 3.773756790161132812e+01 2.009216499328613281e+01
5.901612854003906250e+01 1.030671977996826172e+01 4.245359039306640625e+01 -8.896089553833007812e+00 -1.404432868957519531e+01 -1.131982326507568359e+00 3.910576629638671875e+01 9.368460655212402344e+00
6.960971069335937500e+01 1.038858509063720703e+01 4.177352905273437500e+01 6.563839316368103027e-01 -1.293605804443359375e+01 -1.283993339538574219e+01 2.236150741577148438e+01 8.479395508766174316e-01
4.816775512695312500e+01 7.942982196807861328e+00 3.831846237182617188e+01 -7.069144248962402344e+00 -1.322757720947265625e+01 -8.915016055107116699e-01 2.897499847412109375e+01 1.185473060607910156e+01
8.847777557373046875e+01 1.527960109710693359e+01 5.139024353027343750e+01 1.559412240982055664e+00 -4.849520683288574219e+00 -1.171358489990234375e+01 2.743248748779296875e+01 1.780197906494140625e+01
4.907767486572265625e+01 1.161080741882324219e+01 4.169403457641601562e+01 -6.941404342651367188e+00 -1.892140197753906250e+01 -5.168491840362548828e+00 3.955078125000000000e+01 1.480120372772216797e+01
5.787325286865234375e+01 9.766034126281738281e+00 4.230881500244140625e+01 -9.246636390686035156e+00 -1.811041259765625000e+01 -8.702681541442871094e+00 3.915421676635742188e+01 1.262870597839355469e+01
4.702106094360351562e+01 1.026918983459472656e+01 4.132511520385742188e+01 -1.035133647918701172e+01 -1.433658313751220703e+01 -2.555318355560302734e+00 2.873047256469726562e+01 1.713928604125976562e+01
5.878557205200195312e+01 1.063097381591796875e+01 4.292638397216796875e+01 -8.648864746093750000e+00 -1.632144546508789062e+01 -6.409773826599121094e+00 4.332721328735351562e+01 1.129542446136474609e+01
5.019375610351562500e+01 8.165660858154296875e+00 4.157966613769531250e+01 -7.134810447692871094e+00 -1.730311203002929688e+01 -7.742482662200927734e+00 3.691705322265625000e+01 2.587983322143554688e+01
1.066761093139648438e+02 -1.089865970611572266e+01 1.766636276245117188e+01 1.369425415992736816e+00 -1.693124771118164062e+01 7.402689456939697266e+00 1.550006580352783203e+01 1.209070682525634766e+01
9.913964080810546875e+01 -1.012053012847900391e+01 1.511493873596191406e+01 9.600252151489257812e+00 -1.714958763122558594e+01 7.937453269958496094e+00 1.185905170440673828e+01 1.344340229034423828e+01
8.937812805175781250e+01 -8.681967735290527344e+00 1.471201705932617188e+01 2.832400083541870117e+00 -1.701672554016113281e+01 7.550301074981689453e+00 1.074201202392578125e+01 1.220937538146972656e+01
3.106190872192382812e+01 8.088012695312500000e+00 3.448909378051757812e+01 -5.566908836364746094e+00 -1.248611927032470703e+01 -8.201848983764648438e+00 1.994851493835449219e+01 3.946531057357788086e+00
2.639908218383789062e+01 6.959404945373535156e+00 2.700322723388671875e+01 -3.818232536315917969e+00 -1.264682483673095703e+01 -4.152503967285156250e+00 1.501028633117675781e+01 3.736558437347412109e+00
3.700749588012695312e+01 1.241343593597412109e+01 1.896226119995117188e+01 1.094867992401123047e+01 -4.348920822143554688e+00 -1.107353305816650391e+01 -2.576404809951782227e+00 1.361311435699462891e+01
2.944272994995117188e+01 8.094561576843261719e+00 3.051346015930175781e+01 -6.084226608276367188e+00 -1.517560958862304688e+01 -5.946061611175537109e+00 1.507849597930908203e+01 2.816152572631835938e+00
4.646086120605468750e+01 1.711660003662109375e+01 3.800335693359375000e+01 4.894886016845703125e+00 -1.020996856689453125e+01 -9.645584106445312500e+00 2.403428649902343750e+01 -2.005785369873046875e+01
6.432014465332031250e+01 3.214668273925781250e+00 4.480249404907226562e+01 1.275144767761230469e+01 -9.363998413085937500e+00 -2.048830223083496094e+01 2.766699028015136719e+01 1.248311138153076172e+01
4.796699523925781250e+01 9.920294761657714844e+00 3.593341064453125000e+01 6.506132125854492188e+00 -8.231559753417968750e+00 -1.195749282836914062e+01 1.648893165588378906e+01 -3.419893980026245117e+00
6.397742843627929688e+01 1.972046089172363281e+01 4.007839965820312500e+01 2.763753414154052734e+00 -6.688435077667236328e+00 -1.219304752349853516e+01 1.867250823974609375e+01 1.231281280517578125e+01
5.291825866699218750e+01 1.349438476562500000e+01 3.760904312133789062e+01 4.477762222290039062e+00 -1.269355487823486328e+01 -1.012397956848144531e+01 1.192239665985107422e+01 -1.062215423583984375e+01
6.927915954589843750e+01 1.535625934600830078e+01 4.281768798828125000e+01 1.105405521392822266e+01 -6.509731769561767578e+00 -2.008132171630859375e+01 1.412234878540039062e+01 1.228127861022949219e+01
3.039061927795410156e+01 6.078191757202148438e+00 3.208789825439453125e+01 -6.385533809661865234e+00 -1.486436939239501953e+01 -8.306903839111328125e+00 1.837755775451660156e+01 7.279027462005615234e+00
2.666389274597167969e+01 7.344244956970214844e+00 2.843378067016601562e+01 -4.656159400939941406e+00 -1.308846282958984375e+01 -9.356737136840820312e+00 1.547888565063476562e+01 6.282412052154541016e+00
5.694026947021484375e+01 1.500338649749755859e+01 4.097610473632812500e+01 7.567789077758789062e+00 -8.975043296813964844e+00 -2.164983940124511719e+01 1.270429992675781250e+01 -1.068322086334228516e+01
3.410866165161132812e+01 8.002660751342773438e+00 3.588592147827148438e+01 -3.955110311508178711e+00 -1.507924270629882812e+01 -6.993103027343750000e+00 1.779033088684082031e+01 4.651172161102294922e+00
6.751840972900390625e+01 7.703859806060791016e+00 4.518625640869140625e+01 1.519974136352539062e+01 -5.237446784973144531e+00 -3.210060882568359375e+01 5.961173057556152344e+00 1.939697074890136719e+01
2.147206115722656250e+01 4.555948257446289062e+00 2.280602073669433594e+01 -3.681490659713745117e+00 -9.724261283874511719e+00 -4.486673355102539062e+00 1.215741729736328125e+01 -6.503731608390808105e-01
3.472270965576171875e+01 8.507665634155273438e+00 3.561770248413085938e+01 -2.221841335296630859e+00 -1.470030975341796875e+01 -8.152478218078613281e+00 1.764805603027343750e+01 -4.266199588775634766e+00
3.160581398010253906e+01 1.086283016204833984e+01 2.505003929138183594e+01 1.302784323692321777e+00 -2.891229391098022461e+00 -3.814600944519042969e+00 6.086750030517578125e+00 -4.578819751739501953e+00
2.705013084411621094e+01 4.291093349456787109e+00 2.889041900634765625e+01 -7.776932716369628906e+00 -1.192626953125000000e+01 -6.658391475677490234e+00 1.445776462554931641e+01 2.411870718002319336e+00
