1.069699630737304688e+02 1.703579711914062500e+01 6.031020736694335938e+01 2.076121330261230469e+01 -7.373349189758300781e+00 -1.346732139587402344e+01 1.322685146331787109e+01 9.562049865722656250e+00
9.627236938476562500e+01 1.524430274963378906e+01 5.107461547851562500e+01 2.484606170654296875e+01 -9.924780845642089844e+00 -7.533245086669921875e+00 1.260547065734863281e+01 8.468116760253906250e+00
1.013140640258789062e+02 1.402214050292968750e+01 5.716474914550781250e+01 1.870804405212402344e+01 -8.263379096984863281e+00 -1.357578277587890625e+01 1.032808589935302734e+01 1.993159484863281250e+01
1.318220825195312500e+02 2.999217033386230469e+01 1.735994338989257812e+01 1.336372852325439453e+01 -4.081716537475585938e+00 -1.781129646301269531e+01 3.041923522949218750e+01 9.002330780029296875e+00
1.238174972534179688e+02 2.742347526550292969e+01 1.717210960388183594e+01 1.421353435516357422e+01 -2.609269380569458008e+00 -1.570434284210205078e+01 2.224146842956542969e+01 8.143225669860839844e+00
1.266833496093750000e+02 2.915197563171386719e+01 1.482967472076416016e+01 1.532054615020751953e+01 -2.497221231460571289e+00 -1.716725730895996094e+01 2.167881202697753906e+01 7.331088542938232422e+00
1.019698333740234375e+02 2.837209320068359375e+01 3.179673671722412109e+00 2.352323341369628906e+01 -4.962537288665771484e+00 -1.543515872955322266e+01 2.132460975646972656e+01 3.133742094039916992e+00
1.150909347534179688e+02 2.961689567565917969e+01 1.553784942626953125e+01 1.223383808135986328e+01 -1.641780614852905273e+00 -1.319851970672607422e+01 2.620205688476562500e+01 5.269687652587890625e+00
1.246817474365234375e+02 2.850392150878906250e+01 1.715633583068847656e+01 1.389509582519531250e+01 -5.083106040954589844e+00 -1.368825340270996094e+01 2.678956222534179688e+01 5.114136219024658203e+00
1.150716247558593750e+02 2.942243003845214844e+01 1.247478866577148438e+01 1.332837677001953125e+01 -3.608635902404785156e+00 -1.536469173431396484e+01 2.500915908813476562e+01 1.006209945678710938e+01
1.272011947631835938e+02 3.012286949157714844e+01 1.824949645996093750e+01 1.118103408813476562e+01 -3.274713516235351562e+00 -1.248897266387939453e+01 2.494719696044921875e+01 8.268724441528320312e+00
1.235546188354492188e+02 2.854684829711914062e+01 1.167411041259765625e+01 1.787677383422851562e+01 -4.133929252624511719e+00 -1.631977081298828125e+01 2.556148338317871094e+01 5.529253482818603516e-01
8.480332183837890625e+01 1.053542804718017578e+01 5.451436614990234375e+01 2.245703887939453125e+01 -7.356818199157714844e+00 -1.914673423767089844e+01 6.080605030059814453e+00 8.680814743041992188e+00
8.881729125976562500e+01 1.323496532440185547e+01 5.692730331420898438e+01 2.221702766418457031e+01 -7.891959667205810547e+00 -1.752931213378906250e+01 4.502053737640380859e+00 1.590683078765869141e+01
1.048906097412109375e+02 1.479152488708496094e+01 5.625484085083007812e+01 2.018902015686035156e+01 -8.621214866638183594e+00 -9.457408905029296875e+00 1.427439594268798828e+01 1.774039649963378906e+01
9.622196960449218750e+01 1.317471027374267578e+01 5.776045989990234375e+01 1.935292816162109375e+01 -1.205857276916503906e+01 -9.831134796142578125e+00 1.103941249847412109e+01 1.459144020080566406e+01
8.703090667724609375e+01 1.184747409820556641e+01 5.142446136474609375e+01 2.478439140319824219e+01 -1.162148857116699219e+01 -1.216281795501708984e+01 1.097893524169921875e+01 1.844774818420410156e+01
8.654466247558593750e+01 1.231331634521484375e+01 5.352866363525390625e+01 1.849094963073730469e+01 -1.144344806671142578e+01 -1.314863491058349609e+01 8.653013229370117188e+00 7.246953010559082031e+00
9.109176635742187500e+01 1.510336112976074219e+01 5.568507766723632812e+01 2.298471260070800781e+01 -9.232241630554199219e+00 -1.662581825256347656e+01 4.107810974121093750e+00 9.638671875000000000e+00
1.125398178100585938e+02 1.630051040649414062e+01 6.284295654296875000e+01 1.833855628967285156e+01 -9.085030555725097656e+00 -1.369753551483154297e+01 1.443204689025878906e+01 1.832674026489257812e+01
9.474551391601562500e+01 1.693203163146972656e+01 6.055378723144531250e+01 2.299472999572753906e+01 -1.060217952728271484e+01 -2.238469314575195312e+01 1.742726325988769531e+00 9.815621376037597656e+00
8.148506164550781250e+01 1.544740009307861328e+01 5.288333511352539062e+01 2.136938476562500000e+01 -4.601541042327880859e+00 -1.112243843078613281e+01 4.411162376403808594e+00 1.562236976623535156e+01
9.557798767089843750e+01 1.581172657012939453e+01 5.081903076171875000e+01 1.738204956054687500e+01 -9.463112831115722656e+00 -7.532567501068115234e+00 1.194688034057617188e+01 9.794751167297363281e+00
1.111108856201171875e+02 1.550597953796386719e+01 5.725123977661132812e+01 1.828621482849121094e+01 -7.846142768859863281e+00 -9.617129325866699219e+00 1.146355152130126953e+01 1.542301082611083984e+01
1.355235137939453125e+02 3.015935897827148438e+01 1.924852752685546875e+01 9.970146179199218750e+00 -3.224132061004638672e+00 -1.446972846984863281e+01 2.680701255798339844e+01 7.876885890960693359e+00
1.284977569580078125e+02 2.770868301391601562e+01 1.523945045471191406e+01 1.545285415649414062e+01 -5.339313507080078125e+00 -1.424263095855712891e+01 2.567882156372070312e+01 6.673578739166259766e+00
1.233989791870117188e+02 3.095693588256835938e+01 1.453323078155517578e+01 1.825830268859863281e+01 -1.499841094017028809e+00 -1.565089321136474609e+01 2.166039085388183594e+01 6.584165096282958984e+00
1.229753341674804688e+02 2.560793495178222656e+01 1.373555278778076172e+01 1.883533287048339844e+01 -3.196711540222167969e+00 -1.546752071380615234e+01 2.448143196105957031e+01 4.989608764648437500e+00
1.118932571411132812e+02 2.634055137634277344e+01 8.168678283691406250e+00 1.804627227783203125e+01 -2.483254432678222656e+00 -1.794605827331542969e+01 2.292819213867187500e+01 6.504705429077148438e+00
1.202659149169921875e+02 3.164940261840820312e+01 1.593455982208251953e+01 4.864158630371093750e+00 -8.241722106933593750e+00 -8.170984268188476562e+00 2.631414413452148438e+01 7.888025045394897461e-01
1.211695098876953125e+02 2.845430564880371094e+01 1.176579380035400391e+01 1.744513320922851562e+01 -3.080798625946044922e+00 -1.404714679718017578e+01 2.305948066711425781e+01 1.032363986968994141e+01
1.274581375122070312e+02 3.014093399047851562e+01 1.934114074707031250e+01 1.299733257293701172e+01 -2.949538230895996094e+00 -1.473494911193847656e+01 2.423603439331054688e+01 1.134372234344482422e+01
1.199120025634765625e+02 3.416071319580078125e+01 1.606442260742187500e+01 3.893623590469360352e+00 -9.772202491760253906e+00 -6.837954521179199219e+00 2.799370574951171875e+01 -1.139647006988525391e+00
1.313369750976562500e+02 2.911811447143554688e+01 1.594427585601806641e+01 1.474228096008300781e+01 -8.055614233016967773e-01 -1.578738307952880859e+01 2.538795089721679688e+01 8.211273193359375000e+00
1.262799148559570312e+02 3.276212310791015625e+01 1.767825126647949219e+01 1.324890518188476562e+01 -4.317580699920654297e+00 -1.633197402954101562e+01 3.003956413269042969e+01 2.707093715667724609e+00
1.151595306396484375e+02 3.219129943847656250e+01 1.035780334472656250e+01 1.738965225219726562e+01 -3.290117025375366211e+00 -1.450375175476074219e+01 2.336051368713378906e+01 -5.314545631408691406e+00
1.146086807250976562e+02 2.581005287170410156e+01 1.515843200683593750e+01 1.237669181823730469e+01 -1.912901163101196289e+00 -1.309861373901367188e+01 2.248583412170410156e+01 6.034687995910644531e+00
1.184622497558593750e+02 2.415097427368164062e+01 1.512849140167236328e+01 1.465392303466796875e+01 -2.172407388687133789e+00 -1.385967063903808594e+01 2.149007797241210938e+01 5.637900829315185547e+00
1.175120925903320312e+02 3.299333190917968750e+01 1.317961120605468750e+01 1.405153274536132812e+01 -5.473923683166503906e+00 -1.197776889801025391e+01 2.710768127441406250e+01 1.544593691825866699e+00
1.248758316040039062e+02 2.664611625671386719e+01 1.435388374328613281e+01 1.664258384704589844e+01 -2.757774114608764648e+00 -1.577036762237548828e+01 2.352605247497558594e+01 8.108036994934082031e+00
9.781427001953125000e+01 2.664387512207031250e+01 7.066503047943115234e+00 1.485424518585205078e+01 -7.182484626770019531e+00 -1.241425132751464844e+01 1.929779624938964844e+01 1.829883217811584473e+00
1.209946060180664062e+02 2.778029823303222656e+01 1.307595252990722656e+01 1.604699325561523438e+01 -2.676136732101440430e+00 -1.262813186645507812e+01 2.559869384765625000e+01 7.487208843231201172e+00
1.182001419067382812e+02 2.634110641479492188e+01 1.406595897674560547e+01 1.669564819335937500e+01 -1.516815423965454102e+00 -1.508515167236328125e+01 2.073284339904785156e+01 6.951249122619628906e+00
1.211085433959960938e+02 2.841408157348632812e+01 1.403733158111572266e+01 1.506493949890136719e+01 -4.933865547180175781e+00 -1.441739463806152344e+01 2.454497528076171875e+01 5.698071479797363281e+00
1.614404449462890625e+02 3.980313110351562500e+01 2.945027542114257812e+01 -1.673339462280273438e+01 -3.181682205200195312e+01 -5.495144367218017578e+00 1.622121047973632812e+01 1.463972377777099609e+01
1.523604278564453125e+02 2.947178649902343750e+01 2.655904197692871094e+01 -5.005846977233886719e+00 -3.273125839233398438e+01 -1.824275779724121094e+01 1.205863189697265625e+01 1.264067745208740234e+01
1.438757781982421875e+02 3.823650360107421875e+01 2.351177787780761719e+01 -1.301791477203369141e+01 -3.581155776977539062e+01 -1.006264686584472656e+01 1.452043247222900391e+01 9.611947059631347656e+00
1.164101715087890625e+02 4.403548812866210938e+01 2.300024414062500000e+01 -1.415043544769287109e+01 -3.408979034423828125e+01 -1.491167783737182617e+00 1.176869201660156250e+01 1.634087443351745605e+00
1.316182098388671875e+02 4.026623916625976562e+01 2.180645751953125000e+01 -1.649482345581054688e+01 -4.091629409790039062e+01 -5.805555820465087891e+00 1.264948272705078125e+01 6.188223958015441895e-01
1.226285324096679688e+02 4.028231811523437500e+01 2.359002113342285156e+01 -1.711607170104980469e+01 -3.038161468505859375e+01 -2.249689102172851562e+00 1.544989109039306641e+01 6.310506343841552734e+00
1.267850570678710938e+02 3.622391891479492188e+01 2.409529495239257812e+01 -1.561517620086669922e+01 -4.337730789184570312e+01 -7.226191997528076172e+00 1.586037635803222656e+01 2.461054563522338867e+00
1.323975372314453125e+02 4.010293960571289062e+01 3.060884475708007812e+01 -5.157251358032226562e+00 -2.860337448120117188e+01 -1.468872261047363281e+01 5.381041049957275391e+00 1.784130859375000000e+01
1.445105285644531250e+02 3.504785537719726562e+01 3.062265586853027344e+01 -1.210951423645019531e+01 -2.698746681213378906e+01 -9.634139060974121094e+00 1.277886199951171875e+01 1.394677543640136719e+01
1.335046691894531250e+02 4.702525329589843750e+01 2.263595771789550781e+01 -1.423489665985107422e+01 -3.886275482177734375e+01 -1.028298568725585938e+01 1.313074207305908203e+01 1.249629592895507812e+01
1.444760589599609375e+02 3.107266616821289062e+01 3.034042930603027344e+01 -7.621453762054443359e+00 -2.466791343688964844e+01 -1.035502338409423828e+01 1.591856861114501953e+01 1.561295795440673828e+01
1.479358520507812500e+02 4.290656280517578125e+01 2.357866287231445312e+01 -2.271345710754394531e+01 -4.122189712524414062e+01 -4.962589263916015625e+00 1.788977241516113281e+01 4.085605144500732422e+00
1.371703186035156250e+02 3.730455398559570312e+01 2.414118003845214844e+01 -1.296824455261230469e+01 -3.416287994384765625e+01 -9.267514228820800781e+00 1.150216770172119141e+01 1.167787170410156250e+01
1.577855682373046875e+02 3.745068740844726562e+01 2.888396072387695312e+01 -9.085926055908203125e+00 -3.437373733520507812e+01 -1.627236747741699219e+01 1.191845512390136719e+01 1.648169517517089844e+01
1.134169387817382812e+02 3.679200744628906250e+01 1.829542350769042969e+01 -1.150117397308349609e+01 -4.113165283203125000e+01 -1.098231410980224609e+01 5.548932075500488281e+00 8.336595535278320312e+00
1.530002746582031250e+02 3.593675994873046875e+01 2.721033287048339844e+01 -9.306535720825195312e+00 -2.448696517944335938e+01 -1.059143638610839844e+01 1.109730339050292969e+01 1.698404121398925781e+01
1.556904602050781250e+02 3.097350692749023438e+01 3.292877578735351562e+01 -1.185428619384765625e+01 -2.219966316223144531e+01 -7.141427040100097656e+00 1.651342773437500000e+01 1.357314682006835938e+01
1.363850555419921875e+02 4.166081237792968750e+01 2.140649986267089844e+01 -7.687088966369628906e+00 -2.950071716308593750e+01 -9.284059524536132812e+00 5.228563785552978516e+00 1.743040657043457031e+01
1.502377471923828125e+02 3.492821502685546875e+01 2.763969421386718750e+01 -2.122873878479003906e+01 -3.214513015747070312e+01 -2.180551290512084961e+00 1.743103408813476562e+01 6.847780704498291016e+00
1.511156768798828125e+02 3.637837219238281250e+01 3.501201629638671875e+01 -1.506180572509765625e+01 -2.711820983886718750e+01 -1.050051975250244141e+01 1.235427093505859375e+01 1.745166778564453125e+01
1.463136138916015625e+02 3.061449623107910156e+01 2.939901542663574219e+01 -1.092396545410156250e+01 -3.302117156982421875e+01 -1.180396938323974609e+01 9.139037132263183594e+00 1.585241508483886719e+01
1.294226074218750000e+02 4.106578063964843750e+01 2.434746170043945312e+01 -1.436795616149902344e+01 -3.822556686401367188e+01 -1.265385055541992188e+01 1.382898807525634766e+01 7.649100303649902344e+00
8.793756866455078125e+01 2.807500123977661133e+00 1.505765151977539062e+01 2.663230895996093750e+01 -3.669660568237304688e+01 -3.846740007400512695e+00 2.127629852294921875e+01 -1.350866603851318359e+01
1.412913665771484375e+02 -4.145874500274658203e+00 2.672441482543945312e+01 2.364238357543945312e+01 -3.273060226440429688e+01 -5.407986164093017578e+00 3.069617843627929688e+01 1.689826202392578125e+01
1.254287490844726562e+02 5.265560150146484375e-01 2.624949264526367188e+01 3.014781761169433594e+01 -3.693717193603515625e+01 -8.974035263061523438e+00 2.182864189147949219e+01 1.666445922851562500e+01
1.025613479614257812e+02 4.052659511566162109e+00 1.842323875427246094e+01 1.454038429260253906e+01 -3.804878616333007812e+01 3.632800102233886719e+00 3.188704299926757812e+01 -3.012307405471801758e+00
1.336575775146484375e+02 1.578276604413986206e-02 2.534284591674804688e+01 2.740314865112304688e+01 -3.077181243896484375e+01 -1.029877853393554688e+01 4.173108291625976562e+01 1.211064624786376953e+01
1.324979553222656250e+02 1.825187921524047852e+00 2.639718818664550781e+01 2.142977333068847656e+01 -2.741120719909667969e+01 -5.156714916229248047e+00 3.624760437011718750e+01 1.145238685607910156e+01
1.366574707031250000e+02 -6.024779319763183594e+00 2.467707443237304688e+01 2.573067855834960938e+01 -2.951349449157714844e+01 -6.210683822631835938e+00 3.616078186035156250e+01 1.680743598937988281e+01
1.425356140136718750e+02 -1.795964002609252930e+00 2.885528945922851562e+01 2.382544136047363281e+01 -2.989614868164062500e+01 -8.763409614562988281e+00 3.345522308349609375e+01 2.038779640197753906e+01
1.332281799316406250e+02 -2.693546056747436523e+00 2.392543411254882812e+01 2.335251045227050781e+01 -2.979039573669433594e+01 -4.062320709228515625e+00 3.300091171264648438e+01 1.126521301269531250e+01
8.456125640869140625e+01 2.622422218322753906e+00 1.547409629821777344e+01 3.000434303283691406e+01 -3.495977401733398438e+01 -7.891891002655029297e+00 1.393485832214355469e+01 -4.252250671386718750e+00
1.184388046264648438e+02 -3.428631067276000977e+00 1.860417556762695312e+01 2.558636093139648438e+01 -3.280377960205078125e+01 -8.432860374450683594e-01 3.032181930541992188e+01 1.017938041687011719e+01
1.374853363037109375e+02 -1.649544119834899902e+00 2.292539596557617188e+01 2.996026992797851562e+01 -2.950433540344238281e+01 -6.613114833831787109e+00 3.598214721679687500e+01 1.475998401641845703e+01
1.089037399291992188e+02 -3.551160812377929688e+00 1.841310882568359375e+01 3.275746917724609375e+01 -3.559881591796875000e+01 -1.107097244262695312e+01 3.178589248657226562e+01 1.901353454589843750e+01
1.304616699218750000e+02 -5.550193786621093750e-01 2.071221351623535156e+01 2.501903915405273438e+01 -3.064067268371582031e+01 -2.748817682266235352e+00 3.372151565551757812e+01 8.153903961181640625e+00
9.000279235839843750e+01 2.929793119430541992e+00 1.062386131286621094e+01 2.408599662780761719e+01 -3.905333709716796875e+01 4.353242397308349609e+00 2.559520530700683594e+01 8.375242233276367188e+00
8.492288208007812500e+01 1.667363286018371582e+00 8.258885383605957031e+00 1.867481231689453125e+01 -3.505799484252929688e+01 3.263730049133300781e+00 2.250210380554199219e+01 -6.633670806884765625e+00
9.967285156250000000e+01 4.060282230377197266e+00 1.938701438903808594e+01 2.768098258972167969e+01 -3.607557678222656250e+01 -5.444077968597412109e+00 2.071932983398437500e+01 -5.222830176353454590e-01
1.078794555664062500e+02 2.465884971618652344e+01 2.334718513488769531e+01 5.700044155120849609e+00 8.351337432861328125e+00 6.347269535064697266e+00 1.516326808929443359e+01 1.316168880462646484e+01
1.070212707519531250e+02 2.291477966308593750e+01 2.316434478759765625e+01 7.860808372497558594e+00 6.645821094512939453e+00 6.701515197753906250e+00 1.702091217041015625e+01 1.171968460083007812e+01
1.146285629272460938e+02 2.725797080993652344e+01 2.655903816223144531e+01 6.116530418395996094e+00 1.363566398620605469e+01 7.931012153625488281e+00 1.878398895263671875e+01 1.434899616241455078e+01
1.363760375976562500e+02 2.619307327270507812e+01 3.301036071777343750e+01 2.813325405120849609e+00 5.060211181640625000e+00 6.922786712646484375e+00 2.054773712158203125e+01 1.447526931762695312e+01
1.048784713745117188e+02 2.108016967773437500e+01 2.335933113098144531e+01 8.127183914184570312e+00 5.888695240020751953e+00 4.180492877960205078e+00 1.576033210754394531e+01 1.272356414794921875e+01
9.937336730957031250e+01 3.149166679382324219e+01 2.121741294860839844e+01 -2.085936546325683594e+00 1.280445933341979980e+00 1.299426937103271484e+01 1.775389671325683594e+01 4.486592769622802734e+00
1.264688568115234375e+02 2.326842117309570312e+01 3.029768753051757812e+01 1.736026525497436523e+00 8.550328254699707031e+00 6.605778217315673828e+00 1.995001220703125000e+01 1.323944091796875000e+01
1.127532882690429688e+02 3.139356422424316406e+01 2.479417419433593750e+01 -4.670283794403076172e+00 3.160657644271850586e+00 1.571106815338134766e+01 2.215711784362792969e+01 5.827786445617675781e+00
1.200569686889648438e+02 3.367946243286132812e+01 2.712253379821777344e+01 -4.395485401153564453e+00 1.117456078529357910e+00 1.564618396759033203e+01 2.196868133544921875e+01 7.273022651672363281e+00
1.279898376464843750e+02 2.774205589294433594e+01 2.901543045043945312e+01 7.753153324127197266e+00 7.996149539947509766e+00 7.279811382293701172e+00 2.202328681945800781e+01 1.562283420562744141e+01
9.876155853271484375e+01 2.353644180297851562e+01 2.081516456604003906e+01 7.573630332946777344e+00 6.557086467742919922e+00 4.736718654632568359e+00 1.568192768096923828e+01 1.270906257629394531e+01
1.090783538818359375e+02 2.418566322326660156e+01 2.664686775207519531e+01 4.034979820251464844e+00 9.122332572937011719e+00 6.574470520019531250e+00 1.764690971374511719e+01 1.237828826904296875e+01
1.125427246093750000e+02 3.327825546264648438e+01 2.343787765502929688e+01 1.976643681526184082e+00 1.369502425193786621e+00 1.492210960388183594e+01 2.085124397277832031e+01 7.770407199859619141e+00
1.212019805908203125e+02 2.489984512329101562e+01 2.940933799743652344e+01 6.526666164398193359e+00 1.416651725769042969e+01 6.919915199279785156e+00 1.834417915344238281e+01 1.146712684631347656e+01
1.016110763549804688e+02 2.475617599487304688e+01 2.075976753234863281e+01 8.501860618591308594e+00 8.167050361633300781e+00 5.649681568145751953e+00 1.556296253204345703e+01 1.398011684417724609e+01
1.206679916381835938e+02 2.793542289733886719e+01 2.524759674072265625e+01 6.056048393249511719e+00 9.530219078063964844e+00 8.300631523132324219e+00 2.056836700439453125e+01 1.321288585662841797e+01
1.067255477905273438e+02 3.506591033935546875e+01 2.243621826171875000e+01 -6.128691196441650391e+00 2.066514968872070312e+00 1.579215908050537109e+01 2.095665550231933594e+01 8.067826271057128906e+00
1.231825332641601562e+02 2.334514617919921875e+01 2.800880241394042969e+01 3.047455310821533203e+00 8.193862915039062500e+00 6.058317184448242188e+00 2.099921989440917969e+01 1.415472602844238281e+01
1.045325927734375000e+02 3.465299606323242188e+01 2.291382598876953125e+01 -4.351271152496337891e+00 3.039138555526733398e+00 1.683231353759765625e+01 2.054184150695800781e+01 8.860857009887695312e+00
1.190136947631835938e+02 2.699101448059082031e+01 2.838022041320800781e+01 4.554809093475341797e+00 8.196084976196289062e+00 6.779533863067626953e+00 1.887566947937011719e+01 1.429840660095214844e+01
1.221377868652343750e+02 2.764303016662597656e+01 2.882138442993164062e+01 3.253360688686370850e-01 4.965229034423828125e+00 9.675922393798828125e+00 1.972019577026367188e+01 1.375176239013671875e+01
1.167575759887695312e+02 2.587888908386230469e+01 2.830456733703613281e+01 1.161072611808776855e+00 4.356223583221435547e+00 6.965832233428955078e+00 1.828556632995605469e+01 1.120405578613281250e+01
1.245869979858398438e+02 2.789967346191406250e+01 2.974017143249511719e+01 4.481779575347900391e+00 4.885098457336425781e+00 7.790298938751220703e+00 1.970602226257324219e+01 1.712748146057128906e+01
1.170409927368164062e+02 2.409799957275390625e+01 2.637802696228027344e+01 4.999949455261230469e+00 6.788305759429931641e+00 6.062592983245849609e+00 1.766355323791503906e+01 1.410558509826660156e+01
1.147166595458984375e+02 2.903112983703613281e+01 1.399738311767578125e+01 1.263671207427978516e+01 -1.517661333084106445e+00 -1.125398349761962891e+01 2.382196426391601562e+01 4.644915103912353516e+00
1.478582611083984375e+02 -1.384656238555908203e+01 3.027198219299316406e+01 -3.731204032897949219e+00 -4.627172470092773438e+00 -9.772466659545898438e+00 2.096028137207031250e+01 6.741431236267089844e+00
1.446791992187500000e+02 -1.239033222198486328e+01 3.069085502624511719e+01 -6.661307811737060547e+00 -4.442401885986328125e+00 -9.958836555480957031e+00 1.952803802490234375e+01 7.514444828033447266e+00
1.429149627685546875e+02 -1.158271884918212891e+01 2.752986335754394531e+01 -5.275903224945068359e+00 -5.073563575744628906e+00 -1.025644683837890625e+01 1.940540885925292969e+01 6.227632522583007812e+00
1.482011871337890625e+02 -9.021130561828613281e+00 3.182229423522949219e+01 -1.035777091979980469e+01 -5.231587886810302734e+00 -7.944557189941406250e+00 1.915585708618164062e+01 6.913227558135986328e+00
1.451068725585937500e+02 -1.385045337677001953e+01 2.884821319580078125e+01 -5.061194419860839844e+00 -5.002540588378906250e+00 -1.121326732635498047e+01 1.942386054992675781e+01 6.451083660125732422e+00
1.474753265380859375e+02 -1.569874858856201172e+01 3.006298637390136719e+01 -5.274239540100097656e+00 -6.402275085449218750e+00 -1.088353824615478516e+01 1.942604827880859375e+01 6.342180728912353516e+00
1.507938995361328125e+02 -1.405199813842773438e+01 3.136485481262207031e+01 -7.638634681701660156e+00 -4.203146934509277344e+00 -1.018670272827148438e+01 1.982196617126464844e+01 6.762273788452148438e+00
1.471672973632812500e+02 -1.294980335235595703e+01 3.404376602172851562e+01 -8.331469535827636719e+00 -4.481543540954589844e+00 -9.410103797912597656e+00 1.884142684936523438e+01 8.482018470764160156e+00
1.511057128906250000e+02 -1.338154888153076172e+01 2.992292213439941406e+01 -6.571300029754638672e+00 -5.618579387664794922e+00 -1.096743869781494141e+01 1.944762039184570312e+01 6.256939888000488281e+00
1.417878112792968750e+02 -1.132960987091064453e+01 3.070734024047851562e+01 -5.956166744232177734e+00 -4.107782840728759766e+00 -1.160592842102050781e+01 1.938392829895019531e+01 7.903789520263671875e+00
1.488191070556640625e+02 -1.412378215789794922e+01 2.830927276611328125e+01 -4.946288108825683594e+00 -6.198169231414794922e+00 -1.189607524871826172e+01 1.986496162414550781e+01 7.635841846466064453e+00
1.512598419189453125e+02 -1.324215316772460938e+01 3.172383117675781250e+01 -6.081049442291259766e+00 -5.639208316802978516e+00 -1.164933776855468750e+01 1.884568595886230469e+01 7.947189331054687500e+00
1.174890518188476562e+02 3.118596649169921875e+01 1.482482433319091797e+01 1.297303009033203125e+01 -2.276465654373168945e+00 -1.482980442047119141e+01 2.297326660156250000e+01 4.653441905975341797e+00
1.271453552246093750e+02 3.090802001953125000e+01 1.476745796203613281e+01 1.150413036346435547e+01 -3.274365186691284180e+00 -1.246941947937011719e+01 2.478926467895507812e+01 5.305039882659912109e+00
1.165184097290039062e+02 2.479039382934570312e+01 1.473000526428222656e+01 1.383088779449462891e+01 -2.438755035400390625e+00 -1.611571121215820312e+01 2.437459182739257812e+01 6.179275035858154297e+00
1.278476181030273438e+02 2.708839797973632812e+01 1.466869354248046875e+01 1.657095718383789062e+01 -4.220485210418701172e+00 -1.535040855407714844e+01 2.652724075317382812e+01 1.972727894783020020e+00
1.215254821777343750e+02 2.785142898559570312e+01 1.730611228942871094e+01 9.999269485473632812e+00 -2.033228874206542969e+00 -1.258584594726562500e+01 2.380303001403808594e+01 7.936435699462890625e+00
1.224793243408203125e+02 2.845613479614257812e+01 1.338644790649414062e+01 1.306379890441894531e+01 -5.099861621856689453e+00 -1.314164543151855469e+01 2.434232139587402344e+01 7.146466255187988281e+00
1.368224334716796875e+02 2.705454254150390625e+01 2.184199905395507812e+01 1.013890933990478516e+01 -2.449612140655517578e+00 -1.172412109375000000e+01 2.544270133972167969e+01 7.504911422729492188e+00
1.189511489868164062e+02 2.788291168212890625e+01 9.905742645263671875e+00 1.804777717590332031e+01 -3.021837472915649414e+00 -1.478451061248779297e+01 2.495800781250000000e+01 5.742561817169189453e+00
1.178561553955078125e+02 -7.795250415802001953e+00 2.298000335693359375e+01 -6.677461624145507812e+00 -9.841387748718261719e+00 -5.133947372436523438e+00 1.634106636047363281e+01 -2.519556581974029541e-01
1.127889862060546875e+02 -1.172282695770263672e+01 2.160045623779296875e+01 1.232991814613342285e+00 -4.941769123077392578e+00 -1.127559280395507812e+01 1.449536037445068359e+01 3.992818832397460938e+00
1.473352050781250000e+02 -1.104429149627685547e+01 3.082618141174316406e+01 -6.832549095153808594e+00 -3.679908752441406250e+00 -9.834956169128417969e+00 1.884126853942871094e+01 7.579941749572753906e+00
1.502436676025390625e+02 -1.425247097015380859e+01 3.079436492919921875e+01 -4.866821765899658203e+00 -4.590723991394042969e+00 -1.229110050201416016e+01 2.227398490905761719e+01 7.825127601623535156e+00
1.452416076660156250e+02 -6.611630916595458984e+00 3.274201965332031250e+01 -5.133210182189941406e+00 -6.742229461669921875e+00 -1.035290241241455078e+01 1.722008323669433594e+01 6.325020313262939453e+00
1.470027313232421875e+02 -1.083331966400146484e+01 2.880844306945800781e+01 -6.395169258117675781e+00 -5.832194328308105469e+00 -9.451158523559570312e+00 1.927283096313476562e+01 6.887762069702148438e+00
1.447139739990234375e+02 -1.377406978607177734e+01 2.732876586914062500e+01 -4.310217857360839844e+00 -5.832190513610839844e+00 -1.026530170440673828e+01 1.928781700134277344e+01 6.408391475677490234e+00
1.450347900390625000e+02 -1.313953685760498047e+01 2.879103851318359375e+01 -5.955632209777832031e+00 -6.712117195129394531e+00 -9.787127494812011719e+00 1.919298744201660156e+01 5.361677646636962891e+00
1.386634368896484375e+02 -1.234804725646972656e+01 2.887552642822265625e+01 -3.946280479431152344e+00 -5.446149826049804688e+00 -9.196178436279296875e+00 1.877364921569824219e+01 7.519579887390136719e+00
1.451149139404296875e+02 -1.312966728210449219e+01 2.956794166564941406e+01 -4.416086196899414062e+00 -5.632569789886474609e+00 -1.236721134185791016e+01 1.921269798278808594e+01 6.872090339660644531e+00
1.167762603759765625e+02 -9.750102996826171875e+00 2.175622749328613281e+01 -2.103420972824096680e+00 -4.632486820220947266e+00 -9.156297683715820312e+00 1.501111602783203125e+01 4.414869308471679688e+00
1.470994415283203125e+02 -1.371464252471923828e+01 2.815687179565429688e+01 -5.177815437316894531e+00 -6.008330821990966797e+00 -1.202594470977783203e+01 2.067896842956542969e+01 6.639461517333984375e+00
1.533465576171875000e+02 -1.320246982574462891e+01 2.969140815734863281e+01 -6.574005126953125000e+00 -6.281756877899169922e+00 -1.188211345672607422e+01 2.119113731384277344e+01 6.547009468078613281e+00
1.474172363281250000e+02 -1.426161193847656250e+01 2.956857872009277344e+01 -5.507623672485351562e+00 -4.810620307922363281e+00 -1.045634460449218750e+01 1.940453147888183594e+01 5.488406658172607422e+00
1.483199768066406250e+02 -1.273337268829345703e+01 3.016204452514648438e+01 -4.594720363616943359e+00 -5.091286659240722656e+00 -9.539245605468750000e+00 1.868025207519531250e+01 7.334218025207519531e+00
1.434053649902343750e+02 -1.405773544311523438e+01 2.979594993591308594e+01 -4.983278751373291016e+00 -5.777921199798583984e+00 -1.097752857208251953e+01 1.915059852600097656e+01 6.438907146453857422e+00
1.481052703857421875e+02 -1.481883525848388672e+01 3.016844749450683594e+01 -5.827188014984130859e+00 -7.720003128051757812e+00 -9.413276672363281250e+00 2.030176353454589844e+01 5.316604614257812500e+00
1.422474975585937500e+02 -1.304523277282714844e+01 2.795679473876953125e+01 -2.341187477111816406e+00 -6.651611804962158203e+00 -1.192836189270019531e+01 1.843250274658203125e+01 7.394451618194580078e+00
1.449938507080078125e+02 -1.367695140838623047e+01 2.867146873474121094e+01 -4.215313911437988281e+00 -5.835910320281982422e+00 -1.063987827301025391e+01 2.033461570739746094e+01 6.155758380889892578e+00
1.548185424804687500e+02 -1.329880142211914062e+01 3.289960098266601562e+01 -7.611908435821533203e+00 -6.841101169586181641e+00 -1.027766799926757812e+01 2.194578170776367188e+01 6.101980686187744141e+00
1.478394927978515625e+02 -1.464704704284667969e+01 2.835032844543457031e+01 -4.491529464721679688e+00 -5.273088455200195312e+00 -1.151656246185302734e+01 1.889026260375976562e+01 7.178498268127441406e+00
1.484743041992187500e+02 -1.355604362487792969e+01 3.097969818115234375e+01 -6.072062969207763672e+00 -5.301809310913085938e+00 -1.155534744262695312e+01 1.915598487854003906e+01 7.258661746978759766e+00
1.434618530273437500e+02 1.588087368011474609e+01 5.764858245849609375e+01 1.592868900299072266e+01 -1.367943954467773438e+01 9.551093578338623047e-01 2.003162193298339844e+01 5.882435321807861328e+00
1.468822937011718750e+02 1.715519905090332031e+01 5.724620437622070312e+01 1.117572402954101562e+01 -1.064633464813232422e+01 1.661907583475112915e-01 1.929885482788085938e+01 6.228712201118469238e-01
1.314087371826171875e+02 1.730336189270019531e+01 5.960116958618164062e+01 1.890933227539062500e+01 -1.877821159362792969e+01 4.118058204650878906e+00 1.555214786529541016e+01 2.741904735565185547e+00
1.518637847900390625e+02 1.734653663635253906e+01 5.946831893920898438e+01 1.186347198486328125e+01 -1.254998588562011719e+01 8.063066601753234863e-01 2.083988189697265625e+01 3.284077644348144531e+00
1.515626373291015625e+02 1.746157646179199219e+01 6.095586776733398438e+01 1.050348281860351562e+01 -1.335377311706542969e+01 1.329044997692108154e-01 2.294242668151855469e+01 2.297065019607543945e+00
1.568127899169921875e+02 1.835114860534667969e+01 6.025056076049804688e+01 1.626225280761718750e+01 -1.333984375000000000e+01 -1.506856203079223633e+00 2.158930587768554688e+01 2.991235733032226562e+00
1.431039733886718750e+02 1.844614601135253906e+01 5.788174438476562500e+01 1.577200603485107422e+01 -1.457612800598144531e+01 2.946658611297607422e+00 1.857402801513671875e+01 4.589345455169677734e+00
1.463625335693359375e+02 1.721703338623046875e+01 6.077377319335937500e+01 1.554670619964599609e+01 -1.665017127990722656e+01 -9.410213232040405273e-01 1.896198463439941406e+01 4.281100749969482422e+00
1.466692810058593750e+02 1.983978271484375000e+01 5.866209030151367188e+01 1.429193973541259766e+01 -1.501356220245361328e+01 2.144508838653564453e+00 2.204215431213378906e+01 3.905854821205139160e-01
1.408040466308593750e+02 1.748134994506835938e+01 5.918605422973632812e+01 2.131222534179687500e+01 -1.736862373352050781e+01 1.902484178543090820e+00 2.431525611877441406e+01 -9.483191490173339844e+00
1.405166015625000000e+02 1.801537132263183594e+01 5.479600906372070312e+01 1.659725570678710938e+01 -1.514023971557617188e+01 6.350490450859069824e-01 1.846092605590820312e+01 1.771354973316192627e-01
1.448603820800781250e+02 1.873148155212402344e+01 5.807471847534179688e+01 1.427943801879882812e+01 -1.431583309173583984e+01 2.949344873428344727e+00 2.115347862243652344e+01 -3.156750649213790894e-02
1.546063385009765625e+02 1.715963172912597656e+01 5.984674835205078125e+01 1.405241584777832031e+01 -1.501376342773437500e+01 2.090040147304534912e-01 1.973875808715820312e+01 2.728744983673095703e+00
1.514063720703125000e+02 2.009276390075683594e+01 5.658880615234375000e+01 1.321227169036865234e+01 -1.705778884887695312e+01 1.563813209533691406e+00 2.241174316406250000e+01 -1.151987075805664062e+00
1.324414672851562500e+02 1.977881622314453125e+01 5.554467773437500000e+01 1.571309947967529297e+01 -2.051208877563476562e+01 3.551213026046752930e+00 1.530172729492187500e+01 9.103006124496459961e-01
1.249207077026367188e+02 1.937791252136230469e+01 5.820431900024414062e+01 1.944321250915527344e+01 -1.760827827453613281e+01 3.692919969558715820e+00 1.480384349822998047e+01 -2.113794088363647461e+00
1.423361053466796875e+02 -1.428613853454589844e+01 2.763101005554199219e+01 -4.649722576141357422e+00 -5.895377159118652344e+00 -8.976565361022949219e+00 2.032026290893554688e+01 5.145080566406250000e+00
1.529867553710937500e+02 -1.578374099731445312e+01 3.264577102661132812e+01 -3.994800090789794922e+00 -5.351566791534423828e+00 -1.282734107971191406e+01 1.841624069213867188e+01 6.704350471496582031e+00
1.474858398437500000e+02 -1.237725639343261719e+01 2.957258415222167969e+01 -6.855914592742919922e+00 -3.336475610733032227e+00 -1.010956478118896484e+01 1.803303909301757812e+01 7.313095569610595703e+00
1.541955108642578125e+02 -1.343697643280029297e+01 3.146792984008789062e+01 -6.581981658935546875e+00 -4.922039031982421875e+00 -1.148938083648681641e+01 2.062978744506835938e+01 7.049816131591796875e+00
1.532471771240234375e+02 -1.454250144958496094e+01 2.894121170043945312e+01 -6.749247074127197266e+00 -5.495757579803466797e+00 -1.232617759704589844e+01 1.957303428649902344e+01 8.080679893493652344e+00
1.505534973144531250e+02 -1.369071197509765625e+01 3.120510292053222656e+01 -7.034398078918457031e+00 -4.471023559570312500e+00 -1.117092037200927734e+01 1.864218711853027344e+01 6.468184947967529297e+00
1.222021865844726562e+02 -1.161716461181640625e+01 2.224085998535156250e+01 -4.934665560722351074e-01 -4.838297843933105469e+00 -9.387800216674804688e+00 1.632729721069335938e+01 3.525808572769165039e+00
1.196441955566406250e+02 -1.238969802856445312e+01 2.227654647827148438e+01 -4.248840510845184326e-01 -5.498624324798583984e+00 -1.001707553863525391e+01 1.548672580718994141e+01 4.163497447967529297e+00
9.739952087402343750e+01 -6.526943683624267578e+00 1.420278167724609375e+01 2.039814949035644531e+01 -2.515472030639648438e+01 4.674699783325195312e+00 5.896527290344238281e+00 1.700674247741699219e+01
1.123717727661132812e+02 -7.455634117126464844e+00 1.255862712860107422e+01 2.545936965942382812e+01 -2.478313827514648438e+01 5.181907653808593750e+00 1.666582870483398438e+01 1.692773246765136719e+01
1.003792343139648438e+02 -8.834009170532226562e+00 1.089668464660644531e+01 2.415139198303222656e+01 -2.399283027648925781e+01 5.755352497100830078e+00 1.241541767120361328e+01 1.661990547180175781e+01
1.039659347534179688e+02 -6.812103748321533203e+00 1.477560901641845703e+01 2.592266464233398438e+01 -2.175425720214843750e+01 5.186498641967773438e+00 1.484480476379394531e+01 9.789685249328613281e+00
1.239632186889648438e+02 -9.556647300720214844e+00 1.613507652282714844e+01 2.451321029663085938e+01 -2.397343254089355469e+01 4.115931034088134766e+00 1.635182762145996094e+01 1.269029045104980469e+01
8.949395751953125000e+01 -6.327627182006835938e+00 1.216333580017089844e+01 2.305607795715332031e+01 -2.006526374816894531e+01 5.631310462951660156e+00 7.710062026977539062e+00 1.148721218109130859e+01
1.030990982055664062e+02 -7.309650897979736328e+00 9.710567474365234375e+00 2.754746818542480469e+01 -2.490337753295898438e+01 6.151063442230224609e+00 1.076104164123535156e+01 1.192922687530517578e+01
1.151022720336914062e+02 -1.165310764312744141e+01 1.525409221649169922e+01 2.202392959594726562e+01 -2.412352561950683594e+01 4.618453502655029297e+00 1.324249362945556641e+01 1.579064464569091797e+01
1.036580429077148438e+02 -1.134988880157470703e+01 1.398540019989013672e+01 1.116947269439697266e+01 -1.541082572937011719e+01 7.110814094543457031e+00 1.413618469238281250e+01 1.123968410491943359e+01
1.416427154541015625e+02 1.852507781982421875e+01 5.791631317138671875e+01 1.429802703857421875e+01 -1.483569812774658203e+01 1.903136372566223145e+00 1.863706398010253906e+01 3.074700593948364258e+00
1.494049987792968750e+02 1.790681266784667969e+01 5.747653198242187500e+01 1.202647304534912109e+01 -1.171295070648193359e+01 -4.105959534645080566e-01 2.132750320434570312e+01 1.396307229995727539e+00
1.500998077392578125e+02 1.682638549804687500e+01 5.816059494018554688e+01 1.279465103149414062e+01 -1.363391494750976562e+01 1.989501357078552246e+00 2.085223007202148438e+01 -2.524622678756713867e-01
1.540863342285156250e+02 1.621076011657714844e+01 5.740505218505859375e+01 1.667535591125488281e+01 -1.378638553619384766e+01 -2.471585750579833984e+00 2.141124725341796875e+01 2.160177230834960938e+00
1.196710586547851562e+02 1.196592426300048828e+01 4.486608886718750000e+01 1.374434375762939453e+01 -1.251824951171875000e+01 -1.179016113281250000e+00 1.487286090850830078e+01 4.569872021675109863e-01
1.325835723876953125e+02 1.850763893127441406e+01 5.619042968750000000e+01 2.154004669189453125e+01 -1.684429550170898438e+01 2.829726696014404297e+00 1.925646018981933594e+01 -3.773557424545288086e+00
1.514126281738281250e+02 1.711469650268554688e+01 6.175393295288085938e+01 9.505839347839355469e+00 -1.241975212097167969e+01 3.323736786842346191e-01 2.171580886840820312e+01 3.816978931427001953e+00
1.554794311523437500e+02 1.728842163085937500e+01 6.143409347534179688e+01 1.156741905212402344e+01 -1.275047206878662109e+01 -3.943352997303009033e-01 2.238935279846191406e+01 4.691784381866455078e+00
9.449572753906250000e+01 -9.053506851196289062e+00 1.597303962707519531e+01 4.178045272827148438e+00 -1.576768589019775391e+01 5.922778129577636719e+00 1.390148830413818359e+01 1.135570716857910156e+01
8.263952636718750000e+01 -8.738184928894042969e+00 1.315127277374267578e+01 3.979091405868530273e+00 -1.685279655456542969e+01 8.240674018859863281e+00 1.012166309356689453e+01 1.292613410949707031e+01
8.987616729736328125e+01 -9.131446838378906250e+00 9.295082092285156250e+00 1.513948345184326172e+01 -1.614734268188476562e+01 3.660429239273071289e+00 8.124930381774902344e+00 1.444603919982910156e+01
8.484757232666015625e+01 -1.070024299621582031e+01 8.705862998962402344e+00 1.379989910125732422e+01 -1.538151741027832031e+01 5.287237644195556641e+00 9.599757194519042969e+00 8.829929351806640625e+00
9.526837158203125000e+01 -1.020335483551025391e+01 1.277601528167724609e+01 9.448012351989746094e+00 -1.696000671386718750e+01 5.574460506439208984e+00 1.049287414550781250e+01 1.100527000427246094e+01
1.034634323120117188e+02 -8.658367156982421875e+00 1.366101074218750000e+01 1.252625465393066406e+01 -1.972703170776367188e+01 4.576566219329833984e+00 1.635411643981933594e+01 1.291509246826171875e+01
6.302029037475585938e+01 1.505723285675048828e+01 3.594728851318359375e+01 2.254535293579101562e+01 -5.287093162536621094e+00 -2.749297904968261719e+01 3.996163606643676758e+00 2.993203926086425781e+01
5.695238113403320312e+01 1.416347408294677734e+01 4.017126464843750000e+01 8.811291694641113281e+00 -9.478991508483886719e+00 -1.544043159484863281e+01 2.522127342224121094e+01 5.790076732635498047e+00
3.602054214477539062e+01 1.028592109680175781e+01 3.511897277832031250e+01 -5.544720172882080078e+00 -1.555053997039794922e+01 -9.946436882019042969e+00 2.252144432067871094e+01 1.492814540863037109e+01
6.811788177490234375e+01 2.111013603210449219e+01 3.988784790039062500e+01 -5.297759532928466797e+00 -1.748771286010742188e+01 2.304033041000366211e+00 2.805278015136718750e+01 4.821003913879394531e+00
2.756881523132324219e+01 6.582972526550292969e+00 2.928762817382812500e+01 -6.219231605529785156e+00 -1.323362064361572266e+01 -6.123888015747070312e+00 1.463557147979736328e+01 5.612698078155517578e+00
2.497473907470703125e+01 8.730028152465820312e+00 2.542222213745117188e+01 4.363111034035682678e-02 -1.184627056121826172e+01 -5.058354854583740234e+00 1.098666286468505859e+01 1.252428054809570312e+01
2.246144676208496094e+01 5.834074020385742188e+00 2.628073883056640625e+01 -7.328284263610839844e+00 -1.035167694091796875e+01 -3.443675756454467773e+00 1.239668655395507812e+01 -3.016802549362182617e+00
4.465322875976562500e+01 1.348887062072753906e+01 3.476447677612304688e+01 -2.072672247886657715e-01 -1.449230670928955078e+01 -1.126461505889892578e+01 2.678409957885742188e+01 6.742581844329833984e+00
3.855181884765625000e+01 1.066474819183349609e+01 3.241361999511718750e+01 -2.557106971740722656e+00 -1.495742607116699219e+01 -8.618675231933593750e+00 2.486842536926269531e+01 1.786028265953063965e+00
3.465860366821289062e+01 1.096651744842529297e+01 3.092988395690917969e+01 -6.190959215164184570e-01 -1.186670970916748047e+01 -9.631617546081542969e+00 1.964302444458007812e+01 6.562924385070800781e+00
5.573621749877929688e+01 2.287815666198730469e+01 2.515408897399902344e+01 1.119433689117431641e+01 -8.701314926147460938e+00 -2.781094074249267578e+00 2.796094703674316406e+01 9.089932441711425781e+00
6.663609313964843750e+01 2.331098175048828125e+01 2.675681495666503906e+01 1.203738307952880859e+01 -1.342844772338867188e+01 -2.002983331680297852e+00 2.263250541687011719e+01 1.107133102416992188e+01
4.656284713745117188e+01 1.105359935760498047e+01 3.739316177368164062e+01 -6.213493824005126953e+00 -1.706311798095703125e+01 -9.231894493103027344e+00 3.507219696044921875e+01 8.478366851806640625e+00
9.332640838623046875e+01 2.559555244445800781e+01 4.088325881958007812e+01 1.765154647827148438e+01 -1.167793750762939453e+01 -9.106049537658691406e+00 2.570134162902832031e+01 2.426741790771484375e+01
7.063681793212890625e+01 8.223844528198242188e+00 4.186801528930664062e+01 -6.761574745178222656e+00 -1.650773048400878906e+01 9.397162795066833496e-01 3.921210861206054688e+01 1.001554393768310547e+01
5.992767333984375000e+01 1.342742252349853516e+01 4.414299392700195312e+01 -6.681106567382812500e+00 -1.506744861602783203e+01 -5.758608341217041016e+00 3.793943786621093750e+01 1.777468872070312500e+01
7.225852203369140625e+01 7.530837535858154297e+00 4.976970672607421875e+01 1.100313901901245117e+00 -9.199119567871093750e+00 -1.374674415588378906e+01 3.577927780151367188e+01 2.100876045227050781e+01
6.553434753417968750e+01 8.894422531127929688e+00 4.737685012817382812e+01 -1.117117118835449219e+01 -1.654133224487304688e+01 -4.210356235504150391e+00 3.846171569824218750e+01 1.232787513732910156e+01
7.196321868896484375e+01 1.009783554077148438e+01 4.931466674804687500e+01 -9.443650245666503906e+00 -1.797165679931640625e+01 -6.564146995544433594e+00 4.203784561157226562e+01 1.065184688568115234e+01
8.216766357421875000e+01 1.302102375030517578e+01 4.883218002319335938e+01 -1.255000877380371094e+01 -1.762824630737304688e+01 9.075632691383361816e-01 4.582140350341796875e+01 1.680388450622558594e+01
1.042635650634765625e+02 1.206007003784179688e+01 5.452791213989257812e+01 -1.558053374290466309e+00 -1.023247146606445312e+01 -8.504968643188476562e+00 3.773756790161132812e+01 2.009220886230468750e+01
5.901613998413085938e+01 1.030678558349609375e+01 4.245359802246093750e+01 -8.896111488342285156e+00 -1.404427242279052734e+01 -1.131933927536010742e+00 3.910575485229492188e+01 9.368492126464843750e+00
6.960971069335937500e+01 1.038864421844482422e+01 4.177352905273437500e+01 6.563696265220642090e-01 -1.293603610992431641e+01 -1.283990097045898438e+01 2.236152267456054688e+01 8.479603528976440430e-01
4.816776275634765625e+01 7.943043231964111328e+00 3.831847000122070312e+01 -7.069164752960205078e+00 -1.322753143310546875e+01 -8.914616703987121582e-01 2.897499275207519531e+01 1.185475730895996094e+01
8.847779846191406250e+01 1.527967071533203125e+01 5.139023590087890625e+01 1.559417247772216797e+00 -4.849489688873291016e+00 -1.171354103088378906e+01 2.743248176574707031e+01 1.780201530456542969e+01
4.907768249511718750e+01 1.161087131500244141e+01 4.169404220581054688e+01 -6.941434860229492188e+00 -1.892135047912597656e+01 -5.168438911437988281e+00 3.955077743530273438e+01 1.480124378204345703e+01
5.787325668334960938e+01 9.766099929809570312e+00 4.230882263183593750e+01 -9.246667861938476562e+00 -1.811036109924316406e+01 -8.702631950378417969e+00 3.915422058105468750e+01 1.262873935699462891e+01
4.702106475830078125e+01 1.026925277709960938e+01 4.132511138916015625e+01 -1.035135459899902344e+01 -1.433653259277343750e+01 -2.555275917053222656e+00 2.873046112060546875e+01 1.713931274414062500e+01
5.878558349609375000e+01 1.063103771209716797e+01 4.292639541625976562e+01 -8.648892402648925781e+00 -1.632138824462890625e+01 -6.409720420837402344e+00 4.332720565795898438e+01 1.129546260833740234e+01
5.019376754760742188e+01 8.165725708007812500e+00 4.157968902587890625e+01 -7.134839057922363281e+00 -1.730305480957031250e+01 -7.742432117462158203e+00 3.691704559326171875e+01 2.587987518310546875e+01
1.066761398315429688e+02 -1.089862823486328125e+01 1.766638374328613281e+01 1.369388222694396973e+00 -1.693123245239257812e+01 7.402709007263183594e+00 1.550005531311035156e+01 1.209071922302246094e+01
9.913966369628906250e+01 -1.012051105499267578e+01 1.511495590209960938e+01 9.600215911865234375e+00 -1.714958953857421875e+01 7.937471389770507812e+00 1.185904216766357422e+01 1.344341659545898438e+01
8.937814331054687500e+01 -8.681943893432617188e+00 1.471203517913818359e+01 2.832362413406372070e+00 -1.701671600341796875e+01 7.550315856933593750e+00 1.074200344085693359e+01 1.220938396453857422e+01
3.106191253662109375e+01 8.088065147399902344e+00 3.448910140991210938e+01 -5.566925525665283203e+00 -1.248608779907226562e+01 -8.201819419860839844e+00 1.994852066040039062e+01 3.946547746658325195e+00
2.639908981323242188e+01 6.959446430206298828e+00 2.700322723388671875e+01 -3.818252801895141602e+00 -1.264680194854736328e+01 -4.152481555938720703e+00 1.501028919219970703e+01 3.736571073532104492e+00
3.700750350952148438e+01 1.241345596313476562e+01 1.896224975585937500e+01 1.094868183135986328e+01 -4.348932743072509766e+00 -1.107353210449218750e+01 -2.576401948928833008e+00 1.361312580108642578e+01
2.944273757934570312e+01 8.094612121582031250e+00 3.051346015930175781e+01 -6.084249496459960938e+00 -1.517558288574218750e+01 -5.946038246154785156e+00 1.507849979400634766e+01 2.816165685653686523e+00
4.646087646484375000e+01 1.711664962768554688e+01 3.800333786010742188e+01 4.894881725311279297e+00 -1.020995521545410156e+01 -9.645559310913085938e+00 2.403431510925292969e+01 -2.005783843994140625e+01
6.432015991210937500e+01 3.214724063873291016e+00 4.480250549316406250e+01 1.275144195556640625e+01 -9.363992691040039062e+00 -2.048825263977050781e+01 2.766700553894042969e+01 1.248314666748046875e+01
4.796699905395507812e+01 9.920342445373535156e+00 3.593340301513671875e+01 6.506129741668701172e+00 -8.231553077697753906e+00 -1.195746994018554688e+01 1.648894691467285156e+01 -3.419875621795654297e+00
6.397745132446289062e+01 1.972051620483398438e+01 4.007839202880859375e+01 2.763756275177001953e+00 -6.688416004180908203e+00 -1.219301700592041016e+01 1.867251014709472656e+01 1.231283855438232422e+01
5.291827011108398438e+01 1.349443817138671875e+01 3.760903930664062500e+01 4.477754116058349609e+00 -1.269354343414306641e+01 -1.012396144866943359e+01 1.192241954803466797e+01 -1.062214183807373047e+01
6.927916717529296875e+01 1.535631275177001953e+01 4.281768417358398438e+01 1.105405902862548828e+01 -6.509728908538818359e+00 -2.008129119873046875e+01 1.412235641479492188e+01 1.228129768371582031e+01
3.039063072204589844e+01 6.078243732452392578e+00 3.208790969848632812e+01 -6.385556221008300781e+00 -1.486433696746826172e+01 -8.306875228881835938e+00 1.837756347656250000e+01 7.279047966003417969e+00
2.666389656066894531e+01 7.344289302825927734e+00 2.843379020690917969e+01 -4.656176090240478516e+00 -1.308843612670898438e+01 -9.356714248657226562e+00 1.547889232635498047e+01 6.282428741455078125e+00
5.694027709960937500e+01 1.500343990325927734e+01 4.097610092163085938e+01 7.567794799804687500e+00 -8.975041389465332031e+00 -2.164981269836425781e+01 1.270432758331298828e+01 -1.068320655822753906e+01
3.410866165161132812e+01 8.002715110778808594e+00 3.588592529296875000e+01 -3.955131292343139648e+00 -1.507921314239501953e+01 -6.993076324462890625e+00 1.779033851623535156e+01 4.651188373565673828e+00
6.751840972900390625e+01 7.703911781311035156e+00 4.518625259399414062e+01 1.519975471496582031e+01 -5.237459659576416016e+00 -3.210058593750000000e+01 5.961192131042480469e+00 1.939699363708496094e+01
2.147206115722656250e+01 4.555984020233154297e+00 2.280602645874023438e+01 -3.681503295898437500e+00 -9.724240303039550781e+00 -4.486655712127685547e+00 1.215742111206054688e+01 -6.503615975379943848e-01
3.472271728515625000e+01 8.507719993591308594e+00 3.561771011352539062e+01 -2.221858263015747070e+00 -1.470028591156005859e+01 -8.152455329895019531e+00 1.764807319641113281e+01 -4.266183853149414062e+00
3.160581398010253906e+01 1.086286449432373047e+01 2.505003356933593750e+01 1.302788734436035156e+00 -2.891222000122070312e+00 -3.814589262008666992e+00 6.086754322052001953e+00 -4.578817367553710938e+00
2.705013465881347656e+01 4.291141033172607422e+00 2.889042282104492188e+01 -7.776949405670166016e+00 -1.192623805999755859e+01 -6.658371925354003906e+00 1.445777225494384766e+01 2.411883115768432617e+00
