1.069183731079101562e+02 3.387444305419921875e+01 -3.945906066894531250e+01
9.623960113525390625e+01 2.926307868957519531e+01 -3.894400024414062500e+01
1.012616729736328125e+02 3.057983589172363281e+01 -3.806619644165039062e+01
1.318243255615234375e+02 3.228251647949218750e+01 -1.754798126220703125e+01
1.238194351196289062e+02 3.018363189697265625e+01 -1.806859016418457031e+01
1.266922073364257812e+02 3.099746513366699219e+01 -1.773443794250488281e+01
1.020095367431640625e+02 2.553950691223144531e+01 -2.097786331176757812e+01
1.150930328369140625e+02 3.157602882385253906e+01 -1.510119724273681641e+01
1.246850204467773438e+02 3.080767822265625000e+01 -1.802905082702636719e+01
1.150815734863281250e+02 3.015707015991210938e+01 -1.550742244720458984e+01
1.272013473510742188e+02 3.275075531005859375e+01 -1.597188949584960938e+01
1.235696105957031250e+02 2.907562828063964844e+01 -1.996142959594726562e+01
8.475325775146484375e+01 2.624199485778808594e+01 -3.872687149047851562e+01
8.877023315429687500e+01 2.947113418579101562e+01 -3.875463867187500000e+01
1.048381881713867188e+02 3.043677711486816406e+01 -3.861717605590820312e+01
9.616928863525390625e+01 2.944379234313964844e+01 -3.719141387939453125e+01
8.699969482421875000e+01 2.614889144897460938e+01 -3.956491088867187500e+01
8.649462890625000000e+01 2.747472190856933594e+01 -3.462425994873046875e+01
9.104804229736328125e+01 3.054406166076660156e+01 -3.917163848876953125e+01
1.124794769287109375e+02 3.425655746459960938e+01 -3.904150772094726562e+01
9.469277954101562500e+01 3.411845397949218750e+01 -3.930330276489257812e+01
8.144068908691406250e+01 3.039496231079101562e+01 -3.766724014282226562e+01
9.553949737548828125e+01 2.959679222106933594e+01 -3.466992187500000000e+01
1.110576477050781250e+02 3.161251640319824219e+01 -3.702414703369140625e+01
1.355180816650390625e+02 3.320848846435546875e+01 -1.434186553955078125e+01
1.285043945312500000e+02 2.935611152648925781e+01 -1.918252754211425781e+01
1.234120407104492188e+02 3.209252929687500000e+01 -2.018624496459960938e+01
1.229861984252929688e+02 2.679247665405273438e+01 -2.121960830688476562e+01
1.119174118041992188e+02 2.579109001159667969e+01 -1.947141075134277344e+01
1.202731704711914062e+02 3.329809570312500000e+01 -9.753678321838378906e+00
1.211848297119140625e+02 2.909149551391601562e+01 -1.946135520935058594e+01
1.274569625854492188e+02 3.311428070068359375e+01 -1.738484382629394531e+01
1.199201049804687500e+02 3.514972305297851562e+01 -8.826278686523437500e+00
1.313382720947265625e+02 3.107177352905273438e+01 -1.750692367553710938e+01
1.262870941162109375e+02 3.505214691162109375e+01 -1.767027473449707031e+01
1.151821517944335938e+02 3.184777832031250000e+01 -1.839474296569824219e+01
1.146088943481445312e+02 2.793618202209472656e+01 -1.598199844360351562e+01
1.184647140502929688e+02 2.631906509399414062e+01 -1.789625358581542969e+01
1.175270614624023438e+02 3.351698684692382812e+01 -1.597581577301025391e+01
1.248832702636718750e+02 2.812617111206054688e+01 -1.976590538024902344e+01
9.783978271484375000e+01 2.550055885314941406e+01 -1.583560466766357422e+01
1.210069274902343750e+02 2.863715934753417969e+01 -1.913902664184570312e+01
1.182116928100585938e+02 2.798901939392089844e+01 -1.939983749389648438e+01
1.211197586059570312e+02 2.964542961120605469e+01 -1.824806213378906250e+01
1.614490051269531250e+02 4.529469299316406250e+01 4.884142875671386719e+00
1.523736114501953125e+02 3.480972671508789062e+01 -3.908305883407592773e+00
1.439014587402343750e+02 4.170104980468750000e+01 3.881261587142944336e+00
1.164371337890625000e+02 4.682122039794921875e+01 5.642966270446777344e+00
1.316513366699218750e+02 4.259286880493164062e+01 7.853112697601318359e+00
1.226453933715820312e+02 4.364993667602539062e+01 7.891260623931884766e+00
1.268131866455078125e+02 3.937223052978515625e+01 7.205086231231689453e+00
1.324141235351562500e+02 4.577957153320312500e+01 -3.317686796188354492e+00
1.445085906982421875e+02 4.163717269897460938e+01 1.524693250656127930e+00
1.335418548583984375e+02 4.904179763793945312e+01 5.136736869812011719e+00
1.444723052978515625e+02 3.765242767333984375e+01 -3.191791534423828125e+00
1.479584960937500000e+02 4.568822097778320312e+01 1.342809486389160156e+01
1.371907196044921875e+02 4.100857925415039062e+01 3.323470115661621094e+00
1.577997283935546875e+02 4.293975448608398438e+01 -5.007707327604293823e-02
1.134675598144531250e+02 3.786629867553710938e+01 3.372399091720581055e+00
1.530061950683593750e+02 4.129347229003906250e+01 1.096388339996337891e+00
1.556772155761718750e+02 3.857361221313476562e+01 -2.436466068029403687e-01
1.364238891601562500e+02 4.392765045166015625e+01 2.919028997421264648e-01
1.502420501708984375e+02 4.013098144531250000e+01 9.605215072631835938e+00
1.511069946289062500e+02 4.450091171264648438e+01 2.695867538452148438e+00
1.463214569091796875e+02 3.678662872314453125e+01 7.372626662254333496e-01
1.294523925781250000e+02 4.436188888549804688e+01 4.544099807739257812e+00
8.796642303466796875e+01 9.144858121871948242e-01 -2.729899978637695312e+01
1.412849884033203125e+02 -7.245301604270935059e-01 -3.296831512451171875e+01
1.254426727294921875e+02 2.520685195922851562e+00 -3.756236648559570312e+01
1.025799179077148438e+02 2.358736038208007812e+00 -2.256048202514648438e+01
1.336568603515625000e+02 2.073005437850952148e+00 -3.424423599243164062e+01
1.324862213134765625e+02 4.876839160919189453e+00 -2.980107307434082031e+01
1.366505279541015625e+02 -3.050838947296142578e+00 -3.448598861694335938e+01
1.425244903564453125e+02 2.110678195953369141e+00 -3.329829025268554688e+01
1.332249755859375000e+02 -1.479007601737976074e-01 -3.183441162109375000e+01
8.460757446289062500e+01 7.847095131874084473e-01 -3.317593383789062500e+01
1.184501724243164062e+02 -2.656330108642578125e+00 -3.359605407714843750e+01
1.374876251220703125e+02 1.315556317567825317e-01 -3.659438705444335938e+01
1.089220352172851562e+02 -3.044671773910522461e+00 -3.821552276611328125e+01
1.304655151367187500e+02 4.683503508567810059e-01 -3.188645362854003906e+01
9.003838348388671875e+01 -8.531759977340698242e-01 -2.648094940185546875e+01
8.495715332031250000e+01 -1.242473840713500977e+00 -2.289966773986816406e+01
9.970098114013671875e+01 3.730487823486328125e+00 -3.191668701171875000e+01
1.078507003784179688e+02 2.966659355163574219e+01 -1.086537361145019531e+01
1.069952468872070312e+02 2.767739295959472656e+01 -1.309199905395507812e+01
1.145868530273437500e+02 3.313690567016601562e+01 -1.172545623779296875e+01
1.363342132568359375e+02 3.396341705322265625e+01 -1.216349601745605469e+01
1.048538970947265625e+02 2.607337188720703125e+01 -1.344524860382080078e+01
9.935738372802734375e+01 3.472480010986328125e+01 -3.352934360504150391e+00
1.264230346679687500e+02 3.075907897949218750e+01 -1.016931438446044922e+01
1.127248458862304688e+02 3.575919342041015625e+01 -2.507772445678710938e+00
1.200309371948242188e+02 3.840951156616210938e+01 -3.901045799255371094e+00
1.279542083740234375e+02 3.378377914428710938e+01 -1.456610202789306641e+01
9.873838806152343750e+01 2.753761482238769531e+01 -1.144711685180664062e+01
1.090404434204101562e+02 3.046575164794921875e+01 -1.065300750732421875e+01
1.125273742675781250e+02 3.656576919555664062e+01 -8.090996742248535156e+00
1.211532135009765625e+02 3.204026412963867188e+01 -1.299532127380371094e+01
1.015898284912109375e+02 2.854840469360351562e+01 -1.213184165954589844e+01
1.206365966796875000e+02 3.290271759033203125e+01 -1.195030307769775391e+01
1.067045364379882812e+02 3.834908676147460938e+01 2.511389851570129395e-01
1.231415863037109375e+02 2.991662788391113281e+01 -1.027929401397705078e+01
1.045130386352539062e+02 3.810089874267578125e+01 -2.117494344711303711e+00
1.189763488769531250e+02 3.336573791503906250e+01 -1.144476604461669922e+01
1.221026687622070312e+02 3.391445922851562500e+01 -8.319543838500976562e+00
1.167236328125000000e+02 3.229065322875976562e+01 -9.081536293029785156e+00
1.245540161132812500e+02 3.439304351806640625e+01 -1.231120967864990234e+01
1.170089874267578125e+02 3.000191688537597656e+01 -1.184228610992431641e+01
1.147234878540039062e+02 3.046834945678710938e+01 -1.593234539031982422e+01
1.478037872314453125e+02 -3.404257059097290039e+00 -9.626050949096679688e+00
1.446228332519531250e+02 -1.799499869346618652e+00 -6.265220165252685547e+00
1.428653411865234375e+02 -2.178475379943847656e+00 -6.380689620971679688e+00
1.481433715820312500e+02 1.812825441360473633e+00 -3.169995307922363281e+00
1.450544281005859375e+02 -3.736700296401977539e+00 -7.272571563720703125e+00
1.474214935302734375e+02 -5.041008472442626953e+00 -8.252338409423828125e+00
1.507337341308593750e+02 -2.916945219039916992e+00 -6.171662807464599609e+00
1.471047668457031250e+02 -1.016036987304687500e+00 -6.324380874633789062e+00
1.510503234863281250e+02 -2.883287668228149414e+00 -6.651102066040039062e+00
1.417327880859375000e+02 -6.876870989799499512e-01 -6.900162696838378906e+00
1.487680053710937500e+02 -4.224699497222900391e+00 -7.536972045898437500e+00
1.512030487060546875e+02 -2.133380413055419922e+00 -7.524302482604980469e+00
1.174952621459960938e+02 3.279548645019531250e+01 -1.537724971771240234e+01
1.271516571044921875e+02 3.240500640869140625e+01 -1.465540122985839844e+01
1.165202178955078125e+02 2.687427902221679688e+01 -1.649876213073730469e+01
1.278557968139648438e+02 2.858079719543457031e+01 -2.003260612487792969e+01
1.215222167968750000e+02 3.061529541015625000e+01 -1.402815628051757812e+01
1.224889678955078125e+02 2.968929862976074219e+01 -1.574293994903564453e+01
1.368130187988281250e+02 3.128037261962890625e+01 -1.638591384887695312e+01
1.189717788696289062e+02 2.768476676940917969e+01 -1.931223487854003906e+01
1.178245468139648438e+02 -6.844025850296020508e-01 -4.198919296264648438e+00
1.127531280517578125e+02 -4.347772121429443359e+00 -1.016339588165283203e+01
1.472773742675781250e+02 -4.673648178577423096e-01 -6.053784370422363281e+00
1.501855163574218750e+02 -3.516129970550537109e+00 -8.170900344848632812e+00
1.451888580322265625e+02 3.972773790359497070e+00 -7.409524440765380859e+00
1.469519805908203125e+02 -1.030955433845520020e+00 -6.120455265045166016e+00
1.446656951904296875e+02 -4.253191471099853516e+00 -7.910920619964599609e+00
1.449840850830078125e+02 -3.063478469848632812e+00 -7.046849727630615234e+00
1.386147766113281250e+02 -2.482390403747558594e+00 -8.490983963012695312e+00
1.450624847412109375e+02 -2.956737279891967773e+00 -8.245886802673339844e+00
1.167404251098632812e+02 -2.323621749877929688e+00 -7.297531127929687500e+00
1.470469970703125000e+02 -3.922033786773681641e+00 -6.905086517333984375e+00
1.532938842773437500e+02 -2.818801879882812500e+00 -6.598938465118408203e+00
1.473629913330078125e+02 -3.792634963989257812e+00 -7.552506446838378906e+00
1.482667236328125000e+02 -2.376961231231689453e+00 -8.270083427429199219e+00
1.433520355224609375e+02 -3.613183975219726562e+00 -8.173321723937988281e+00
1.480526580810546875e+02 -4.221106529235839844e+00 -7.704451084136962891e+00
1.422015991210937500e+02 -3.573559999465942383e+00 -9.584052085876464844e+00
1.449425811767578125e+02 -3.797210931777954102e+00 -8.367771148681640625e+00
1.547598114013671875e+02 -1.939676523208618164e+00 -6.876661777496337891e+00
1.477872467041015625e+02 -4.762771129608154297e+00 -7.732190132141113281e+00
1.484172363281250000e+02 -2.683854341506958008e+00 -7.252717971801757812e+00
1.434224853515625000e+02 3.174377441406250000e+01 -4.075986480712890625e+01
1.468343048095703125e+02 3.323981475830078125e+01 -3.481960296630859375e+01
1.313801727294921875e+02 3.284012222290039062e+01 -4.472918701171875000e+01
1.518142547607421875e+02 3.390048599243164062e+01 -3.686297225952148438e+01
1.515109405517578125e+02 3.447805404663085938e+01 -3.601351928710937500e+01
1.567698364257812500e+02 3.492117691040039062e+01 -4.162591552734375000e+01
1.430665588378906250e+02 3.405938339233398438e+01 -3.994429397583007812e+01
1.463213348388671875e+02 3.378714752197265625e+01 -4.054193878173828125e+01
1.466303100585937500e+02 3.549449157714843750e+01 -3.865140151977539062e+01
1.407724761962890625e+02 3.274895858764648438e+01 -4.631578063964843750e+01
1.404853210449218750e+02 3.254882812500000000e+01 -3.993791580200195312e+01
1.448207550048828125e+02 3.447161102294921875e+01 -3.903507232666015625e+01
1.545641632080078125e+02 3.372353363037109375e+01 -4.026855087280273438e+01
1.513741912841796875e+02 3.502297210693359375e+01 -3.805965805053710938e+01
1.324230346679687500e+02 3.369247817993164062e+01 -4.046611022949218750e+01
1.248961563110351562e+02 3.438840866088867188e+01 -4.388120269775390625e+01
1.422868194580078125e+02 -4.714850902557373047e+00 -7.690519332885742188e+00
1.529285736083984375e+02 -4.322203636169433594e+00 -9.603980064392089844e+00
1.474292907714843750e+02 -1.891593575477600098e+00 -5.719776153564453125e+00
1.541362304687500000e+02 -2.453326940536499023e+00 -6.987242698669433594e+00
1.531935882568359375e+02 -4.284531593322753906e+00 -6.074037551879882812e+00
1.504950256347656250e+02 -2.640011072158813477e+00 -6.383644580841064453e+00
1.221650848388671875e+02 -4.035081386566162109e+00 -9.112879753112792969e+00
1.196061019897460938e+02 -4.758901596069335938e+00 -9.114122390747070312e+00
9.742805480957031250e+01 -4.633058071136474609e+00 -2.808078384399414062e+01
1.124041748046875000e+02 -6.082225799560546875e+00 -3.220225524902343750e+01
1.004102172851562500e+02 -7.990867614746093750e+00 -3.030355072021484375e+01
1.039923782348632812e+02 -4.459389209747314453e+00 -3.302415084838867188e+01
1.239837722778320312e+02 -6.835695743560791016e+00 -3.217307662963867188e+01
8.952139282226562500e+01 -4.820759296417236328e+00 -2.880649375915527344e+01
1.031386489868164062e+02 -7.203829288482666016e+00 -3.314791107177734375e+01
1.151232147216796875e+02 -9.188838005065917969e+00 -3.005882644653320312e+01
1.036586074829101562e+02 -8.087479591369628906e+00 -1.917106819152832031e+01
1.416059417724609375e+02 3.425048065185546875e+01 -3.901578903198242188e+01
1.493600921630859375e+02 3.389566040039062500e+01 -3.626004028320312500e+01
1.500549316406250000e+02 3.284454727172851562e+01 -3.738872528076171875e+01
1.540446777343750000e+02 3.200159835815429688e+01 -4.095204544067382812e+01
1.196443862915039062e+02 2.408450508117675781e+01 -3.280807495117187500e+01
1.325583496093750000e+02 3.331723785400390625e+01 -4.538660049438476562e+01
1.513577117919921875e+02 3.449774551391601562e+01 -3.517911148071289062e+01
1.554273834228515625e+02 3.438444137573242188e+01 -3.755333328247070312e+01
9.449130249023437500e+01 -4.918709278106689453e+00 -1.328450775146484375e+01
8.264347839355468750e+01 -5.785504817962646484e+00 -1.241006565093994141e+01
8.989327239990234375e+01 -7.732808589935302734e+00 -2.033286285400390625e+01
8.486384582519531250e+01 -9.155232429504394531e+00 -1.923629760742187500e+01
9.527621459960937500e+01 -7.068587779998779297e+00 -1.667469024658203125e+01
1.034728622436523438e+02 -5.838946342468261719e+00 -2.027892303466796875e+01
6.300177001953125000e+01 2.497787857055664062e+01 -3.064942550659179688e+01
5.691332626342773438e+01 2.531977653503417969e+01 -2.052152824401855469e+01
3.598424911499023438e+01 2.003159141540527344e+01 -1.001558017730712891e+01
6.808393096923828125e+01 3.068214035034179688e+01 -1.003861713409423828e+01
2.753907012939453125e+01 1.494274330139160156e+01 -7.661314964294433594e+00
2.496196746826171875e+01 1.561725616455078125e+01 -1.255765533447265625e+01
2.242971611022949219e+01 1.369765377044677734e+01 -5.323886871337890625e+00
4.463467025756835938e+01 2.261035728454589844e+01 -1.677943611145019531e+01
3.852135467529296875e+01 1.898769378662109375e+01 -1.153534317016601562e+01
3.463658142089843750e+01 1.933555603027343750e+01 -1.231577301025390625e+01
5.574280166625976562e+01 2.784634971618652344e+01 -1.623016548156738281e+01
6.662979125976562500e+01 2.901311111450195312e+01 -1.635818290710449219e+01
4.652951812744140625e+01 2.124945831298828125e+01 -1.127465629577636719e+01
9.329944610595703125e+01 3.518751907348632812e+01 -2.693546485900878906e+01
7.059107208251953125e+01 1.934867286682128906e+01 -1.436230945587158203e+01
5.988370895385742188e+01 2.480221557617187500e+01 -1.396909236907958984e+01
7.219309234619140625e+01 2.210985755920410156e+01 -2.059862136840820312e+01
6.547940063476562500e+01 2.222310066223144531e+01 -1.247905731201171875e+01
7.190361785888671875e+01 2.380464553833007812e+01 -1.369045257568359375e+01
8.211254119873046875e+01 2.608989334106445312e+01 -1.199352169036865234e+01
1.041927871704101562e+02 2.786210441589355469e+01 -2.049619293212890625e+01
5.896660995483398438e+01 2.196085739135742188e+01 -1.126964950561523438e+01
6.957141113281250000e+01 2.197401618957519531e+01 -1.661348533630371094e+01
4.812642288208007812e+01 1.855735969543457031e+01 -1.084346675872802734e+01
8.840951538085937500e+01 3.041545486450195312e+01 -1.952572250366210938e+01
4.903971099853515625e+01 2.258838462829589844e+01 -1.316701793670654297e+01
5.783291244506835938e+01 2.093002891540527344e+01 -1.301729965209960938e+01
4.697922515869140625e+01 2.195024681091308594e+01 -9.341574668884277344e+00
5.873899078369140625e+01 2.240423965454101562e+01 -1.330038738250732422e+01
5.015399169921875000e+01 1.963289260864257812e+01 -1.293322181701660156e+01
1.066659240722656250e+02 -6.044691562652587891e+00 -1.167089271545410156e+01
9.914312744140625000e+01 -6.580471515655517578e+00 -1.795490074157714844e+01
8.937714385986328125e+01 -4.945763587951660156e+00 -1.159932994842529297e+01
3.102400779724121094e+01 1.795093727111816406e+01 -1.008294010162353516e+01
2.637346649169921875e+01 1.460785102844238281e+01 -8.455380439758300781e+00
3.701456451416015625e+01 1.723636245727539062e+01 -1.807473564147949219e+01
2.941484451293945312e+01 1.671022987365722656e+01 -8.716655731201171875e+00
4.642710113525390625e+01 2.744947052001953125e+01 -1.454592418670654297e+01
6.426898956298828125e+01 1.654719734191894531e+01 -2.712514495849609375e+01
4.793481826782226562e+01 2.063834762573242188e+01 -1.520124053955078125e+01
6.394135284423828125e+01 3.047460746765136719e+01 -1.415820789337158203e+01
5.288842010498046875e+01 2.398114204406738281e+01 -1.662175941467285156e+01
6.923518371582031250e+01 2.742189216613769531e+01 -2.234239768981933594e+01
3.035851097106933594e+01 1.528277873992919922e+01 -8.991475105285644531e+00
2.663516616821289062e+01 1.521266078948974609e+01 -8.189745903015136719e+00
5.689808654785156250e+01 2.727594947814941406e+01 -1.842008399963378906e+01
3.407105255126953125e+01 1.788001823425292969e+01 -1.218610858917236328e+01
6.747838592529296875e+01 2.136577606201171875e+01 -2.894058227539062500e+01
2.144869804382324219e+01 1.105737781524658203e+01 -6.791331768035888672e+00
3.468337249755859375e+01 1.860652542114257812e+01 -1.213449573516845703e+01
3.157544326782226562e+01 1.814514160156250000e+01 -7.861344337463378906e+00
2.701086044311523438e+01 1.297929859161376953e+01 -4.501442909240722656e+00
