1.069573059082031250e+02 1.733816337585449219e+01 -5.960855865478515625e+01 1.597659015655517578e+01 1.628610420227050781e+01 8.562623977661132812e+00
9.627270507812500000e+01 1.461733531951904297e+01 -5.134296035766601562e+01 1.840533065795898438e+01 1.838966751098632812e+01 1.311628055572509766e+01
1.013070144653320312e+02 1.404020309448242188e+01 -5.718185424804687500e+01 1.551322269439697266e+01 1.594652843475341797e+01 1.111237430572509766e+01
1.318203735351562500e+02 2.924769592285156250e+01 -1.870786285400390625e+01 1.164375114440917969e+01 8.384032249450683594e+00 2.241424942016601562e+01
1.238168029785156250e+02 2.685721015930175781e+01 -1.833861160278320312e+01 1.348577594757080078e+01 6.790941238403320312e+00 1.807602119445800781e+01
1.266827926635742188e+02 2.868066406250000000e+01 -1.592921066284179688e+01 1.426395130157470703e+01 6.939372539520263672e+00 1.766213989257812500e+01
1.019731140136718750e+02 2.775557518005371094e+01 -5.390996456146240234e+00 2.330770492553710938e+01 1.189060783386230469e+01 1.296528339385986328e+01
1.150890426635742188e+02 2.901829910278320312e+01 -1.661805343627929688e+01 1.089117527008056641e+01 5.654726982116699219e+00 1.900007438659667969e+01
1.246815109252929688e+02 2.780002593994140625e+01 -1.843042945861816406e+01 1.261973285675048828e+01 9.451754570007324219e+00 1.991033935546875000e+01
1.150707168579101562e+02 2.892830276489257812e+01 -1.357207679748535156e+01 1.257252979278564453e+01 7.777757644653320312e+00 2.055175971984863281e+01
1.271988677978515625e+02 2.955184364318847656e+01 -1.914856910705566406e+01 1.005508518218994141e+01 6.916436672210693359e+00 1.746915054321289062e+01
1.235578689575195312e+02 2.750902557373046875e+01 -1.390026760101318359e+01 1.729123878479003906e+01 8.948655128479003906e+00 2.220056533813476562e+01
8.479798126220703125e+01 1.056446456909179688e+01 -5.457397079467773438e+01 1.872879409790039062e+01 1.644655609130859375e+01 1.205128669738769531e+01
8.880815887451171875e+01 1.335175132751464844e+01 -5.586594390869140625e+01 1.697376632690429688e+01 1.583570671081542969e+01 8.452006340026855469e+00
1.048848114013671875e+02 1.433939361572265625e+01 -5.623892974853515625e+01 1.492585659027099609e+01 1.602707862854003906e+01 1.264308643341064453e+01
9.620925903320312500e+01 1.340286254882812500e+01 -5.683781051635742188e+01 1.374808979034423828e+01 1.923178863525390625e+01 4.454169750213623047e+00
8.702689361572265625e+01 1.193787097930908203e+01 -5.134975433349609375e+01 1.884877777099609375e+01 2.045407295227050781e+01 1.248133182525634766e+01
8.652950286865234375e+01 1.265435123443603516e+01 -5.282826614379882812e+01 1.372707080841064453e+01 1.878375816345214844e+01 6.147426128387451172e+00
9.107988739013671875e+01 1.533208370208740234e+01 -5.493904495239257812e+01 1.783114433288574219e+01 1.728601837158203125e+01 4.649316310882568359e+00
1.125264892578125000e+02 1.646771240234375000e+01 -6.227570343017578125e+01 1.333178997039794922e+01 1.745050621032714844e+01 1.000725650787353516e+01
9.472891998291015625e+01 1.744227790832519531e+01 -5.851365661621093750e+01 1.754535865783691406e+01 1.923801612854003906e+01 8.977191925048828125e+00
8.148093414306640625e+01 1.556413459777832031e+01 -5.302443313598632812e+01 1.891802978515625000e+01 1.328016567230224609e+01 1.722688102722167969e+01
9.557569885253906250e+01 1.522494506835937500e+01 -5.118644714355468750e+01 1.339814758300781250e+01 1.744913291931152344e+01 9.021683692932128906e+00
1.111020736694335938e+02 1.527537536621093750e+01 -5.697162628173828125e+01 1.356376552581787109e+01 1.480274868011474609e+01 9.754920005798339844e+00
1.355170135498046875e+02 2.986021423339843750e+01 -1.964633178710937500e+01 8.449517250061035156e+00 7.056470870971679688e+00 1.778036117553710938e+01
1.284986724853515625e+02 2.671232223510742188e+01 -1.669574165344238281e+01 1.430989265441894531e+01 8.968173980712890625e+00 2.030963325500488281e+01
1.233972778320312500e+02 3.055489349365234375e+01 -1.606652069091796875e+01 1.727485084533691406e+01 7.341021060943603516e+00 1.864626693725585938e+01
1.229756698608398438e+02 2.480386352539062500e+01 -1.532050609588623047e+01 1.818196105957031250e+01 8.420530319213867188e+00 1.881352996826171875e+01
1.118990249633789062e+02 2.554434204101562500e+01 -1.063831233978271484e+01 1.827448272705078125e+01 8.463155746459960938e+00 2.181970024108886719e+01
1.202645339965820312e+02 3.092067718505859375e+01 -1.681316375732421875e+01 2.804824829101562500e+00 1.099510669708251953e+01 1.306566810607910156e+01
1.211734924316406250e+02 2.753333854675292969e+01 -1.367015361785888672e+01 1.699856376647949219e+01 7.908332824707031250e+00 1.864860916137695312e+01
1.274530639648437500e+02 2.976205444335937500e+01 -2.017047691345214844e+01 1.191233158111572266e+01 7.259446144104003906e+00 1.728252601623535156e+01
1.199076461791992188e+02 3.360655975341796875e+01 -1.667994117736816406e+01 1.450158596038818359e+00 1.295515823364257812e+01 1.299717235565185547e+01
1.313322448730468750e+02 2.869491958618164062e+01 -1.679246139526367188e+01 1.393269157409667969e+01 5.536361694335937500e+00 1.964334869384765625e+01
1.262795257568359375e+02 3.208735656738281250e+01 -1.888054466247558594e+01 1.250861930847167969e+01 8.920817375183105469e+00 1.972054862976074219e+01
1.151605377197265625e+02 3.157355880737304688e+01 -1.221868610382080078e+01 1.652559661865234375e+01 8.562948226928710938e+00 2.118663978576660156e+01
1.146079254150390625e+02 2.514073181152343750e+01 -1.629547882080078125e+01 1.154835414886474609e+01 5.706102848052978516e+00 1.821624183654785156e+01
1.184611358642578125e+02 2.350537872314453125e+01 -1.633281135559082031e+01 1.389662933349609375e+01 6.162477970123291016e+00 1.728270149230957031e+01
1.175107421875000000e+02 3.253220748901367188e+01 -1.418825912475585938e+01 1.269458580017089844e+01 1.013401699066162109e+01 1.696141242980957031e+01
1.248771514892578125e+02 2.587797164916992188e+01 -1.590441894531250000e+01 1.605899429321289062e+01 7.078148841857910156e+00 2.004786872863769531e+01
9.781792449951171875e+01 2.582763290405273438e+01 -8.898585319519042969e+00 1.381011390686035156e+01 1.162283992767333984e+01 1.439553642272949219e+01
1.209966430664062500e+02 2.696257400512695312e+01 -1.484494686126708984e+01 1.529029273986816406e+01 7.343301296234130859e+00 1.729997253417968750e+01
1.182013015747070312e+02 2.573034667968750000e+01 -1.558209419250488281e+01 1.636309432983398438e+01 6.196738719940185547e+00 1.575722789764404297e+01
1.211089782714843750e+02 2.773439216613769531e+01 -1.539225292205810547e+01 1.390664768218994141e+01 9.295666694641113281e+00 1.721185684204101562e+01
1.614327850341796875e+02 3.986112594604492188e+01 -2.731444931030273438e+01 -2.271032905578613281e+01 3.155953407287597656e+01 8.639287948608398438e+00
1.523509216308593750e+02 2.979497146606445312e+01 -2.430178833007812500e+01 -1.136554908752441406e+01 3.370983123779296875e+01 1.736306190490722656e+01
1.438692779541015625e+02 3.846605300903320312e+01 -2.149287033081054688e+01 -1.927639961242675781e+01 3.645210647583007812e+01 7.908897399902343750e+00
1.164043807983398438e+02 4.430485534667968750e+01 -2.154316329956054688e+01 -2.035856437683105469e+01 3.521139526367187500e+01 8.584197998046875000e+00
1.316097564697265625e+02 4.040098571777343750e+01 -1.966122627258300781e+01 -2.490172386169433594e+01 4.089419937133789062e+01 7.296882152557373047e+00
1.226200180053710938e+02 4.042491531372070312e+01 -2.167108154296875000e+01 -2.292231941223144531e+01 3.007857322692871094e+01 5.295372962951660156e+00
1.267728042602539062e+02 3.657225036621093750e+01 -2.141840744018554688e+01 -2.497988891601562500e+01 4.374701309204101562e+01 6.793814659118652344e+00
1.323829040527343750e+02 4.122900009155273438e+01 -2.785028839111328125e+01 -1.103923130035400391e+01 3.194704627990722656e+01 5.265874385833740234e+00
1.444984283447265625e+02 3.548883819580078125e+01 -2.806533813476562500e+01 -1.782242584228515625e+01 2.694976425170898438e+01 1.015689468383789062e+01
1.335003662109375000e+02 4.703078079223632812e+01 -2.061261558532714844e+01 -2.112849807739257812e+01 4.033558654785156250e+01 1.555876255035400391e+01
1.444670104980468750e+02 3.117180061340332031e+01 -2.839411354064941406e+01 -1.299665546417236328e+01 2.519707679748535156e+01 1.328539180755615234e+01
1.479206695556640625e+02 4.349133682250976562e+01 -2.028741836547851562e+01 -3.075798606872558594e+01 4.038898468017578125e+01 7.153230190277099609e+00
1.371635437011718750e+02 3.752186584472656250e+01 -2.220602416992187500e+01 -1.839252471923828125e+01 3.412417602539062500e+01 7.430427074432373047e+00
1.577699279785156250e+02 3.832814407348632812e+01 -2.560682868957519531e+01 -1.605658531188964844e+01 3.580754089355468750e+01 1.329392528533935547e+01
1.134072875976562500e+02 3.759443283081054688e+01 -1.674485969543457031e+01 -1.652358436584472656e+01 4.615145111083984375e+01 -1.116133928298950195e+00
1.529891815185546875e+02 3.649257659912109375e+01 -2.482775115966796875e+01 -1.432845878601074219e+01 2.587944412231445312e+01 1.033612918853759766e+01
1.556789550781250000e+02 3.122009086608886719e+01 -3.061069107055664062e+01 -1.718916511535644531e+01 2.276320838928222656e+01 1.047698020935058594e+01
1.363882446289062500e+02 4.160247039794921875e+01 -2.028300285339355469e+01 -1.229793643951416016e+01 3.126836967468261719e+01 1.529676437377929688e+01
1.502272796630859375e+02 3.511183166503906250e+01 -2.506077575683593750e+01 -2.777847671508789062e+01 3.110035514831542969e+01 6.112723827362060547e+00
1.511018829345703125e+02 3.700005340576171875e+01 -3.213013076782226562e+01 -2.063433074951171875e+01 2.714499664306640625e+01 1.011107158660888672e+01
1.463021392822265625e+02 3.120721054077148438e+01 -2.660675048828125000e+01 -1.708532714843750000e+01 3.362273025512695312e+01 9.421852111816406250e+00
1.294155731201171875e+02 4.136983108520507812e+01 -2.253146171569824219e+01 -2.079385185241699219e+01 3.981563568115234375e+01 9.365006446838378906e+00
8.791510772705078125e+01 3.830106496810913086e+00 -1.275121688842773438e+01 1.645466232299804688e+01 4.911527252197265625e+01 1.007045745849609375e+01
1.412706909179687500e+02 -4.461560249328613281e+00 -2.516543388366699219e+01 1.423875236511230469e+01 3.777850341796875000e+01 1.582513904571533203e+01
1.254071731567382812e+02 1.105024337768554688e+00 -2.460190773010253906e+01 2.049376106262207031e+01 4.604461669921875000e+01 1.553087139129638672e+01
1.025307235717773438e+02 4.702364444732666016e+00 -1.597195529937744141e+01 4.804679870605468750e+00 4.568446731567382812e+01 -2.192316532135009766e+00
1.336282806396484375e+02 4.486743807792663574e-01 -2.314441108703613281e+01 1.902886581420898438e+01 3.877592086791992188e+01 1.691814422607421875e+01
1.324729156494140625e+02 1.856684207916259766e+00 -2.445458602905273438e+01 1.324238300323486328e+01 3.305766677856445312e+01 2.034784889221191406e+01
1.366427154541015625e+02 -6.928539752960205078e+00 -2.390248680114746094e+01 1.748025512695312500e+01 3.489184188842773438e+01 2.407201576232910156e+01
1.425136566162109375e+02 -2.089011907577514648e+00 -2.717116546630859375e+01 1.507440662384033203e+01 3.629969787597656250e+01 2.271573448181152344e+01
1.332109375000000000e+02 -3.197367668151855469e+00 -2.285878562927246094e+01 1.563604450225830078e+01 3.554587936401367188e+01 1.731957244873046875e+01
8.454719543457031250e+01 3.326288223266601562e+00 -1.366885852813720703e+01 2.142188453674316406e+01 4.538420486450195312e+01 1.838942527770996094e+01
1.184253158569335938e+02 -4.049316406250000000e+00 -1.871093750000000000e+01 1.770259666442871094e+01 3.969384765625000000e+01 1.883880233764648438e+01
1.374655456542968750e+02 -2.158691644668579102e+00 -2.148403167724609375e+01 2.123939514160156250e+01 3.536688995361328125e+01 2.230764579772949219e+01
1.088865814208984375e+02 -3.999248981475830078e+00 -1.816117858886718750e+01 2.745661163330078125e+01 4.349531936645507812e+01 1.802318572998046875e+01
1.304434661865234375e+02 -1.055922031402587891e+00 -1.956469726562500000e+01 1.670025062561035156e+01 3.612397766113281250e+01 2.112039184570312500e+01
8.998015594482421875e+01 3.321620702743530273e+00 -9.387068748474121094e+00 1.616306495666503906e+01 4.720468902587890625e+01 -4.028422355651855469e+00
8.491612243652343750e+01 7.425824403762817383e-01 -8.590884208679199219e+00 1.179326248168945312e+01 3.875977706909179688e+01 8.609900474548339844e+00
9.964970397949218750e+01 5.130617141723632812e+00 -1.695995330810546875e+01 1.754845619201660156e+01 4.437483596801757812e+01 1.224440193176269531e+01
1.078653793334960938e+02 2.478619575500488281e+01 -2.247128868103027344e+01 4.019331455230712891e+00 -4.920619964599609375e+00 8.874822854995727539e-01
1.070080184936523438e+02 2.289929389953613281e+01 -2.241485977172851562e+01 5.636898517608642578e+00 -2.873937845230102539e+00 1.519978046417236328e+00
1.146093444824218750e+02 2.754632186889648438e+01 -2.537653923034667969e+01 4.262114524841308594e+00 -9.608941078186035156e+00 2.234632968902587891e+00
1.363597106933593750e+02 2.625831031799316406e+01 -3.164442253112792969e+01 4.822856187820434570e-02 -1.805704116821289062e+00 2.546885728836059570e+00
1.048656463623046875e+02 2.125518989562988281e+01 -2.256528663635253906e+01 6.255474090576171875e+00 -1.599228262901306152e+00 2.173770427703857422e+00
9.935970306396484375e+01 3.157713890075683594e+01 -2.014797782897949219e+01 -4.878956317901611328e+00 1.687591433525085449e+00 -3.493564844131469727e+00
1.264522094726562500e+02 2.338310813903808594e+01 -2.894717788696289062e+01 -5.057752132415771484e-01 -5.670486450195312500e+00 2.745336294174194336e+00
1.127363510131835938e+02 3.149620628356933594e+01 -2.340116119384765625e+01 -7.863764286041259766e+00 -5.729842782020568848e-01 -3.386606454849243164e+00
1.200410156250000000e+02 3.366703796386718750e+01 -2.582699775695800781e+01 -7.785772800445556641e+00 1.709790706634521484e+00 -3.712354421615600586e+00
1.279722518920898438e+02 2.786584663391113281e+01 -2.785764503479003906e+01 5.059121131896972656e+00 -3.288136959075927734e+00 3.525065422058105469e+00
9.874772644042968750e+01 2.369392967224121094e+01 -2.002322196960449219e+01 5.737695217132568359e+00 -2.565336465835571289e+00 2.859920024871826172e+00
1.090631866455078125e+02 2.428724479675292969e+01 -2.560681533813476562e+01 2.165663003921508789e+00 -6.029937744140625000e+00 2.578638553619384766e+00
1.125286331176757812e+02 3.315150451660156250e+01 -2.266150665283203125e+01 -1.418452024459838867e+00 2.596532583236694336e+00 -4.758409023284912109e+00
1.211814422607421875e+02 2.515602111816406250e+01 -2.802189636230468750e+01 4.038027763366699219e+00 -9.874517440795898438e+00 3.998754978179931641e+00
1.015971832275390625e+02 2.496021080017089844e+01 -1.994677352905273438e+01 6.798107624053955078e+00 -3.642826080322265625e+00 1.546194076538085938e+00
1.206515121459960938e+02 2.807869911193847656e+01 -2.442935752868652344e+01 4.238344669342041016e+00 -4.731226921081542969e+00 7.167168259620666504e-01
1.067089996337890625e+02 3.523185348510742188e+01 -2.087371635437011719e+01 -9.291411399841308594e+00 4.258192777633666992e-01 -3.981874227523803711e+00
1.231654586791992188e+02 2.352008628845214844e+01 -2.671160888671875000e+01 9.051000475883483887e-01 -4.790155887603759766e+00 3.728832960128784180e+00
1.045188217163085938e+02 3.458205032348632812e+01 -2.202558708190917969e+01 -7.311014652252197266e+00 -4.476045072078704834e-01 -4.016502380371093750e+00
1.189964675903320312e+02 2.718047142028808594e+01 -2.710401725769042969e+01 2.152923107147216797e+00 -4.678215026855468750e+00 1.367751479148864746e+00
1.221222534179687500e+02 2.775388717651367188e+01 -2.747311782836914062e+01 -2.231034994125366211e+00 -1.973463535308837891e+00 3.988235592842102051e-01
1.167435073852539062e+02 2.594220924377441406e+01 -2.716460990905761719e+01 -1.244246006011962891e+00 -1.430177807807922363e+00 2.117285251617431641e+00
1.245721130371093750e+02 2.795703506469726562e+01 -2.854645347595214844e+01 2.067279577255249023e+00 -1.514187693595886230e+00 1.633269906044006348e+00
1.170275192260742188e+02 2.412624168395996094e+01 -2.547940444946289062e+01 3.086766242980957031e+00 -3.219045400619506836e+00 2.074159145355224609e+00
1.147194671630859375e+02 2.817989921569824219e+01 -1.560880947113037109e+01 1.191590118408203125e+01 5.291832923889160156e+00 1.824078559875488281e+01
1.478526763916015625e+02 -1.378713703155517578e+01 -2.890661621093750000e+01 -6.959975719451904297e+00 7.702165603637695312e+00 1.472572517395019531e+01
1.446703491210937500e+02 -1.194430541992187500e+01 -2.880185508728027344e+01 -1.008217906951904297e+01 8.036701202392578125e+00 1.444949436187744141e+01
1.429071197509765625e+02 -1.124707508087158203e+01 -2.585541725158691406e+01 -8.471767425537109375e+00 8.347310066223144531e+00 1.422964477539062500e+01
1.481911773681640625e+02 -8.564767837524414062e+00 -2.963759422302246094e+01 -1.397776031494140625e+01 7.641211986541748047e+00 1.212303161621093750e+01
1.450991516113281250e+02 -1.350375366210937500e+01 -2.717776107788085938e+01 -8.282733917236328125e+00 8.484785079956054688e+00 1.437190055847167969e+01
1.474694213867187500e+02 -1.553325176239013672e+01 -2.854912948608398438e+01 -8.610882759094238281e+00 9.315337181091308594e+00 1.405986404418945312e+01
1.507859954833984375e+02 -1.376864242553710938e+01 -2.958742141723632812e+01 -1.079898643493652344e+01 6.952338695526123047e+00 1.399357795715332031e+01
1.471584014892578125e+02 -1.259694194793701172e+01 -3.209130096435546875e+01 -1.175353050231933594e+01 7.288123607635498047e+00 1.266050910949707031e+01
1.510988922119140625e+02 -1.317394924163818359e+01 -2.828290748596191406e+01 -9.826307296752929688e+00 8.226916313171386719e+00 1.449546813964843750e+01
1.417793579101562500e+02 -1.087349224090576172e+01 -2.894392013549804688e+01 -9.026142120361328125e+00 7.717190742492675781e+00 1.475172042846679688e+01
1.488128967285156250e+02 -1.395122337341308594e+01 -2.673991394042968750e+01 -8.202252388000488281e+00 9.139881134033203125e+00 1.576555442810058594e+01
1.512527008056640625e+02 -1.294133663177490234e+01 -2.993610191345214844e+01 -9.446862220764160156e+00 8.388904571533203125e+00 1.420197677612304688e+01
1.174855728149414062e+02 3.083537292480468750e+01 -1.578143978118896484e+01 1.214649772644042969e+01 6.606537342071533203e+00 1.719354629516601562e+01
1.271444854736328125e+02 3.022980117797851562e+01 -1.574164009094238281e+01 1.010472869873046875e+01 7.121012210845947266e+00 1.878314781188964844e+01
1.165156097412109375e+02 2.440780448913574219e+01 -1.572532844543457031e+01 1.287912464141845703e+01 6.866893291473388672e+00 1.897209358215332031e+01
1.278488922119140625e+02 2.616875457763671875e+01 -1.642734718322753906e+01 1.582280731201171875e+01 8.229660034179687500e+00 1.921730995178222656e+01
1.215215759277343750e+02 2.742989158630371094e+01 -1.802140045166015625e+01 9.045953750610351562e+00 5.536416053771972656e+00 1.637976455688476562e+01
1.224802856445312500e+02 2.767417335510253906e+01 -1.485549926757812500e+01 1.208160400390625000e+01 8.646077156066894531e+00 1.732423019409179688e+01
1.368191833496093750e+02 2.646196556091308594e+01 -2.260037231445312500e+01 8.960372924804687500e+00 5.726816177368164062e+00 1.572686672210693359e+01
1.189559860229492188e+02 2.698447418212890625e+01 -1.208588314056396484e+01 1.729753303527832031e+01 8.726006507873535156e+00 1.948277473449707031e+01
1.178500976562500000e+02 -7.606346130371093750e+00 -2.166391563415527344e+01 -1.018718147277832031e+01 1.306473255157470703e+01 6.845325946807861328e+00
1.127834625244140625e+02 -1.158188343048095703e+01 -2.062765693664550781e+01 -1.513309001922607422e+00 8.440760612487792969e+00 1.321413230895996094e+01
1.473251037597656250e+02 -1.062832069396972656e+01 -2.891185760498046875e+01 -1.013679695129394531e+01 6.673069477081298828e+00 1.261654376983642578e+01
1.502347564697265625e+02 -1.388873386383056641e+01 -2.900946044921875000e+01 -8.034585952758789062e+00 8.054664611816406250e+00 1.683675384521484375e+01
1.452280120849609375e+02 -5.914532661437988281e+00 -3.026917076110839844e+01 -9.426506042480468750e+00 1.024236392974853516e+01 1.132460594177246094e+01
1.469951782226562500e+02 -1.059091758728027344e+01 -2.711010742187500000e+01 -9.817462921142578125e+00 8.589323043823242188e+00 1.240537452697753906e+01
1.447096405029296875e+02 -1.371374225616455078e+01 -2.601493453979492188e+01 -7.492003440856933594e+00 8.802519798278808594e+00 1.434723758697509766e+01
1.450298156738281250e+02 -1.309646320343017578e+01 -2.735122108459472656e+01 -9.272614479064941406e+00 9.042470932006835938e+00 1.372126388549804688e+01
1.386572418212890625e+02 -1.217174625396728516e+01 -2.740088081359863281e+01 -7.162102222442626953e+00 8.577067375183105469e+00 1.355078792572021484e+01
1.451073303222656250e+02 -1.281853961944580078e+01 -2.787797355651855469e+01 -7.693044185638427734e+00 9.130761146545410156e+00 1.465237712860107422e+01
1.167719421386718750e+02 -9.655591011047363281e+00 -2.075860214233398438e+01 -4.618656158447265625e+00 7.308406829833984375e+00 1.109090805053710938e+01
1.470911102294921875e+02 -1.339606666564941406e+01 -2.637583160400390625e+01 -8.607892990112304688e+00 9.356490135192871094e+00 1.645262527465820312e+01
1.533406219482421875e+02 -1.302890396118164062e+01 -2.809130477905273438e+01 -9.873630523681640625e+00 9.210032463073730469e+00 1.599001789093017578e+01
1.474111938476562500e+02 -1.407433223724365234e+01 -2.803885841369628906e+01 -8.584107398986816406e+00 7.638966560363769531e+00 1.386384963989257812e+01
1.483122863769531250e+02 -1.247477912902832031e+01 -2.854183197021484375e+01 -7.967483520507812500e+00 8.197627067565917969e+00 1.272264194488525391e+01
1.433991699218750000e+02 -1.392074203491210938e+01 -2.830224037170410156e+01 -8.193723678588867188e+00 8.549589157104492188e+00 1.406839275360107422e+01
1.481000518798828125e+02 -1.476524543762207031e+01 -2.872126007080078125e+01 -9.365696907043457031e+00 1.037995338439941406e+01 1.429752445220947266e+01
1.422406768798828125e+02 -1.281902694702148438e+01 -2.651663970947265625e+01 -5.564695835113525391e+00 1.036483955383300781e+01 1.490190696716308594e+01
1.449873352050781250e+02 -1.348394298553466797e+01 -2.716445350646972656e+01 -7.531485080718994141e+00 9.082841873168945312e+00 1.524490356445312500e+01
1.548113403320312500e+02 -1.307710456848144531e+01 -3.107578849792480469e+01 -1.141641330718994141e+01 9.622861862182617188e+00 1.547673225402832031e+01
1.478316192626953125e+02 -1.430690383911132812e+01 -2.669045257568359375e+01 -7.767524719238281250e+00 8.916662216186523438e+00 1.502353191375732422e+01
1.484667053222656250e+02 -1.329083061218261719e+01 -2.926359176635742188e+01 -9.480223655700683594e+00 8.257764816284179688e+00 1.487462234497070312e+01
1.434764404296875000e+02 1.356660842895507812e+01 -5.977009582519531250e+01 1.095276832580566406e+01 1.615430259704589844e+01 6.428097724914550781e+00
1.468904113769531250e+02 1.535785293579101562e+01 -5.859244918823242188e+01 6.388111591339111328e+00 1.297917556762695312e+01 6.126049518585205078e+00
1.314263305664062500e+02 1.488195037841796875e+01 -6.244582748413085938e+01 1.222585010528564453e+01 2.221008491516113281e+01 4.453299045562744141e+00
1.518730468750000000e+02 1.534917831420898438e+01 -6.099428558349609375e+01 6.914298534393310547e+00 1.458616828918457031e+01 6.211911678314208984e+00
1.515708160400390625e+02 1.555430507659912109e+01 -6.224264907836914062e+01 5.239140033721923828e+00 1.581140899658203125e+01 8.094931602478027344e+00
1.568252563476562500e+02 1.604478073120117188e+01 -6.219757080078125000e+01 1.105944442749023438e+01 1.580050754547119141e+01 7.230191707611083984e+00
1.431159362792968750e+02 1.633491516113281250e+01 -5.981315231323242188e+01 1.042395877838134766e+01 1.743897247314453125e+01 3.946402311325073242e+00
1.463709716796875000e+02 1.541051387786865234e+01 -6.188542556762695312e+01 9.784049034118652344e+00 1.962626647949218750e+01 6.153503894805908203e+00
1.466786041259765625e+02 1.795331382751464844e+01 -6.025509643554687500e+01 8.704261779785156250e+00 1.823692703247070312e+01 4.206481933593750000e+00
1.408192901611328125e+02 1.496044445037841797e+01 -6.150820159912109375e+01 1.482973957061767578e+01 2.043150138854980469e+01 7.432100296020507812e+00
1.405313568115234375e+02 1.573923587799072266e+01 -5.719488525390625000e+01 1.177581882476806641e+01 1.817852783203125000e+01 6.816959857940673828e+00
1.448726501464843750e+02 1.643977355957031250e+01 -6.013287353515625000e+01 8.747510910034179688e+00 1.670797157287597656e+01 4.626343250274658203e+00
1.546203155517578125e+02 1.477122402191162109e+01 -6.206701660156250000e+01 9.056153297424316406e+00 1.704723167419433594e+01 6.499120235443115234e+00
1.514207000732421875e+02 1.775350761413574219e+01 -5.868297195434570312e+01 7.931152820587158203e+00 1.955839729309082031e+01 6.851994514465332031e+00
1.324592437744140625e+02 1.756665992736816406e+01 -5.778672409057617188e+01 1.000584316253662109e+01 2.362157058715820312e+01 1.200787901878356934e+00
1.249368209838867188e+02 1.725921058654785156e+01 -6.073489379882812500e+01 1.299564647674560547e+01 2.142533302307128906e+01 4.324697494506835938e+00
1.423299713134765625e+02 -1.421831893920898438e+01 -2.621007728576660156e+01 -8.022145271301269531e+00 8.719421386718750000e+00 1.492515373229980469e+01
1.529782714843750000e+02 -1.537210655212402344e+01 -3.081183624267578125e+01 -7.486603260040283203e+00 9.148450851440429688e+00 1.492175579071044922e+01
1.474781036376953125e+02 -1.207245349884033203e+01 -2.780605697631835938e+01 -9.968021392822265625e+00 6.109360218048095703e+00 1.336413764953613281e+01
1.541868591308593750e+02 -1.312054157257080078e+01 -2.962817382812500000e+01 -9.907822608947753906e+00 7.839660644531250000e+00 1.498961639404296875e+01
1.532397613525390625e+02 -1.424582576751708984e+01 -2.719782638549804688e+01 -9.959801673889160156e+00 8.444605827331542969e+00 1.497376346588134766e+01
1.505453338623046875e+02 -1.332549190521240234e+01 -2.936241149902343750e+01 -1.030120658874511719e+01 7.403358459472656250e+00 1.417325401306152344e+01
1.221976547241210938e+02 -1.154393196105957031e+01 -2.127080535888671875e+01 -3.308075904846191406e+00 8.128909111022949219e+00 1.317389583587646484e+01
1.196388702392578125e+02 -1.228457164764404297e+01 -2.120117950439453125e+01 -3.387990713119506836e+00 8.597366333007812500e+00 1.224414539337158203e+01
9.740922546386718750e+01 -7.824464797973632812e+00 -1.531459999084472656e+01 1.621869087219238281e+01 2.757872772216796875e+01 -4.348990440368652344e+00
1.123825836181640625e+02 -9.213036537170410156e+00 -1.386554527282714844e+01 2.013336372375488281e+01 2.673620986938476562e+01 -5.978108882904052734e+00
1.003917846679687500e+02 -1.050170993804931641e+01 -1.240435409545898438e+01 2.002083396911621094e+01 2.664493751525878906e+01 -2.829376697540283203e+00
1.039737930297851562e+02 -8.412889480590820312e+00 -1.629766845703125000e+01 2.132989692687988281e+01 2.439317321777343750e+01 -5.729337692260742188e+00
1.239719543457031250e+02 -1.118733692169189453e+01 -1.723658752441406250e+01 1.934011077880859375e+01 2.688085556030273438e+01 -1.812335252761840820e+00
8.950432586669921875e+01 -7.702339172363281250e+00 -1.347186946868896484e+01 1.927687454223632812e+01 2.314739227294921875e+01 -5.639889240264892578e+00
1.031112670898437500e+02 -8.842145919799804688e+00 -1.158971214294433594e+01 2.377801322937011719e+01 2.841421318054199219e+01 -7.631602287292480469e+00
1.151088638305664062e+02 -1.305302715301513672e+01 -1.617022705078125000e+01 1.700775527954101562e+01 2.702650833129882812e+01 -2.829542636871337891e+00
1.036641540527343750e+02 -1.258192062377929688e+01 -1.485080146789550781e+01 7.860821247100830078e+00 1.611743736267089844e+01 -2.052408695220947266e+00
1.416551666259765625e+02 1.643566894531250000e+01 -5.980364227294921875e+01 9.241293907165527344e+00 1.754586982727050781e+01 4.238451957702636719e+00
1.494144744873046875e+02 1.588003349304199219e+01 -5.904499435424804688e+01 7.081855773925781250e+00 1.382539844512939453e+01 7.568090438842773438e+00
1.501089324951171875e+02 1.474804210662841797e+01 -5.979491424560546875e+01 7.641541004180908203e+00 1.563892364501953125e+01 5.046299457550048828e+00
1.540963592529296875e+02 1.406229019165039062e+01 -5.944401931762695312e+01 1.173754310607910156e+01 1.693869209289550781e+01 6.597207069396972656e+00
1.196816864013671875e+02 1.029488754272460938e+01 -4.649059677124023438e+01 9.390506744384765625e+00 1.519721031188964844e+01 4.914792537689208984e+00
1.326010131835937500e+02 1.608004570007324219e+01 -5.899739837646484375e+01 1.547763729095458984e+01 2.022544479370117188e+01 5.787302494049072266e+00
1.514195404052734375e+02 1.534082221984863281e+01 -6.283056640625000000e+01 4.026954174041748047e+00 1.482646560668945312e+01 7.480871677398681641e+00
1.554875183105468750e+02 1.529051685333251953e+01 -6.288785171508789062e+01 6.578802585601806641e+00 1.529296207427978516e+01 7.559628963470458984e+00
9.450170135498046875e+01 -1.003753280639648438e+01 -1.626326560974121094e+01 1.004900455474853516e+00 1.547528839111328125e+01 -4.945697784423828125e-01
8.264605712890625000e+01 -9.606505393981933594e+00 -1.346607875823974609e+01 1.354087233543395996e+00 1.653848266601562500e+01 -5.649432659149169922e+00
8.988425445556640625e+01 -1.013127231597900391e+01 -1.023762512207031250e+01 1.236005210876464844e+01 1.807562065124511719e+01 -3.464389085769653320e+00
8.485910797119140625e+01 -1.192158031463623047e+01 -9.847962379455566406e+00 1.102844333648681641e+01 1.658080291748046875e+01 -1.782015204429626465e+00
9.527863311767578125e+01 -1.134984397888183594e+01 -1.358261775970458984e+01 6.429923534393310547e+00 1.722602653503417969e+01 -2.601218461990356445e+00
1.034723281860351562e+02 -1.011313343048095703e+01 -1.457207584381103516e+01 8.670166015625000000e+00 2.004192543029785156e+01 1.334302544593811035e+00
6.301730728149414062e+01 1.520795917510986328e+01 -3.545040893554687500e+01 1.868877410888671875e+01 1.493558311462402344e+01 1.075513839721679688e+01
5.694100189208984375e+01 1.452956295013427734e+01 -3.809152984619140625e+01 3.665464639663696289e+00 1.439556026458740234e+01 1.447152042388916016e+01
3.601583862304687500e+01 9.644127845764160156e+00 -3.417938613891601562e+01 -1.022540092468261719e+01 1.621395492553710938e+01 5.816077232360839844e+00
6.810379791259765625e+01 2.103962135314941406e+01 -3.792456817626953125e+01 -1.095796585083007812e+01 1.983787727355957031e+01 4.497163295745849609e+00
2.756699371337890625e+01 6.116502285003662109e+00 -2.863866233825683594e+01 -9.619367599487304688e+00 1.347337341308593750e+01 9.500308990478515625e+00
2.497927856445312500e+01 7.907626152038574219e+00 -2.606338882446289062e+01 -2.173063755035400391e+00 1.396732616424560547e+01 4.797920703887939453e+00
2.245753288269042969e+01 5.470415592193603516e+00 -2.602234077453613281e+01 -1.004726791381835938e+01 9.541718482971191406e+00 7.295619487762451172e+00
4.465554809570312500e+01 1.222896385192871094e+01 -3.521531677246093750e+01 -5.822455883026123047e+00 1.585998535156250000e+01 8.451511383056640625e+00
3.854845046997070312e+01 9.943747520446777344e+00 -3.139941215515136719e+01 -9.089447021484375000e+00 1.592751407623291016e+01 1.716452026367187500e+01
3.465951156616210938e+01 1.037170886993408203e+01 -3.053461837768554688e+01 -4.297516345977783203e+00 1.435271358489990234e+01 1.370639610290527344e+01
5.572428131103515625e+01 2.334969329833984375e+01 -2.406046104431152344e+01 5.043077945709228516e+00 1.686820983886718750e+01 -1.799848914146423340e+00
6.663994598388671875e+01 2.234759712219238281e+01 -2.596788406372070312e+01 5.160597324371337891e+00 1.788175773620605469e+01 2.594861221313476562e+01
4.656860351562500000e+01 9.605714797973632812e+00 -3.712355804443359375e+01 -1.203182411193847656e+01 1.723935699462890625e+01 2.566496658325195312e+01
9.331848907470703125e+01 2.539175033569335938e+01 -3.965366363525390625e+01 1.116295814514160156e+01 1.939081764221191406e+01 2.235454177856445312e+01
7.063288879394531250e+01 6.595523834228515625e+00 -4.245808410644531250e+01 -1.182519531250000000e+01 1.804896926879882812e+01 1.764960289001464844e+01
5.992567443847656250e+01 1.239112949371337891e+01 -4.349619293212890625e+01 -1.123061466217041016e+01 1.691720771789550781e+01 1.581100082397460938e+01
7.224979400634765625e+01 7.070851802825927734e+00 -4.854585647583007812e+01 -3.401844501495361328e+00 1.319088268280029297e+01 2.372410964965820312e+01
6.553321075439453125e+01 7.670792579650878906e+00 -4.715903091430664062e+01 -1.561997222900390625e+01 1.791459846496582031e+01 1.603499984741210938e+01
7.195542907714843750e+01 8.756993293762207031e+00 -4.881641387939453125e+01 -1.562140750885009766e+01 1.884809684753417969e+01 1.937603187561035156e+01
8.216553497314453125e+01 1.149455070495605469e+01 -4.870607376098632812e+01 -1.782906723022460938e+01 1.836653709411621094e+01 1.742631721496582031e+01
1.042536392211914062e+02 1.126468849182128906e+01 -5.363193893432617188e+01 -6.198220729827880859e+00 1.280817794799804688e+01 2.044771766662597656e+01
5.901182174682617188e+01 9.213322639465332031e+00 -4.205712127685546875e+01 -1.370779514312744141e+01 1.502928733825683594e+01 1.342671680450439453e+01
6.960282135009765625e+01 1.051290798187255859e+01 -4.051496887207031250e+01 -4.615943908691406250e+00 1.762595558166503906e+01 2.130291557312011719e+01
4.816332244873046875e+01 7.261429309844970703e+00 -3.751807022094726562e+01 -1.130140304565429688e+01 1.460851192474365234e+01 8.220249176025390625e+00
8.846482086181640625e+01 1.525434303283691406e+01 -5.029956054687500000e+01 -2.186226367950439453e+00 8.759185791015625000e+00 1.905938339233398438e+01
4.907073974609375000e+01 1.071922492980957031e+01 -4.124374008178710938e+01 -1.094704723358154297e+01 2.274027824401855469e+01 1.417845916748046875e+01
5.786959838867187500e+01 8.545834541320800781e+00 -4.234290695190429688e+01 -1.375584125518798828e+01 1.990136528015136719e+01 1.641642189025878906e+01
4.701878738403320312e+01 9.361572265625000000e+00 -4.095856857299804688e+01 -1.362009048461914062e+01 1.664612960815429688e+01 1.387810325622558594e+01
5.878638839721679688e+01 9.135118484497070312e+00 -4.280876159667968750e+01 -1.359405612945556641e+01 1.645706558227539062e+01 2.384259986877441406e+01
5.019600296020507812e+01 7.000216007232666016e+00 -4.137479400634765625e+01 -1.282572555541992188e+01 1.931786537170410156e+01 1.877555847167968750e+01
1.066811523437500000e+02 -1.191603279113769531e+01 -1.767811775207519531e+01 -2.057516813278198242e+00 1.587312698364257812e+01 -9.035583138465881348e-01
9.914619445800781250e+01 -1.120008850097656250e+01 -1.565540504455566406e+01 6.282629013061523438e+00 1.766806030273437500e+01 -5.302350997924804688e+00
8.938405609130859375e+01 -9.558408737182617188e+00 -1.492536067962646484e+01 -1.647372692823410034e-01 1.662415695190429688e+01 -3.209736585617065430e+00
3.105792045593261719e+01 7.743206024169921875e+00 -3.370797729492187500e+01 -9.078456878662109375e+00 1.545375919342041016e+01 1.473666000366210938e+01
2.639487075805664062e+01 6.598447799682617188e+00 -2.642128562927246094e+01 -6.923700332641601562e+00 1.393166828155517578e+01 7.980199813842773438e+00
3.702083206176757812e+01 1.167806720733642578e+01 -2.121921539306640625e+01 1.171814537048339844e+01 1.012596797943115234e+01 9.981801986694335938e+00
2.943640327453613281e+01 7.750221729278564453e+00 -2.961454582214355469e+01 -8.893220901489257812e+00 1.499036026000976562e+01 3.147485733032226562e+00
4.644767761230468750e+01 1.774525642395019531e+01 -3.600136947631835938e+01 1.833433061838150024e-01 1.620596885681152344e+01 1.640918922424316406e+01
6.430696868896484375e+01 3.539910793304443359e+00 -4.266826629638671875e+01 6.946040153503417969e+00 1.374591732025146484e+01 3.376260757446289062e+01
4.795414352416992188e+01 1.076385879516601562e+01 -3.315913009643554688e+01 9.988463521003723145e-01 1.241183662414550781e+01 1.524708843231201172e+01
6.396785736083984375e+01 2.031642723083496094e+01 -3.844822311401367188e+01 -1.623269796371459961e+00 1.168150520324707031e+01 1.388809490203857422e+01
5.291435623168945312e+01 1.408145523071289062e+01 -3.613917922973632812e+01 -3.750964403152465820e-01 1.756463241577148438e+01 1.810720252990722656e+01
6.926719665527343750e+01 1.631553077697753906e+01 -4.080728149414062500e+01 6.993722438812255859e+00 1.306536483764648438e+01 1.581835460662841797e+01
3.039080047607421875e+01 5.572355270385742188e+00 -3.109237861633300781e+01 -1.055919742584228516e+01 1.404798126220703125e+01 1.338545799255371094e+01
2.666096687316894531e+01 7.093432903289794922e+00 -2.765937232971191406e+01 -8.427159309387207031e+00 1.361087989807128906e+01 1.195807838439941406e+01
5.692237854003906250e+01 1.653079223632812500e+01 -3.807501220703125000e+01 3.714172601699829102e+00 1.382225322723388672e+01 2.436564826965332031e+01
3.410395431518554688e+01 7.494128704071044922e+00 -3.493011093139648438e+01 -8.942179679870605469e+00 1.615423965454101562e+01 1.262853622436523438e+01
6.750917053222656250e+01 8.930694580078125000e+00 -4.315343856811523438e+01 1.225257205963134766e+01 1.213180541992187500e+01 2.134953880310058594e+01
2.147099304199218750e+01 4.162349224090576172e+00 -2.240630531311035156e+01 -6.284444332122802734e+00 1.037603378295898438e+01 8.319011688232421875e+00
3.472037124633789062e+01 7.434159278869628906e+00 -3.491596603393554688e+01 -7.153909683227539062e+00 1.445092582702636719e+01 1.601098442077636719e+01
3.159706878662109375e+01 1.118126010894775391e+01 -2.370389175415039062e+01 -2.653405427932739258e+00 4.394300460815429688e+00 1.002042102813720703e+01
2.704451751708984375e+01 4.067702770233154297e+00 -2.751576805114746094e+01 -1.257579898834228516e+01 1.009757041931152344e+01 1.141759967803955078e+01
