1.069321975708007812e+02 1.684538841247558594e+01 5.187073135375976562e+01 2.619981193542480469e+01
9.619278717041015625e+01 1.460963535308837891e+01 4.066876602172851562e+01 2.441970252990722656e+01
1.012724761962890625e+02 1.341279602050781250e+01 4.995295715332031250e+01 2.384769630432128906e+01
1.317286071777343750e+02 2.859485244750976562e+01 1.132307529449462891e+01 6.612902641296386719e+00
1.237440719604492188e+02 2.635041999816894531e+01 1.136302375793457031e+01 8.216346740722656250e+00
1.266082534790039062e+02 2.819295501708984375e+01 8.728820800781250000e+00 8.174540519714355469e+00
1.018582687377929688e+02 2.692209243774414062e+01 -5.926137924194335938e+00 9.228880882263183594e+00
1.150132751464843750e+02 2.854867362976074219e+01 9.847488403320312500e+00 5.146377563476562500e+00
1.245909500122070312e+02 2.714648246765136719e+01 1.092249393463134766e+01 7.645031929016113281e+00
1.149938812255859375e+02 2.839112281799316406e+01 6.916980266571044922e+00 7.256758213043212891e+00
1.271318893432617188e+02 2.914971160888671875e+01 1.327780246734619141e+01 7.808554172515869141e+00
1.234551315307617188e+02 2.708428573608398438e+01 4.257818698883056641e+00 7.853518009185791016e+00
8.475304412841796875e+01 9.566011428833007812e+00 4.590712738037109375e+01 2.536431884765625000e+01
8.878121948242187500e+01 1.325119781494140625e+01 4.850108337402343750e+01 2.621181297302246094e+01
1.048406295776367188e+02 1.402440166473388672e+01 4.836285781860351562e+01 2.491189575195312500e+01
9.616863250732421875e+01 1.254710483551025391e+01 5.004731369018554688e+01 2.644976615905761719e+01
8.696901702880859375e+01 1.125042819976806641e+01 4.188240432739257812e+01 2.631352615356445312e+01
8.649465179443359375e+01 1.179617977142333984e+01 4.657745361328125000e+01 2.467298889160156250e+01
9.105170440673828125e+01 1.477600860595703125e+01 4.735653305053710938e+01 2.789659881591796875e+01
1.124891967773437500e+02 1.552915382385253906e+01 5.527105712890625000e+01 2.602062606811523438e+01
9.470133972167968750e+01 1.702722740173339844e+01 5.163009262084960938e+01 2.862560844421386719e+01
8.144236755371093750e+01 1.485109519958496094e+01 4.412720870971679688e+01 2.220741653442382812e+01
9.551405334472656250e+01 1.465225124359130859e+01 4.350974273681640625e+01 2.197676467895507812e+01
1.110598144531250000e+02 1.497572422027587891e+01 4.943004989624023438e+01 2.255241203308105469e+01
1.354469909667968750e+02 2.922051239013671875e+01 1.437897682189941406e+01 6.051306724548339844e+00
1.284113922119140625e+02 2.638023567199707031e+01 8.900886535644531250e+00 9.480311393737792969e+00
1.233269805908203125e+02 3.022148895263671875e+01 7.382782936096191406e+00 1.005031871795654297e+01
1.228927841186523438e+02 2.453166198730468750e+01 6.126480579376220703e+00 9.999852180480957031e+00
1.118036193847656250e+02 2.477904129028320312e+01 1.112899184226989746e+00 7.490512371063232422e+00
1.201649627685546875e+02 2.996164894104003906e+01 1.250480079650878906e+01 3.370942115783691406e+00
1.210883255004882812e+02 2.728620529174804688e+01 4.845193862915039062e+00 8.355358123779296875e+00
1.273865966796875000e+02 2.926656913757324219e+01 1.380154705047607422e+01 8.580890655517578125e+00
1.198024444580078125e+02 3.245898437500000000e+01 1.263048648834228516e+01 3.300687551498413086e+00
1.312631225585937500e+02 2.835432052612304688e+01 9.574775695800781250e+00 7.314892768859863281e+00
1.261905212402343750e+02 3.131433868408203125e+01 1.172909259796142578e+01 7.607574939727783203e+00
1.150632705688476562e+02 3.084183120727539062e+01 3.146912336349487305e+00 7.939257621765136719e+00
1.145362930297851562e+02 2.479412651062011719e+01 9.519989013671875000e+00 5.964575767517089844e+00
1.183908691406250000e+02 2.313755798339843750e+01 9.093680381774902344e+00 7.883484363555908203e+00
1.174082107543945312e+02 3.152597427368164062e+01 6.766477108001708984e+00 6.665699481964111328e+00
1.247994613647460938e+02 2.560055923461914062e+01 7.662782192230224609e+00 9.183081626892089844e+00
9.771846008300781250e+01 2.504037857055664062e+01 1.255033016204833984e+00 7.463669776916503906e+00
1.209104003906250000e+02 2.635969543457031250e+01 6.524487018585205078e+00 8.120457649230957031e+00
1.181299209594726562e+02 2.534076499938964844e+01 7.457613945007324219e+00 9.084262847900390625e+00
1.210209274291992188e+02 2.710186195373535156e+01 7.802278518676757812e+00 8.218409538269042969e+00
1.613576354980468750e+02 3.780359649658203125e+01 3.642378234863281250e+01 1.399151515960693359e+01
1.522765350341796875e+02 2.781550216674804688e+01 3.061375236511230469e+01 2.188453674316406250e+01
1.437812805175781250e+02 3.615595626831054688e+01 2.971738624572753906e+01 1.723793411254882812e+01
1.163189468383789062e+02 4.197303390502929688e+01 2.980842781066894531e+01 1.610231208801269531e+01
1.314936523437500000e+02 3.774665451049804688e+01 2.896491241455078125e+01 1.537744903564453125e+01
1.225420989990234375e+02 3.828762435913085938e+01 3.035237503051757812e+01 1.096847248077392578e+01
1.266593856811523438e+02 3.378551864624023438e+01 3.131433105468750000e+01 1.827540779113769531e+01
1.323410949707031250e+02 3.938830947875976562e+01 3.463468933105468750e+01 2.237342643737792969e+01
1.444535064697265625e+02 3.384130096435546875e+01 3.622212982177734375e+01 1.591491889953613281e+01
1.334035339355468750e+02 4.503966903686523438e+01 2.924874305725097656e+01 1.840663528442382812e+01
1.444111480712890625e+02 2.976611709594726562e+01 3.388953399658203125e+01 1.591278934478759766e+01
1.478244628906250000e+02 4.053517150878906250e+01 3.302938842773437500e+01 1.426235294342041016e+01
1.370828094482421875e+02 3.520529556274414062e+01 3.047190666198730469e+01 1.650170707702636719e+01
1.577094726562500000e+02 3.606200408935546875e+01 3.445781707763671875e+01 2.237181472778320312e+01
1.132892303466796875e+02 3.393729400634765625e+01 2.458302688598632812e+01 1.803621673583984375e+01
1.529488220214843750e+02 3.515000152587890625e+01 3.176661109924316406e+01 1.527448654174804688e+01
1.556340789794921875e+02 2.992424774169921875e+01 3.718867874145507812e+01 1.241698646545410156e+01
1.363171691894531250e+02 4.028347015380859375e+01 2.601581001281738281e+01 1.824294662475585938e+01
1.501501464843750000e+02 3.285588455200195312e+01 3.550149917602539062e+01 1.012503910064697266e+01
1.510657348632812500e+02 3.518911743164062500e+01 4.175342941284179688e+01 1.575902557373046875e+01
1.462461242675781250e+02 2.922982215881347656e+01 3.535047531127929688e+01 1.995138359069824219e+01
1.293147583007812500e+02 3.853267288208007812e+01 3.133753395080566406e+01 1.734977340698242188e+01
8.780263519287109375e+01 1.170873165130615234e+00 8.037471771240234375e+00 3.956686782836914062e+01
1.411977386474609375e+02 -4.951093673706054688e+00 1.950282287597656250e+01 3.944945144653320312e+01
1.253337631225585938e+02 -7.710298895835876465e-02 1.778724288940429688e+01 4.693643951416015625e+01
1.024305953979492188e+02 2.465385198593139648e+00 1.342798233032226562e+01 3.462254333496093750e+01
1.335777130126953125e+02 -5.370484590530395508e-01 1.742548942565917969e+01 4.318579864501953125e+01
1.324191284179687500e+02 1.407237052917480469e+00 1.962569618225097656e+01 3.674373626708984375e+01
1.365563964843750000e+02 -7.423553943634033203e+00 1.628765869140625000e+01 3.716265106201171875e+01
1.424457092285156250e+02 -2.749117851257324219e+00 2.140278816223144531e+01 3.844719696044921875e+01
1.331337890625000000e+02 -3.868831872940063477e+00 1.654130935668945312e+01 3.694903564453125000e+01
8.448000335693359375e+01 2.202524423599243164e+00 7.989489078521728516e+00 4.761770248413085938e+01
1.183406829833984375e+02 -4.742367744445800781e+00 1.151625919342041016e+01 4.035005569458007812e+01
1.373960113525390625e+02 -2.228545188903808594e+00 1.382160854339599609e+01 4.208203506469726562e+01
1.088168411254882812e+02 -4.826152324676513672e+00 1.008539676666259766e+01 4.759723281860351562e+01
1.303656005859375000e+02 -1.604568004608154297e+00 1.308292388916015625e+01 3.847312927246093750e+01
8.988428497314453125e+01 1.404064178466796875e+00 4.145790576934814453e+00 3.910577774047851562e+01
8.480741882324218750e+01 -3.657134771347045898e-01 3.537411928176879883e+00 3.338694763183593750e+01
9.956158447265625000e+01 2.939577579498291016e+00 1.122016906738281250e+01 4.211940383911132812e+01
1.079051361083984375e+02 2.597856712341308594e+01 1.958408927917480469e+01 6.217790603637695312e+00
1.070390090942382812e+02 2.413725090026855469e+01 1.860178184509277344e+01 8.264708518981933594e+00
1.146648406982421875e+02 2.912207794189453125e+01 2.179509353637695312e+01 4.330134391784667969e+00
1.363914489746093750e+02 2.724967575073242188e+01 2.973817443847656250e+01 7.701631546020507812e+00
1.048945159912109375e+02 2.217763137817382812e+01 1.897862815856933594e+01 8.777410507202148438e+00
9.936875915527343750e+01 3.209875869750976562e+01 1.971503829956054688e+01 3.376635789871215820e+00
1.264936904907226562e+02 2.452018737792968750e+01 2.718131828308105469e+01 4.624694347381591797e+00
1.127530593872070312e+02 3.210613250732421875e+01 2.353228569030761719e+01 1.618204474449157715e+00
1.200467224121093750e+02 3.421758651733398438e+01 2.564729499816894531e+01 2.780575275421142578e+00
1.280124969482421875e+02 2.925020408630371094e+01 2.409414100646972656e+01 9.314697265625000000e+00
9.877994537353515625e+01 2.466281127929687500e+01 1.677650642395019531e+01 7.614335060119628906e+00
1.091042633056640625e+02 2.546285629272460938e+01 2.310693359375000000e+01 5.199369907379150391e+00
1.125293884277343750e+02 3.385566711425781250e+01 2.005946350097656250e+01 5.649574756622314453e+00
1.212361450195312500e+02 2.679942893981933594e+01 2.436058807373046875e+01 4.956764698028564453e+00
1.016344070434570312e+02 2.610362815856933594e+01 1.619254875183105469e+01 7.606356143951416016e+00
1.206936035156250000e+02 2.935621833801269531e+01 2.088565826416015625e+01 6.381615161895751953e+00
1.067298736572265625e+02 3.590313339233398438e+01 2.195062828063964844e+01 1.608018636703491211e+00
1.232062911987304688e+02 2.460604858398437500e+01 2.465550613403320312e+01 5.415664672851562500e+00
1.045290222167968750e+02 3.527638244628906250e+01 2.155856132507324219e+01 1.206482529640197754e+00
1.190376129150390625e+02 2.835853195190429688e+01 2.463771438598632812e+01 6.699108600616455078e+00
1.221542434692382812e+02 2.868218994140625000e+01 2.639757537841796875e+01 5.565780162811279297e+00
1.167670059204101562e+02 2.672738075256347656e+01 2.577243614196777344e+01 5.583500385284423828e+00
1.246099243164062500e+02 2.907469749450683594e+01 2.638015937805175781e+01 9.260909080505371094e+00
1.170603179931640625e+02 2.516300582885742188e+01 2.270849609375000000e+01 6.846627712249755859e+00
1.146384124755859375e+02 2.785119438171386719e+01 8.176998138427734375e+00 5.227083683013916016e+00
1.478165435791015625e+02 -1.449207973480224609e+01 2.870332336425781250e+01 7.196319103240966797e-01
1.446406860351562500e+02 -1.289273929595947266e+01 3.007502174377441406e+01 -9.044142961502075195e-01
1.428772888183593750e+02 -1.213705635070800781e+01 2.690776634216308594e+01 1.984847933053970337e-01
1.481714324951171875e+02 -9.438504219055175781e+00 3.267572402954101562e+01 -1.289342164993286133e+00
1.450724945068359375e+02 -1.435548400878906250e+01 2.822043800354003906e+01 7.799953222274780273e-01
1.474334411621093750e+02 -1.642168235778808594e+01 2.936065101623535156e+01 1.120065212249755859e+00
1.507583312988281250e+02 -1.459579753875732422e+01 3.108965110778808594e+01 -1.377259492874145508e+00
1.471390838623046875e+02 -1.342478752136230469e+01 3.420900344848632812e+01 -1.937149763107299805e-01
1.510660400390625000e+02 -1.402458953857421875e+01 2.958170890808105469e+01 -2.316504269838333130e-01
1.417534484863281250e+02 -1.180454349517822266e+01 3.005684661865234375e+01 -2.046806961297988892e-01
1.487768859863281250e+02 -1.473469924926757812e+01 2.752571296691894531e+01 8.081139326095581055e-01
1.512242126464843750e+02 -1.380846786499023438e+01 3.129950714111328125e+01 7.472339868545532227e-01
1.174187393188476562e+02 3.034357833862304688e+01 9.399660110473632812e+00 7.026331901550292969e+00
1.270617828369140625e+02 2.978351783752441406e+01 9.310603141784667969e+00 5.478133201599121094e+00
1.164470367431640625e+02 2.390087127685546875e+01 8.981783866882324219e+00 7.396332263946533203e+00
1.277551803588867188e+02 2.571430015563964844e+01 7.796491622924804688e+00 8.609663963317871094e+00
1.214587097167968750e+02 2.694483566284179688e+01 1.264969348907470703e+01 5.733566761016845703e+00
1.223955688476562500e+02 2.707948112487792969e+01 7.949406623840332031e+00 7.326337337493896484e+00
1.367567596435546875e+02 2.609136390686035156e+01 1.684438896179199219e+01 7.138876914978027344e+00
1.188612823486328125e+02 2.638129806518554688e+01 2.731498479843139648e+00 8.297387123107910156e+00
1.177974853515625000e+02 -8.808042526245117188e+00 2.288920021057128906e+01 5.170223116874694824e-01
1.127510757446289062e+02 -1.217051315307617188e+01 1.944113731384277344e+01 3.675679922103881836e+00
1.473047485351562500e+02 -1.136964130401611328e+01 3.040365219116210938e+01 -6.419178843498229980e-01
1.502073516845703125e+02 -1.474302005767822266e+01 2.981318473815917969e+01 6.498984694480895996e-01
1.452103118896484375e+02 -6.736599445343017578e+00 3.220146179199218750e+01 3.746860504150390625e+00
1.469634857177734375e+02 -1.137671184539794922e+01 2.838926506042480469e+01 6.317576020956039429e-02
1.446708679199218750e+02 -1.449162292480468750e+01 2.624798202514648438e+01 4.823914468288421631e-01
1.449904937744140625e+02 -1.391314792633056641e+01 2.834243774414062500e+01 4.217140972614288330e-01
1.386280364990234375e+02 -1.293961429595947266e+01 2.779561424255371094e+01 1.702993631362915039e+00
1.450737152099609375e+02 -1.366711235046386719e+01 2.847292709350585938e+01 9.573868513107299805e-01
1.167412185668945312e+02 -1.029435443878173828e+01 2.057744407653808594e+01 1.300319910049438477e+00
1.470559997558593750e+02 -1.431908607482910156e+01 2.741615867614746094e+01 4.762426614761352539e-01
1.533011779785156250e+02 -1.399254322052001953e+01 2.923718452453613281e+01 -5.863089561462402344e-01
1.473797454833984375e+02 -1.487072181701660156e+01 2.886824989318847656e+01 8.777098357677459717e-02
1.482845458984375000e+02 -1.322760105133056641e+01 2.921146965026855469e+01 1.405427098274230957e+00
1.433647003173828125e+02 -1.472838592529296875e+01 2.899120330810546875e+01 8.913443088531494141e-01
1.480582885742187500e+02 -1.570850658416748047e+01 2.968393135070800781e+01 1.204473733901977539e+00
1.422066192626953125e+02 -1.364777660369873047e+01 2.659917831420898438e+01 2.991652250289916992e+00
1.449536285400390625e+02 -1.428651905059814453e+01 2.760778999328613281e+01 1.441067576408386230e+00
1.547727508544921875e+02 -1.408555984497070312e+01 3.262445068359375000e+01 -1.045492291450500488e-01
1.478009490966796875e+02 -1.515011596679687500e+01 2.739498901367187500e+01 9.693028926849365234e-01
1.484346160888671875e+02 -1.415020847320556641e+01 3.041122436523437500e+01 -4.735377430915832520e-02
1.433607330322265625e+02 1.358746242523193359e+01 4.927217864990234375e+01 2.183352088928222656e+01
1.467914581298828125e+02 1.515570163726806641e+01 5.021299743652343750e+01 1.695260047912597656e+01
1.312768859863281250e+02 1.416702270507812500e+01 5.026153564453125000e+01 2.497597694396972656e+01
1.517638702392578125e+02 1.516949367523193359e+01 5.200810241699218750e+01 1.810715675354003906e+01
1.514601745605468750e+02 1.520353317260742188e+01 5.395143890380859375e+01 1.812835693359375000e+01
1.567046813964843750e+02 1.610455703735351562e+01 5.122256851196289062e+01 2.093045425415039062e+01
1.430003814697265625e+02 1.615940856933593750e+01 4.952817916870117188e+01 2.202301406860351562e+01
1.462605743408203125e+02 1.520460605621337891e+01 5.258297348022460938e+01 2.428465270996093750e+01
1.465622253417968750e+02 1.759835433959960938e+01 5.068256378173828125e+01 2.135568809509277344e+01
1.406770172119140625e+02 1.472112274169921875e+01 4.866025161743164062e+01 2.551502799987792969e+01
1.404032592773437500e+02 1.545744132995605469e+01 4.619731140136718750e+01 2.112504005432128906e+01
1.447473754882812500e+02 1.627455902099609375e+01 4.985289764404296875e+01 1.974163246154785156e+01
1.544936370849609375e+02 1.449472522735595703e+01 5.195338821411132812e+01 2.065753173828125000e+01
1.512830657958984375e+02 1.726224327087402344e+01 4.896561050415039062e+01 2.029537391662597656e+01
1.323145294189453125e+02 1.693391418457031250e+01 4.717102432250976562e+01 2.384699821472167969e+01
1.247963485717773438e+02 1.667301177978515625e+01 4.882433700561523438e+01 2.441222381591796875e+01
1.422972717285156250e+02 -1.493122863769531250e+01 2.674510574340820312e+01 1.211725115776062012e+00
1.529501495361328125e+02 -1.628042221069335938e+01 3.142291831970214844e+01 1.787646293640136719e+00
1.474552154541015625e+02 -1.277599620819091797e+01 2.922695541381835938e+01 -1.381342172622680664e+00
1.541567687988281250e+02 -1.399094581604003906e+01 3.094760513305664062e+01 -3.106012344360351562e-01
1.532071838378906250e+02 -1.514406204223632812e+01 2.860978698730468750e+01 -7.796754240989685059e-01
1.505186614990234375e+02 -1.415356159210205078e+01 3.083871078491210938e+01 -7.351645231246948242e-01
1.221624450683593750e+02 -1.215250873565673828e+01 2.035095405578613281e+01 2.283494710922241211e+00
1.196046142578125000e+02 -1.289211273193359375e+01 2.050453948974609375e+01 2.849033594131469727e+00
9.735974884033203125e+01 -7.786614894866943359e+00 9.945051193237304688e+00 3.360650634765625000e+01
1.123164825439453125e+02 -8.849918365478515625e+00 5.978233814239501953e+00 3.427553939819335938e+01
1.003262634277343750e+02 -1.028375148773193359e+01 4.978932857513427734e+00 3.302318191528320312e+01
1.039211349487304688e+02 -7.877758502960205078e+00 7.977331161499023438e+00 3.426673507690429688e+01
1.239089736938476562e+02 -1.087394714355468750e+01 9.695004463195800781e+00 3.462463760375976562e+01
8.945175933837890625e+01 -7.493156909942626953e+00 6.376752376556396484e+00 3.023243331909179688e+01
1.030476760864257812e+02 -8.782628059387207031e+00 2.874416589736938477e+00 3.601388168334960938e+01
1.150543518066406250e+02 -1.303607273101806641e+01 9.976414680480957031e+00 3.357691192626953125e+01
1.036271362304687500e+02 -1.252548217773437500e+01 1.103257465362548828e+01 1.992770576477050781e+01
1.415379333496093750e+02 1.615915298461914062e+01 5.008988189697265625e+01 2.114698219299316406e+01
1.493080749511718750e+02 1.570089244842529297e+01 5.007862854003906250e+01 1.753501892089843750e+01
1.499995727539062500e+02 1.460747528076171875e+01 5.063273620605468750e+01 1.961929702758789062e+01
1.539726715087890625e+02 1.379613876342773438e+01 4.856041336059570312e+01 2.054971885681152344e+01
1.195772018432617188e+02 9.984551429748535156e+00 3.776874923706054688e+01 1.740122032165527344e+01
1.324617614746093750e+02 1.584875965118408203e+01 4.618215560913085938e+01 2.474555397033691406e+01
1.513207397460937500e+02 1.511606025695800781e+01 5.516914749145507812e+01 1.819640922546386719e+01
1.553811340332031250e+02 1.514081764221191406e+01 5.407038879394531250e+01 1.879977416992187500e+01
9.446270751953125000e+01 -1.046967792510986328e+01 1.513507652282714844e+01 1.537754249572753906e+01
8.261483764648437500e+01 -1.019387912750244141e+01 1.292673110961914062e+01 1.646434020996093750e+01
8.984580993652343750e+01 -1.019147205352783203e+01 5.748776435852050781e+00 2.220251846313476562e+01
8.481430816650390625e+01 -1.192430400848388672e+01 5.256483554840087891e+00 2.010153198242187500e+01
9.523686218261718750e+01 -1.154069042205810547e+01 1.085064506530761719e+01 1.884863662719726562e+01
1.034194259643554688e+02 -1.008387184143066406e+01 1.057783889770507812e+01 2.258562469482421875e+01
6.303769302368164062e+01 1.596629524230957031e+01 2.914945983886718750e+01 2.431893157958984375e+01
5.689805603027343750e+01 1.401421546936035156e+01 3.560466384887695312e+01 1.432757949829101562e+01
3.593842315673828125e+01 8.390071868896484375e+00 3.542589569091796875e+01 6.774852275848388672e+00
6.804091644287109375e+01 1.966870689392089844e+01 3.979380035400390625e+01 1.053151226043701172e+01
2.750637054443359375e+01 5.118901252746582031e+00 2.985707664489746094e+01 5.739345550537109375e+00
2.490174293518066406e+01 7.037811279296875000e+00 2.408466339111328125e+01 6.236545085906982422e+00
2.240877151489257812e+01 4.626697540283203125e+00 2.721680068969726562e+01 2.517676830291748047e+00
4.455762481689453125e+01 1.138941001892089844e+01 3.213977813720703125e+01 7.064530849456787109e+00
3.845601272583007812e+01 9.058527946472167969e+00 3.097643852233886719e+01 5.910853385925292969e+00
3.458621597290039062e+01 9.964375495910644531e+00 2.883473777770996094e+01 6.093381881713867188e+00
5.568581008911132812e+01 2.313002204895019531e+01 2.068420982360839844e+01 1.499915218353271484e+01
6.656301879882812500e+01 2.336761093139648438e+01 2.115140724182128906e+01 1.640846443176269531e+01
4.645360183715820312e+01 8.873744010925292969e+00 3.691704940795898438e+01 4.101810932159423828e+00
9.325054168701171875e+01 2.589007949829101562e+01 3.291629409790039062e+01 2.020233345031738281e+01
7.053170013427734375e+01 5.495623588562011719e+00 4.096117401123046875e+01 8.283331871032714844e+00
5.981892013549804688e+01 1.086530685424804688e+01 4.254545593261718750e+01 6.046077251434326172e+00
7.219036865234375000e+01 6.343186378479003906e+00 4.616225433349609375e+01 9.703455924987792969e+00
6.542485809326171875e+01 6.345452785491943359e+00 4.715073776245117188e+01 3.684940099716186523e+00
7.184661865234375000e+01 7.536345005035400391e+00 4.853538131713867188e+01 6.105298519134521484e+00
8.205290985107421875e+01 1.030323505401611328e+01 4.862046051025390625e+01 3.584578037261962891e+00
1.041966552734375000e+02 1.081305885314941406e+01 5.170791244506835938e+01 1.093718242645263672e+01
5.891889190673828125e+01 8.130841255187988281e+00 4.169462966918945312e+01 3.630090713500976562e+00
6.954463958740234375e+01 9.261021614074707031e+00 3.963972473144531250e+01 1.215366554260253906e+01
4.808267593383789062e+01 6.179852485656738281e+00 3.717177581787109375e+01 4.555577754974365234e+00
8.845603179931640625e+01 1.511307716369628906e+01 4.855488586425781250e+01 1.188776111602783203e+01
4.894670867919921875e+01 8.960201263427734375e+00 4.000788116455078125e+01 5.638443470001220703e+00
5.775208663940429688e+01 7.052285671234130859e+00 4.115723800659179688e+01 3.052484035491943359e+00
4.693000793457031250e+01 8.171600341796875000e+00 4.136467361450195312e+01 3.680706262588500977e+00
5.866191482543945312e+01 8.239534378051757812e+00 4.118814849853515625e+01 2.654372215270996094e+00
5.008164596557617188e+01 5.623209953308105469e+00 3.996564865112304688e+01 3.651468276977539062e+00
1.066476287841796875e+02 -1.236319637298583984e+01 1.780962944030761719e+01 1.517581367492675781e+01
9.911247253417968750e+01 -1.137359809875488281e+01 1.302808666229248047e+01 2.059523582458496094e+01
8.935089111328125000e+01 -1.002577114105224609e+01 1.473653411865234375e+01 1.579386234283447266e+01
3.098986434936523438e+01 6.678430557250976562e+00 3.426442718505859375e+01 6.020430564880371094e+00
2.633499336242675781e+01 5.743999958038330078e+00 2.691385459899902344e+01 6.015936851501464844e+00
3.698104095458984375e+01 1.144868755340576172e+01 1.555398654937744141e+01 1.208456134796142578e+01
2.937053489685058594e+01 6.868828773498535156e+00 3.067658615112304688e+01 5.930007934570312500e+00
4.640872955322265625e+01 1.674516868591308594e+01 3.523616790771484375e+01 1.395642089843750000e+01
6.429463958740234375e+01 3.177422285079956055e+00 4.007405090332031250e+01 2.192714500427246094e+01
4.793402099609375000e+01 9.841724395751953125e+00 3.284801101684570312e+01 1.403644275665283203e+01
6.394016647338867188e+01 1.920616912841796875e+01 3.730847549438476562e+01 9.968020439147949219e+00
5.287269210815429688e+01 1.315510082244873047e+01 3.578644180297851562e+01 1.542818737030029297e+01
6.925727844238281250e+01 1.519708824157714844e+01 3.852235794067382812e+01 1.784112167358398438e+01
3.032464218139648438e+01 4.540266036987304688e+00 3.264917373657226562e+01 6.924720287322998047e+00
2.660797309875488281e+01 6.098485946655273438e+00 2.890479469299316406e+01 6.550493240356445312e+00
5.690598678588867188e+01 1.503343486785888672e+01 3.753076553344726562e+01 1.606038475036621094e+01
3.404113769531250000e+01 6.539050579071044922e+00 3.568085479736328125e+01 9.189893722534179688e+00
6.752886962890625000e+01 8.433823585510253906e+00 4.023952484130859375e+01 2.473900794982910156e+01
2.142573547363281250e+01 3.568822860717773438e+00 2.267618179321289062e+01 4.608187198638916016e+00
3.464213562011718750e+01 6.848478317260742188e+00 3.468738174438476562e+01 8.474076271057128906e+00
3.157453918457031250e+01 1.083768081665039062e+01 2.286088371276855469e+01 4.285280227661132812e+00
2.698801231384277344e+01 3.437270164489746094e+00 2.932449913024902344e+01 1.930834174156188965e+00
