1.069597778320312500e+02 -3.415618896484375000e+01
9.633087158203125000e+01 -3.514800643920898438e+01
1.013208694458007812e+02 -3.582661437988281250e+01
1.319854888916015625e+02 -1.547032642364501953e+01
1.239667968750000000e+02 -1.599758148193359375e+01
1.268560485839843750e+02 -1.602062606811523438e+01
1.022114105224609375e+02 -1.751833724975585938e+01
1.152412948608398438e+02 -1.326514244079589844e+01
1.248423767089843750e+02 -1.553535747528076172e+01
1.152381134033203125e+02 -1.199093151092529297e+01
1.273420104980468750e+02 -1.251143360137939453e+01
1.237469406127929688e+02 -1.775669860839843750e+01
8.480004119873046875e+01 -3.652462005615234375e+01
8.882681274414062500e+01 -3.555675506591796875e+01
1.048991012573242188e+02 -3.409355545043945312e+01
9.622537994384765625e+01 -3.191756057739257812e+01
8.707395935058593750e+01 -3.495749664306640625e+01
8.654846191406250000e+01 -3.135954666137695312e+01
9.111579132080078125e+01 -3.638192367553710938e+01
1.125276107788085938e+02 -3.446451568603515625e+01
9.475702667236328125e+01 -3.410628128051757812e+01
8.151612091064453125e+01 -3.633989334106445312e+01
9.561306762695312500e+01 -3.108158874511718750e+01
1.111124420166015625e+02 -3.315713119506835938e+01
1.356582489013671875e+02 -1.169969749450683594e+01
1.286643676757812500e+02 -1.544789981842041016e+01
1.235727005004882812e+02 -1.704360580444335938e+01
1.231390762329101562e+02 -1.894242668151855469e+01
1.120911712646484375e+02 -1.852858352661132812e+01
1.204364547729492188e+02 -7.712048053741455078e+00
1.213532409667968750e+02 -1.690662384033203125e+01
1.275988082885742188e+02 -1.410772418975830078e+01
1.200837860107421875e+02 -5.189874649047851562e+00
1.314807739257812500e+02 -1.432385730743408203e+01
1.264617462158203125e+02 -1.516389560699462891e+01
1.153640213012695312e+02 -1.529515933990478516e+01
1.147415237426757812e+02 -1.403244686126708984e+01
1.185940551757812500e+02 -1.528011131286621094e+01
1.177106933593750000e+02 -1.303799724578857422e+01
1.250289840698242188e+02 -1.667036437988281250e+01
9.801248931884765625e+01 -1.270595741271972656e+01
1.211597061157226562e+02 -1.586656284332275391e+01
1.183530120849609375e+02 -1.676763534545898438e+01
1.212821197509765625e+02 -1.518193912506103516e+01
1.616307373046875000e+02 1.326980209350585938e+01
1.525495605468750000e+02 5.771023750305175781e+00
1.441024932861328125e+02 1.395779609680175781e+01
1.166469268798828125e+02 1.550691127777099609e+01
1.318701629638671875e+02 1.748466682434082031e+01
1.228210296630859375e+02 1.593337726593017578e+01
1.270182876586914062e+02 1.722136688232421875e+01
1.325823211669921875e+02 7.872586250305175781e+00
1.446557006835937500e+02 1.001819229125976562e+01
1.337828216552734375e+02 1.777725410461425781e+01
1.446104736328125000e+02 4.810992717742919922e+00
1.481634674072265625e+02 2.520690536499023438e+01
1.373822174072265625e+02 1.281089973449707031e+01
1.579862213134765625e+02 1.187242698669433594e+01
1.136904449462890625e+02 1.293749713897705078e+01
1.531511840820312500e+02 9.445292472839355469e+00
1.557879638671875000e+02 6.517074584960937500e+00
1.366105957031250000e+02 1.180341053009033203e+01
1.503905944824218750e+02 1.691337585449218750e+01
1.512498474121093750e+02 1.078299427032470703e+01
1.464743957519531250e+02 1.043413829803466797e+01
1.296667175292968750e+02 1.505285835266113281e+01
8.804020690917968750e+01 -3.755487442016601562e+00
1.413039550781250000e+02 -8.885100364685058594e+00
1.254857864379882812e+02 -9.007934570312500000e+00
1.026007843017578125e+02 6.127385616302490234e+00
1.336592559814453125e+02 -7.463338851928710938e+00
1.324878540039062500e+02 -5.304744243621826172e+00
1.366702728271484375e+02 -1.202906799316406250e+01
1.425354461669921875e+02 -9.285566329956054688e+00
1.332468566894531250e+02 -9.022397994995117188e+00
8.466293334960937500e+01 -5.997450351715087891e+00
1.185035171508789062e+02 -9.631999015808105469e+00
1.375132598876953125e+02 -1.100804519653320312e+01
1.089798660278320312e+02 -1.405524826049804688e+01
1.304962615966796875e+02 -7.259888648986816406e+00
9.008940887451171875e+01 2.863061666488647461e+00
8.504158782958984375e+01 -5.742529630661010742e-01
9.977396392822265625e+01 -7.171608448028564453e+00
1.078622207641601562e+02 -5.415361404418945312e+00
1.070054092407226562e+02 -6.347507476806640625e+00
1.145752334594726562e+02 -5.979344844818115234e+00
1.363402252197265625e+02 -6.130700111389160156e+00
1.048637008666992188e+02 -7.392315387725830078e+00
9.939929962158203125e+01 3.157397985458374023e+00
1.264104003906250000e+02 -5.583149909973144531e+00
1.127436752319335938e+02 4.052071094512939453e+00
1.200636672973632812e+02 3.107928037643432617e+00
1.279610061645507812e+02 -6.374857902526855469e+00
9.875703430175781250e+01 -5.044929504394531250e+00
1.090409469604492188e+02 -5.782030105590820312e+00
1.125746612548828125e+02 3.253447115421295166e-01
1.211306304931640625e+02 -7.976773262023925781e+00
1.016049804687500000e+02 -5.429297924041748047e+00
1.206413421630859375e+02 -4.945381164550781250e+00
1.067364578247070312e+02 7.824979305267333984e+00
1.231321792602539062e+02 -4.986996650695800781e+00
1.045523605346679688e+02 4.368717193603515625e+00
1.189850006103515625e+02 -5.383417129516601562e+00
1.221114425659179688e+02 -1.987090468406677246e+00
1.167379531860351562e+02 -3.837466001510620117e+00
1.245698623657226562e+02 -4.851474285125732422e+00
1.170198211669921875e+02 -6.325798511505126953e+00
1.148747482299804688e+02 -1.417592811584472656e+01
1.477228240966796875e+02 -1.300917720794677734e+01
1.445370178222656250e+02 -9.958601951599121094e+00
1.427902221679687500e+02 -9.380158424377441406e+00
1.480586700439453125e+02 -6.404677391052246094e+00
1.449695434570312500e+02 -1.047302913665771484e+01
1.473379974365234375e+02 -1.188568115234375000e+01
1.506396789550781250e+02 -1.048490238189697266e+01
1.470083160400390625e+02 -1.036696910858154297e+01
1.509691772460937500e+02 -1.030592536926269531e+01
1.416505584716796875e+02 -1.058163166046142578e+01
1.486893310546875000e+02 -1.060608291625976562e+01
1.511207275390625000e+02 -1.117231655120849609e+01
1.176486053466796875e+02 -1.257196331024169922e+01
1.273105545043945312e+02 -1.210864734649658203e+01
1.166518630981445312e+02 -1.413236522674560547e+01
1.280205993652343750e+02 -1.726850891113281250e+01
1.216509704589843750e+02 -1.205273246765136719e+01
1.226496810913085938e+02 -1.321969795227050781e+01
1.369356689453125000e+02 -1.423637580871582031e+01
1.191368484497070312e+02 -1.592429828643798828e+01
1.177775878906250000e+02 -5.534672737121582031e+00
1.126979522705078125e+02 -1.144960784912109375e+01
1.471873931884765625e+02 -9.213050842285156250e+00
1.500945129394531250e+02 -1.146097564697265625e+01
1.451183013916015625e+02 -8.201839447021484375e+00
1.468778381347656250e+02 -8.755331993103027344e+00
1.445921783447265625e+02 -1.118925952911376953e+01
1.449134521484375000e+02 -1.055328845977783203e+01
1.385412750244140625e+02 -1.100196170806884766e+01
1.449842071533203125e+02 -1.136126804351806641e+01
1.166897048950195312e+02 -9.522771835327148438e+00
1.469683380126953125e+02 -9.869242668151855469e+00
1.532200927734375000e+02 -1.053047275543212891e+01
1.472788696289062500e+02 -1.131376075744628906e+01
1.481840362548828125e+02 -1.099802303314208984e+01
1.432737579345703125e+02 -1.168400096893310547e+01
1.479777832031250000e+02 -1.139975357055664062e+01
1.421332244873046875e+02 -1.144442367553710938e+01
1.448632965087890625e+02 -1.092103672027587891e+01
1.546762084960937500e+02 -1.055068874359130859e+01
1.477007751464843750e+02 -1.059397125244140625e+01
1.483343505859375000e+02 -1.113927173614501953e+01
1.435214233398437500e+02 -3.987064361572265625e+01
1.469145507812500000e+02 -3.520882415771484375e+01
1.315056304931640625e+02 -4.208819961547851562e+01
1.519025421142578125e+02 -3.643485260009765625e+01
1.515947265625000000e+02 -3.577713394165039062e+01
1.568754119873046875e+02 -4.056858062744140625e+01
1.431718444824218750e+02 -3.816990661621093750e+01
1.464201812744140625e+02 -3.718763732910156250e+01
1.467342376708984375e+02 -3.644775772094726562e+01
1.408817138671875000e+02 -4.216426086425781250e+01
1.405985870361328125e+02 -3.846499252319335938e+01
1.449332275390625000e+02 -3.830729293823242188e+01
1.546711425781250000e+02 -3.985437011718750000e+01
1.514961242675781250e+02 -3.644993209838867188e+01
1.325499877929687500e+02 -3.744781112670898438e+01
1.250238342285156250e+02 -4.145523452758789062e+01
1.422086181640625000e+02 -1.038256645202636719e+01
1.528372344970703125e+02 -1.310177993774414062e+01
1.473433532714843750e+02 -9.926833152770996094e+00
1.540474395751953125e+02 -1.064088058471679688e+01
1.531093292236328125e+02 -1.001868057250976562e+01
1.504043426513671875e+02 -1.048683547973632812e+01
1.221085510253906250e+02 -1.098831653594970703e+01
1.195462265014648438e+02 -1.059859657287597656e+01
9.748019409179687500e+01 -1.368095970153808594e+01
1.124718017578125000e+02 -1.764948844909667969e+01
1.004681625366210938e+02 -1.643895339965820312e+01
1.040516052246093750e+02 -1.907884597778320312e+01
1.240298919677734375e+02 -1.775597381591796875e+01
8.957223510742187500e+01 -1.666592979431152344e+01
1.032119522094726562e+02 -1.822452926635742188e+01
1.151541213989257812e+02 -1.586287593841552734e+01
1.036557159423828125e+02 -1.166596221923828125e+01
1.417116394042968750e+02 -3.717142868041992188e+01
1.494512481689453125e+02 -3.633811950683593750e+01
1.501442108154296875e+02 -3.649886322021484375e+01
1.541511383056640625e+02 -4.057906341552734375e+01
1.197292327880859375e+02 -3.183394241333007812e+01
1.326939086914062500e+02 -4.376985931396484375e+01
1.514300994873046875e+02 -3.470709228515625000e+01
1.555079956054687500e+02 -3.690001296997070312e+01
9.448880767822265625e+01 -7.861669063568115234e+00
8.264396667480468750e+01 -6.161326885223388672e+00
8.991452026367187500e+01 -1.147862339019775391e+01
8.488200378417968750e+01 -1.199693489074707031e+01
9.529429626464843750e+01 -1.065455055236816406e+01
1.035029220581054688e+02 -1.149214553833007812e+01
6.305135726928710938e+01 -2.564095497131347656e+01
5.695968246459960938e+01 -1.515475463867187500e+01
3.605746459960937500e+01 -1.192117691040039062e+01
6.815988922119140625e+01 -5.241344451904296875e+00
2.756514739990234375e+01 -6.858621120452880859e+00
2.503232765197753906e+01 -1.322900295257568359e+01
2.245039367675781250e+01 -6.674629688262939453e+00
4.472074890136718750e+01 -1.768898582458496094e+01
3.857321166992187500e+01 -9.743873596191406250e+00
3.470259094238281250e+01 -1.314621162414550781e+01
5.585122299194335938e+01 -1.202254962921142578e+01
6.677251434326171875e+01 -1.085025978088378906e+01
4.659039306640625000e+01 -1.089810848236083984e+01
9.341031646728515625e+01 -1.795518112182617188e+01
7.060446929931640625e+01 -1.127525234222412109e+01
5.992212295532226562e+01 -1.271375751495361328e+01
7.219545745849609375e+01 -1.938680648803710938e+01
6.550435638427734375e+01 -1.296007442474365234e+01
7.192461395263671875e+01 -1.272248077392578125e+01
8.213645935058593750e+01 -1.060700035095214844e+01
1.041955413818359375e+02 -1.828826522827148438e+01
5.898324584960937500e+01 -1.052490615844726562e+01
6.960276031494140625e+01 -1.445853900909423828e+01
4.814614868164062500e+01 -1.129626083374023438e+01
8.840665435791015625e+01 -1.858774185180664062e+01
4.909978485107421875e+01 -1.193529701232910156e+01
5.786704635620117188e+01 -1.145479106903076172e+01
4.700230407714843750e+01 -1.005460929870605469e+01
5.877726364135742188e+01 -1.271743774414062500e+01
5.019118118286132812e+01 -1.363691043853759766e+01
1.066498641967773438e+02 -6.307678699493408203e+00
9.914739227294921875e+01 -1.028198432922363281e+01
8.937986755371093750e+01 -6.028904438018798828e+00
3.105063056945800781e+01 -9.802319526672363281e+00
2.641680335998535156e+01 -7.748888015747070312e+00
3.706494903564453125e+01 -1.588505840301513672e+01
2.946350669860839844e+01 -8.550147056579589844e+00
4.647033691406250000e+01 -1.243799591064453125e+01
6.426203918457031250e+01 -2.145744323730468750e+01
4.797525024414062500e+01 -1.373192310333251953e+01
6.398456192016601562e+01 -1.087871456146240234e+01
5.295096206665039062e+01 -1.394861125946044922e+01
6.928006744384765625e+01 -2.070066452026367188e+01
3.038990211486816406e+01 -8.154764175415039062e+00
2.665926361083984375e+01 -6.893823146820068359e+00
5.693220520019531250e+01 -1.507284259796142578e+01
3.410636901855468750e+01 -9.850194931030273438e+00
6.748902130126953125e+01 -2.207201385498046875e+01
2.146565055847167969e+01 -6.521100997924804688e+00
3.473571395874023438e+01 -1.194108104705810547e+01
3.158965682983398438e+01 -7.072301864624023438e+00
2.701913642883300781e+01 -4.121214866638183594e+00
