7.389999866485595703e+00 2.329999923706054688e+01 2.709599494934082031e+01
1.243000030517578125e+01 2.289999961853027344e+01 1.710110473632812500e+01
4.670000076293945312e+00 2.350000000000000000e+01 3.610762023925781250e+01
1.502999973297119141e+01 1.839999961853027344e+01 1.579524707794189453e+01
7.199999809265136719e+00 2.379999923706054688e+01 2.721442985534667969e+01
8.939999580383300781e+00 2.139999961853027344e+01 3.405124664306640625e+01
8.930000305175781250e+00 2.839999961853027344e+01 3.609625625610351562e+01
3.059000015258789062e+01 5.000000000000000000e+00 8.061127662658691406e+00
2.034000015258789062e+01 1.350000000000000000e+01 7.752330303192138672e+00
1.292000007629394531e+01 2.120000076293945312e+01 1.792075729370117188e+01
1.510000038146972656e+01 1.750000000000000000e+01 1.605282020568847656e+01
1.300000000000000000e+01 2.170000076293945312e+01 2.109515190124511719e+01
1.919999957084655762e+00 5.000000000000000000e+01 2.178949928283691406e+01
6.269999980926513672e+00 2.860000038146972656e+01 2.277674865722656250e+01
1.803000068664550781e+01 1.460000038146972656e+01 1.070414161682128906e+01
2.407999992370605469e+01 9.500000000000000000e+00 1.336961650848388672e+01
1.293000030517578125e+01 2.010000038146972656e+01 1.792018508911132812e+01
1.327000045776367188e+01 2.170000076293945312e+01 1.890101432800292969e+01
7.829999923706054688e+00 1.939999961853027344e+01 2.982648658752441406e+01
4.449999809265136719e+00 3.290000152587890625e+01 4.997996520996093750e+01
2.455999946594238281e+01 1.230000019073486328e+01 2.893530607223510742e+00
4.860000133514404297e+00 3.309999847412109375e+01 3.314003372192382812e+01
3.440999984741210938e+01 1.439999961853027344e+01 1.345273017883300781e+01
1.812999916076660156e+01 1.410000038146972656e+01 1.659274864196777344e+01
6.210000038146972656e+00 2.500000000000000000e+01 2.056483078002929688e+01
7.900000095367431641e+00 2.160000038146972656e+01 1.229722785949707031e+01
2.397999954223632812e+01 1.180000019073486328e+01 1.907610321044921875e+01
4.030000209808349609e+00 3.470000076293945312e+01 3.656122970581054688e+01
1.629999923706054688e+01 1.560000038146972656e+01 1.843703651428222656e+01
7.119999885559082031e+00 2.750000000000000000e+01 2.200079154968261719e+01
3.569999933242797852e+00 4.379999923706054688e+01 3.143544578552246094e+01
1.172000026702880859e+01 1.939999961853027344e+01 1.883004760742187500e+01
6.860000133514404297e+00 2.329999923706054688e+01 2.266176414489746094e+01
1.027000045776367188e+01 2.079999923706054688e+01 1.874781036376953125e+01
1.622999954223632812e+01 1.489999961853027344e+01 1.480898284912109375e+01
9.090000152587890625e+00 1.979999923706054688e+01 2.038743209838867188e+01
1.264000034332275391e+01 1.610000038146972656e+01 2.038897705078125000e+01
1.977000045776367188e+01 8.300000190734863281e+00 2.551909637451171875e+01
9.380000114440917969e+00 2.810000038146972656e+01 2.239582443237304688e+01
3.259999990463256836e+00 5.000000000000000000e+01 4.101639556884765625e+01
1.314999961853027344e+01 2.960000038146972656e+01 1.870067024230957031e+01
9.800000190734863281e+00 1.950000000000000000e+01 2.373578071594238281e+01
2.642000007629394531e+01 1.560000038146972656e+01 1.351524829864501953e+01
1.728000068664550781e+01 1.480000019073486328e+01 1.997183418273925781e+01
8.010000228881835938e+00 2.110000038146972656e+01 2.041296958923339844e+01
1.720999908447265625e+01 1.039999961853027344e+01 1.482688236236572266e+01
5.099999904632568359e+00 3.700000000000000000e+01 3.681054306030273438e+01
1.835000038146972656e+01 1.310000038146972656e+01 1.414533805847167969e+01
9.590000152587890625e+00 3.379999923706054688e+01 2.331777191162109375e+01
3.402000045776367188e+01 8.399999618530273438e+00 1.147789239883422852e+00
