8.050000190734863281e+00 2.900000000000000000e+01 1.826399612426757812e+01
8.100000381469726562e+00 2.200000000000000000e+01 3.635366821289062500e+01
1.400000000000000000e+01 2.189999961853027344e+01 1.915321350097656250e+01
6.679999828338623047e+00 3.200000000000000000e+01 2.282344055175781250e+01
6.929999828338623047e+00 3.609999847412109375e+01 2.863639068603515625e+01
1.035999965667724609e+01 2.310000038146972656e+01 1.985745620727539062e+01
6.050000190734863281e+00 3.320000076293945312e+01 2.017687988281250000e+01
7.440000057220458984e+00 5.000000000000000000e+01 2.244186592102050781e+01
1.832999992370605469e+01 1.779999923706054688e+01 1.386712455749511719e+01
1.510000038146972656e+01 1.750000000000000000e+01 1.325251674652099609e+01
1.300000000000000000e+01 2.170000076293945312e+01 1.549289321899414062e+01
9.970000267028808594e+00 1.929999923706054688e+01 2.026464653015136719e+01
6.619999885559082031e+00 3.459999847412109375e+01 2.344925880432128906e+01
2.869999885559082031e+00 3.640000152587890625e+01 2.080666542053222656e+01
1.644000053405761719e+01 1.260000038146972656e+01 1.738328170776367188e+01
2.334000015258789062e+01 1.189999961853027344e+01 9.590049743652343750e+00
2.131999969482421875e+01 1.910000038146972656e+01 1.256826305389404297e+01
3.569999933242797852e+00 4.379999923706054688e+01 3.297106552124023438e+01
6.579999923706054688e+00 2.310000038146972656e+01 3.482401275634765625e+01
1.018999958038330078e+01 2.079999923706054688e+01 2.043932151794433594e+01
1.980000019073486328e+00 3.490000152587890625e+01 3.327623367309570312e+01
9.220000267028808594e+00 1.960000038146972656e+01 2.049171447753906250e+01
1.469999980926513672e+01 2.000000000000000000e+01 2.420803260803222656e+01
6.730000019073486328e+00 2.220000076293945312e+01 2.415761184692382812e+01
4.630000114440917969e+00 5.000000000000000000e+01 3.019026565551757812e+01
3.062999916076660156e+01 8.800000190734863281e+00 9.724791526794433594e+00
1.868000030517578125e+01 1.670000076293945312e+01 1.569960403442382812e+01
9.680000305175781250e+00 1.889999961853027344e+01 2.546471405029296875e+01
8.199999809265136719e+00 2.200000000000000000e+01 2.077001571655273438e+01
1.147999954223632812e+01 2.270000076293945312e+01 1.894177818298339844e+01
1.010999965667724609e+01 2.320000076293945312e+01 1.911226081848144531e+01
2.062000083923339844e+01 8.800000190734863281e+00 2.493378162384033203e+00
1.397999954223632812e+01 2.639999961853027344e+01 1.845404434204101562e+01
4.030000209808349609e+00 3.470000076293945312e+01 3.565858078002929688e+01
7.789999961853027344e+00 2.500000000000000000e+01 3.589149093627929688e+01
2.379000091552734375e+01 1.080000019073486328e+01 2.516659736633300781e+00
1.021000003814697266e+01 1.929999923706054688e+01 1.936685752868652344e+01
9.930000305175781250e+00 2.750000000000000000e+01 1.724475097656250000e+01
1.468999958038330078e+01 2.310000038146972656e+01 2.408002662658691406e+01
6.480000019073486328e+00 2.200000000000000000e+01 3.165509986877441406e+01
1.201000022888183594e+01 2.179999923706054688e+01 1.870995330810546875e+01
3.160000085830688477e+00 4.350000000000000000e+01 4.984351730346679688e+01
1.052999973297119141e+01 1.750000000000000000e+01 1.807919311523437500e+01
1.571000003814697266e+01 2.170000076293945312e+01 1.469904327392578125e+01
1.555000019073486328e+01 1.939999961853027344e+01 1.000440025329589844e+01
9.539999961853027344e+00 2.510000038146972656e+01 3.530527114868164062e+01
1.278999996185302734e+01 2.220000076293945312e+01 1.802777099609375000e+01
3.759999990463256836e+00 4.540000152587890625e+01 3.156159591674804688e+01
6.190000057220458984e+00 3.320000076293945312e+01 2.302508926391601562e+01
3.198999977111816406e+01 7.400000095367431641e+00 2.458105795085430145e-03
