1.111999988555908203e+01 2.300000000000000000e+01 2.329614639282226562e+01
1.197999954223632812e+01 2.100000000000000000e+01 2.030443382263183594e+01
1.039999961853027344e+01 2.170000076293945312e+01 2.182243347167968750e+01
5.769999980926513672e+00 2.470000076293945312e+01 2.488116836547851562e+01
5.329999923706054688e+00 3.620000076293945312e+01 2.912095642089843750e+01
3.950000047683715820e+00 3.160000038146972656e+01 4.120056915283203125e+01
8.470000267028808594e+00 1.989999961853027344e+01 2.094773292541503906e+01
1.427000045776367188e+01 2.029999923706054688e+01 1.474823093414306641e+01
3.950000047683715820e+00 4.829999923706054688e+01 4.120056915283203125e+01
7.190000057220458984e+00 2.910000038146972656e+01 2.380396842956542969e+01
5.679999828338623047e+00 3.250000000000000000e+01 2.662907028198242188e+01
1.478999996185302734e+01 3.070000076293945312e+01 1.650411033630371094e+01
1.806999969482421875e+01 1.360000038146972656e+01 2.135161972045898438e+01
7.880000114440917969e+00 1.189999961853027344e+01 2.783584022521972656e+01
2.369000053405761719e+01 1.310000038146972656e+01 9.094791412353515625e+00
4.730000019073486328e+00 3.150000000000000000e+01 2.830609512329101562e+01
9.500000000000000000e+00 2.200000000000000000e+01 3.673521423339843750e+01
1.028999996185302734e+01 2.020000076293945312e+01 1.963972663879394531e+01
1.303999996185302734e+01 1.450000000000000000e+01 1.875180435180664062e+01
1.280000019073486328e+01 1.839999961853027344e+01 1.835549163818359375e+01
1.310999965667724609e+01 2.139999961853027344e+01 2.104700088500976562e+01
2.397999954223632812e+01 1.180000019073486328e+01 1.927206993103027344e+01
3.730000019073486328e+00 5.000000000000000000e+01 4.334192276000976562e+01
4.159999847412109375e+00 3.309999847412109375e+01 3.349058532714843750e+01
2.123999977111816406e+01 1.330000019073486328e+01 1.585564327239990234e+01
1.073999977111816406e+01 2.300000000000000000e+01 1.462209510803222656e+01
1.651000022888183594e+01 1.389999961853027344e+01 1.349262809753417969e+01
9.800000190734863281e+00 1.950000000000000000e+01 1.816718482971191406e+01
5.980000019073486328e+00 2.210000038146972656e+01 2.368172454833984375e+01
9.380000114440917969e+00 2.810000038146972656e+01 2.421256256103515625e+01
3.797000122070312500e+01 1.380000019073486328e+01 8.203461766242980957e-03
8.609999656677246094e+00 3.029999923706054688e+01 2.123262214660644531e+01
7.389999866485595703e+00 2.329999923706054688e+01 2.708419990539550781e+01
3.440999984741210938e+01 1.439999961853027344e+01 1.358049964904785156e+01
2.007999992370605469e+01 1.629999923706054688e+01 5.003180980682373047e+00
9.880000114440917969e+00 2.170000076293945312e+01 2.190601158142089844e+01
1.202999973297119141e+01 1.610000038146972656e+01 2.130013656616210938e+01
1.603000068664550781e+01 2.239999961853027344e+01 1.358370780944824219e+01
5.909999847412109375e+00 4.879999923706054688e+01 2.085153961181640625e+01
1.865999984741210938e+01 1.950000000000000000e+01 1.265686130523681641e+01
7.789999961853027344e+00 3.600000000000000000e+01 2.180921173095703125e+01
1.481000041961669922e+01 2.139999961853027344e+01 1.659892082214355469e+01
5.489999771118164062e+00 3.270000076293945312e+01 2.406683540344238281e+01
6.869999885559082031e+00 2.310000038146972656e+01 2.482810020446777344e+01
1.243000030517578125e+01 1.710000038146972656e+01 2.289412307739257812e+01
1.711000061035156250e+01 1.510000038146972656e+01 1.751611518859863281e+01
1.952000045776367188e+01 1.710000038146972656e+01 7.997477531433105469e+00
1.150000000000000000e+01 1.620000076293945312e+01 2.136290168762207031e+01
2.677000045776367188e+01 5.599999904632568359e+00 1.096875000000000000e+01
6.570000171661376953e+00 2.189999961853027344e+01 2.459897994995117188e+01
