1.793000030517578125e+01 2.050000000000000000e+01 2.047060966491699219e+01
1.382999992370605469e+01 1.960000038146972656e+01 1.440227031707763672e+01
4.449999809265136719e+00 5.000000000000000000e+01 3.290334320068359375e+01
8.430000305175781250e+00 2.339999961853027344e+01 2.136486053466796875e+01
1.410000038146972656e+01 2.150000000000000000e+01 1.954944610595703125e+01
1.057999992370605469e+01 2.120000076293945312e+01 1.981448173522949219e+01
9.289999961853027344e+00 1.870000076293945312e+01 2.374628448486328125e+01
3.062000083923339844e+01 1.019999980926513672e+01 7.780899524688720703e+00
1.327000045776367188e+01 1.889999961853027344e+01 1.904932212829589844e+01
5.909999847412109375e+00 4.879999923706054688e+01 2.374383735656738281e+01
2.107999992370605469e+01 1.089999961853027344e+01 1.341553306579589844e+01
7.789999961853027344e+00 3.600000000000000000e+01 2.179192543029785156e+01
1.213000011444091797e+01 2.789999961853027344e+01 1.483907890319824219e+01
5.699999809265136719e+00 2.870000076293945312e+01 2.597672462463378906e+01
1.914999961853027344e+01 2.710000038146972656e+01 6.250308990478515625e+00
1.214000034332275391e+01 2.379999923706054688e+01 1.479269886016845703e+01
1.239999961853027344e+01 2.010000038146972656e+01 1.913440704345703125e+01
2.639999961853027344e+01 1.720000076293945312e+01 2.225729703903198242e+00
5.809999942779541016e+00 2.529999923706054688e+01 2.362640190124511719e+01
1.131999969482421875e+01 2.229999923706054688e+01 1.998584747314453125e+01
9.670000076293945312e+00 2.239999961853027344e+01 1.966690444946289062e+01
2.642000007629394531e+01 1.560000038146972656e+01 2.508299350738525391e+00
2.329000091552734375e+01 1.339999961853027344e+01 1.202618980407714844e+01
5.289999961853027344e+00 2.800000000000000000e+01 2.188846015930175781e+01
1.901000022888183594e+01 1.269999980926513672e+01 6.776059627532958984e+00
2.438999938964843750e+01 8.300000190734863281e+00 3.382387876510620117e+00
1.876000022888183594e+01 2.320000076293945312e+01 1.412605571746826172e+01
5.030000209808349609e+00 3.110000038146972656e+01 2.216374397277832031e+01
1.464999961853027344e+01 1.770000076293945312e+01 2.054590415954589844e+01
2.410000038146972656e+01 1.330000019073486328e+01 1.033232402801513672e+01
4.380000114440917969e+00 2.910000038146972656e+01 2.902844429016113281e+01
2.102000045776367188e+01 1.360000038146972656e+01 9.312939643859863281e+00
2.297999954223632812e+01 5.000000000000000000e+00 1.291919136047363281e+01
1.202999973297119141e+01 1.610000038146972656e+01 1.910091590881347656e+01
7.900000095367431641e+00 2.160000038146972656e+01 2.571614837646484375e+01
2.031999969482421875e+01 7.199999809265136719e+00 1.249024295806884766e+01
1.427000045776367188e+01 2.029999923706054688e+01 1.634761810302734375e+01
8.770000457763671875e+00 2.100000000000000000e+01 2.085046577453613281e+01
1.039999961853027344e+01 2.170000076293945312e+01 2.184373855590820312e+01
7.260000228881835938e+00 4.309999847412109375e+01 2.189538383483886719e+01
1.322000026702880859e+01 2.139999961853027344e+01 1.752921295166015625e+01
2.645000076293945312e+01 8.699999809265136719e+00 3.017646789550781250e+00
9.710000038146972656e+00 2.670000076293945312e+01 2.452000427246093750e+01
1.728000068664550781e+01 1.480000019073486328e+01 2.003643417358398438e+01
1.264000034332275391e+01 1.610000038146972656e+01 1.758408546447753906e+01
1.727000045776367188e+01 1.610000038146972656e+01 2.168522453308105469e+01
1.845999908447265625e+01 1.779999923706054688e+01 9.980368614196777344e+00
2.121999931335449219e+01 1.720000076293945312e+01 1.404081821441650391e+01
2.869999885559082031e+00 3.640000152587890625e+01 4.709505081176757812e+01
1.343999958038330078e+01 1.929999923706054688e+01 1.501088428497314453e+01
