9.689999580383300781e+00 2.870000076293945312e+01 2.099188613891601562e+01
1.327999973297119141e+01 1.960000038146972656e+01 2.054734802246093750e+01
5.389999866485595703e+00 3.490000152587890625e+01 2.953623199462890625e+01
1.868000030517578125e+01 1.670000076293945312e+01 1.743843269348144531e+01
2.360000038146972656e+01 1.130000019073486328e+01 3.142470121383666992e+00
2.152000045776367188e+01 1.100000000000000000e+01 1.544445133209228516e+01
1.018999958038330078e+01 2.079999923706054688e+01 2.086204147338867188e+01
1.629000091552734375e+01 1.989999961853027344e+01 1.566845512390136719e+01
1.621999931335449219e+01 1.430000019073486328e+01 1.805427360534667969e+01
8.050000190734863281e+00 3.300000000000000000e+01 2.358934211730957031e+01
1.646999931335449219e+01 1.950000000000000000e+01 1.283000755310058594e+01
6.119999885559082031e+00 2.500000000000000000e+01 2.629639434814453125e+01
1.267000007629394531e+01 1.720000076293945312e+01 2.259433174133300781e+01
1.044999980926513672e+01 1.850000000000000000e+01 2.279829406738281250e+01
7.429999828338623047e+00 2.410000038146972656e+01 3.461940765380859375e+01
7.559999942779541016e+00 3.979999923706054688e+01 2.519689559936523438e+01
1.088000011444091797e+01 2.400000000000000000e+01 2.235273170471191406e+01
9.039999961853027344e+00 2.360000038146972656e+01 1.918948554992675781e+01
1.622999954223632812e+01 1.489999961853027344e+01 1.750106430053710938e+01
1.709000015258789062e+01 1.870000076293945312e+01 1.806400680541992188e+01
6.579999923706054688e+00 3.520000076293945312e+01 2.309540367126464844e+01
1.310999965667724609e+01 2.139999961853027344e+01 1.623057746887207031e+01
1.469999980926513672e+01 2.000000000000000000e+01 1.957262229919433594e+01
8.229999542236328125e+00 2.200000000000000000e+01 1.961186981201171875e+01
1.806999969482421875e+01 1.360000038146972656e+01 1.831047821044921875e+01
1.314999961853027344e+01 2.960000038146972656e+01 1.870099258422851562e+01
2.770999908447265625e+01 1.319999980926513672e+01 8.298252105712890625e+00
6.929999828338623047e+00 3.609999847412109375e+01 2.889236259460449219e+01
8.260000228881835938e+00 2.039999961853027344e+01 1.798105430603027344e+01
5.570000171661376953e+00 2.060000038146972656e+01 2.224698448181152344e+01
1.502999973297119141e+01 1.839999961853027344e+01 1.593735885620117188e+01
4.699999809265136719e+00 2.789999961853027344e+01 3.056619834899902344e+01
4.559999942779541016e+00 2.979999923706054688e+01 3.486846160888671875e+01
2.297999954223632812e+01 5.000000000000000000e+00 1.304911994934082031e+01
6.150000095367431641e+00 2.300000000000000000e+01 2.852716827392578125e+01
1.845999908447265625e+01 1.850000000000000000e+01 1.779690742492675781e+01
1.987999916076660156e+01 1.450000000000000000e+01 1.687158393859863281e+01
1.720999908447265625e+01 1.039999961853027344e+01 1.644023323059082031e+01
3.198999977111816406e+01 7.400000095367431641e+00 3.483196953311562538e-03
2.123999977111816406e+01 1.330000019073486328e+01 1.590135765075683594e+01
1.832999992370605469e+01 1.779999923706054688e+01 1.043156623840332031e+01
2.379000091552734375e+01 1.080000019073486328e+01 4.004765987396240234e+00
2.960000038146972656e+00 5.000000000000000000e+01 4.429810333251953125e+01
9.640000343322753906e+00 2.260000038146972656e+01 2.300755119323730469e+01
3.700000047683715820e+00 5.000000000000000000e+01 4.201407241821289062e+01
1.620999908447265625e+01 1.879999923706054688e+01 1.868819236755371094e+01
5.519999980926513672e+00 2.279999923706054688e+01 2.392775154113769531e+01
1.871999931335449219e+01 1.519999980926513672e+01 1.483516216278076172e+01
1.969000053405761719e+01 1.410000038146972656e+01 8.329919815063476562e+00
5.039999961853027344e+00 3.720000076293945312e+01 3.151135063171386719e+01
