1.621999931335449219e+01 1.430000019073486328e+01 1.774344825744628906e+01
1.435999965667724609e+01 2.320000076293945312e+01 2.123192787170410156e+01
2.034000015258789062e+01 1.350000000000000000e+01 6.374060630798339844e+00
1.027000045776367188e+01 2.079999923706054688e+01 1.874934005737304688e+01
8.810000419616699219e+00 2.260000038146972656e+01 2.600882339477539062e+01
1.930999946594238281e+01 1.300000000000000000e+01 1.222077178955078125e+01
6.650000095367431641e+00 2.839999961853027344e+01 3.232969284057617188e+01
1.885000038146972656e+01 1.539999961853027344e+01 1.322758960723876953e+01
5.039999961853027344e+00 3.720000076293945312e+01 2.270702934265136719e+01
1.901000022888183594e+01 1.269999980926513672e+01 1.167706203460693359e+01
2.211000061035156250e+01 1.050000000000000000e+01 3.700820505619049072e-01
1.578999996185302734e+01 1.939999961853027344e+01 1.818048286437988281e+01
2.107999992370605469e+01 1.089999961853027344e+01 1.492302513122558594e+01
6.530000209808349609e+00 2.660000038146972656e+01 2.065443992614746094e+01
4.699999809265136719e+00 2.789999961853027344e+01 3.040185737609863281e+01
1.134000015258789062e+01 2.139999961853027344e+01 2.165671157836914062e+01
1.267000007629394531e+01 1.720000076293945312e+01 2.254870986938476562e+01
6.579999923706054688e+00 2.310000038146972656e+01 3.492812347412109375e+01
1.110000038146972656e+01 2.379999923706054688e+01 2.147605895996093750e+01
4.630000114440917969e+00 5.000000000000000000e+01 2.799972915649414062e+01
8.439999580383300781e+00 2.220000076293945312e+01 2.229511260986328125e+01
1.059000015258789062e+01 2.060000038146972656e+01 2.040650177001953125e+01
1.812999916076660156e+01 1.410000038146972656e+01 1.905873489379882812e+01
2.968000030517578125e+01 8.100000381469726562e+00 8.934565544128417969e+00
1.432999992370605469e+01 1.679999923706054688e+01 1.980711936950683594e+01
9.039999961853027344e+00 2.360000038146972656e+01 1.851331520080566406e+01
4.139999866485595703e+00 4.479999923706054688e+01 3.194081497192382812e+01
2.904999923706054688e+01 7.199999809265136719e+00 1.826841473579406738e+00
1.871999931335449219e+01 1.519999980926513672e+01 1.633434104919433594e+01
2.178000068664550781e+01 1.019999980926513672e+01 1.432927966117858887e+00
1.127999973297119141e+01 1.820000076293945312e+01 2.625241088867187500e+01
8.050000190734863281e+00 1.820000076293945312e+01 3.098159027099609375e+01
2.085000038146972656e+01 1.150000000000000000e+01 4.799807548522949219e+00
1.727000045776367188e+01 2.170000076293945312e+01 1.605735206604003906e+01
8.260000228881835938e+00 2.039999961853027344e+01 1.928467941284179688e+01
2.030999946594238281e+01 1.210000038146972656e+01 6.689581394195556641e+00
4.739999771118164062e+00 2.900000000000000000e+01 3.130313110351562500e+01
1.812999916076660156e+01 1.410000038146972656e+01 1.905873489379882812e+01
1.197999954223632812e+01 2.100000000000000000e+01 2.023633003234863281e+01
1.226000022888183594e+01 1.960000038146972656e+01 1.937491226196289062e+01
2.779999923706054688e+01 1.380000019073486328e+01 6.652245521545410156e+00
6.210000038146972656e+00 2.500000000000000000e+01 3.085930061340332031e+01
1.243000030517578125e+01 2.289999961853027344e+01 1.816556358337402344e+01
1.517000007629394531e+01 1.169999980926513672e+01 1.262085723876953125e+01
1.243000030517578125e+01 1.710000038146972656e+01 1.816556358337402344e+01
1.309000015258789062e+01 1.739999961853027344e+01 1.885406875610351562e+01
3.920000076293945312e+00 4.670000076293945312e+01 3.776936340332031250e+01
2.396999931335449219e+01 7.000000000000000000e+00 1.465193843841552734e+01
5.030000209808349609e+00 3.110000038146972656e+01 2.255545997619628906e+01
1.803000068664550781e+01 1.460000038146972656e+01 1.071334838867187500e+01
