1.805999946594238281e+01 2.250000000000000000e+01 1.519016551971435547e+01
1.292000007629394531e+01 2.120000076293945312e+01 1.960333061218261719e+01
1.264000034332275391e+01 1.610000038146972656e+01 1.771223449707031250e+01
9.930000305175781250e+00 2.750000000000000000e+01 1.916982841491699219e+01
9.970000267028808594e+00 2.029999923706054688e+01 1.929783058166503906e+01
4.809999942779541016e+00 3.540000152587890625e+01 3.674421691894531250e+01
1.555000019073486328e+01 1.939999961853027344e+01 9.969987869262695312e+00
8.229999542236328125e+00 2.200000000000000000e+01 2.089278602600097656e+01
5.989999771118164062e+00 2.450000000000000000e+01 2.341170120239257812e+01
8.810000419616699219e+00 2.260000038146972656e+01 1.639287376403808594e+01
1.397999954223632812e+01 2.639999961853027344e+01 1.865625953674316406e+01
1.286999988555908203e+01 1.960000038146972656e+01 1.808312225341796875e+01
1.468999958038330078e+01 2.310000038146972656e+01 2.236932754516601562e+01
1.314999961853027344e+01 2.960000038146972656e+01 1.869976615905761719e+01
5.489999771118164062e+00 3.270000076293945312e+01 2.410136985778808594e+01
1.779000091552734375e+01 1.489999961853027344e+01 1.517441654205322266e+01
7.199999809265136719e+00 2.379999923706054688e+01 2.726362800598144531e+01
2.121999931335449219e+01 1.720000076293945312e+01 1.248252773284912109e+01
5.980000019073486328e+00 2.289999961853027344e+01 2.212439537048339844e+01
4.849999904632568359e+00 3.509999847412109375e+01 3.308450317382812500e+01
6.900000095367431641e+00 3.010000038146972656e+01 2.916800117492675781e+01
3.477000045776367188e+01 1.380000019073486328e+01 1.868473172187805176e+00
9.279999732971191406e+00 2.379999923706054688e+01 2.146769905090332031e+01
1.056000041961669922e+01 1.850000000000000000e+01 1.953231430053710938e+01
5.500000000000000000e+00 2.360000038146972656e+01 2.359075546264648438e+01
1.571000003814697266e+01 2.170000076293945312e+01 1.229863643646240234e+01
3.436999893188476562e+01 1.789999961853027344e+01 1.183664226531982422e+01
5.809999942779541016e+00 2.529999923706054688e+01 2.408045768737792969e+01
1.613999938964843750e+01 1.310000038146972656e+01 1.637380027770996094e+01
1.278999996185302734e+01 2.220000076293945312e+01 1.858624267578125000e+01
7.260000228881835938e+00 4.309999847412109375e+01 2.232200050354003906e+01
1.730000019073486328e+00 5.000000000000000000e+01 7.411864399909973145e-02
7.699999809265136719e+00 2.039999961853027344e+01 2.508177185058593750e+01
1.028999996185302734e+01 2.020000076293945312e+01 1.966902732849121094e+01
2.178000068664550781e+01 1.019999980926513672e+01 2.632238626480102539e+00
1.646999931335449219e+01 1.950000000000000000e+01 1.453737545013427734e+01
2.131999969482421875e+01 1.330000019073486328e+01 1.370111370086669922e+01
2.968000030517578125e+01 8.100000381469726562e+00 9.232433319091796875e+00
6.469999790191650391e+00 3.340000152587890625e+01 2.425206184387207031e+01
2.470000028610229492e+00 4.170000076293945312e+01 4.884159088134765625e+00
1.502999973297119141e+01 1.839999961853027344e+01 1.613599014282226562e+01
1.226000022888183594e+01 1.960000038146972656e+01 1.992922592163085938e+01
8.930000305175781250e+00 2.839999961853027344e+01 1.653543090820312500e+01
1.013000011444091797e+01 2.470000076293945312e+01 1.764103698730468750e+01
1.812999916076660156e+01 1.410000038146972656e+01 1.410545349121093750e+01
2.869999885559082031e+00 3.640000152587890625e+01 4.713002777099609375e+01
1.980000019073486328e+00 3.490000152587890625e+01 3.041239678859710693e-01
2.407999992370605469e+01 9.500000000000000000e+00 1.152346038818359375e+01
2.102000045776367188e+01 1.360000038146972656e+01 9.492664337158203125e+00
1.382999992370605469e+01 1.960000038146972656e+01 1.202260398864746094e+01
