2.152000045776367188e+01 1.100000000000000000e+01 5.451338768005371094e+00
6.190000057220458984e+00 3.320000076293945312e+01 2.477353668212890625e+01
1.250000000000000000e+01 1.760000038146972656e+01 1.567725086212158203e+01
5.639999866485595703e+00 2.389999961853027344e+01 1.888314628601074219e+01
1.432999992370605469e+01 1.679999923706054688e+01 1.791006469726562500e+01
1.835000038146972656e+01 1.310000038146972656e+01 8.968972206115722656e+00
4.849999904632568359e+00 3.509999847412109375e+01 3.391350936889648438e+01
1.695999908447265625e+01 1.810000038146972656e+01 1.680173873901367188e+01
1.793000030517578125e+01 2.050000000000000000e+01 9.168156623840332031e+00
4.809999942779541016e+00 3.540000152587890625e+01 3.670191955566406250e+01
5.030000209808349609e+00 3.110000038146972656e+01 2.314791107177734375e+01
2.410000038146972656e+01 1.330000019073486328e+01 1.193975734710693359e+01
4.030000209808349609e+00 3.470000076293945312e+01 3.790858840942382812e+01
6.679999828338623047e+00 3.200000000000000000e+01 2.405712127685546875e+01
2.470000028610229492e+00 4.170000076293945312e+01 1.031163311004638672e+01
2.297999954223632812e+01 5.000000000000000000e+00 5.240634918212890625e+00
1.714999961853027344e+01 1.900000000000000000e+01 1.205439662933349609e+01
1.343999958038330078e+01 1.500000000000000000e+01 1.928845214843750000e+01
2.993000030517578125e+01 1.650000000000000000e+01 5.863934516906738281e+00
4.449999809265136719e+00 3.290000152587890625e+01 4.988496017456054688e+01
1.876000022888183594e+01 2.320000076293945312e+01 1.570236682891845703e+01
2.681999969482421875e+01 1.339999961853027344e+01 2.427744150161743164e+00
2.455999946594238281e+01 1.230000019073486328e+01 2.722913742065429688e+00
2.327000045776367188e+01 1.339999961853027344e+01 1.307547187805175781e+01
2.980000019073486328e+00 3.200000000000000000e+01 4.878591918945312500e+01
2.085000038146972656e+01 1.150000000000000000e+01 9.248609542846679688e+00
1.613999938964843750e+01 1.310000038146972656e+01 1.790140342712402344e+01
2.131999969482421875e+01 1.910000038146972656e+01 5.797869205474853516e+00
1.015999984741210938e+01 2.279999923706054688e+01 1.487819480895996094e+01
1.351000022888183594e+01 2.329999923706054688e+01 1.834294700622558594e+01
9.520000457763671875e+00 2.450000000000000000e+01 2.426709175109863281e+01
6.570000171661376953e+00 2.189999961853027344e+01 2.578360366821289062e+01
1.418999958038330078e+01 1.989999961853027344e+01 1.961606216430664062e+01
2.831999969482421875e+01 1.779999923706054688e+01 2.184612751007080078e+00
1.063000011444091797e+01 1.860000038146972656e+01 2.055377388000488281e+01
2.438999938964843750e+01 8.300000190734863281e+00 4.269440650939941406e+00
4.539999961853027344e+00 2.279999923706054688e+01 4.300743103027343750e+01
1.044999980926513672e+01 1.850000000000000000e+01 2.094696998596191406e+01
1.057999992370605469e+01 2.120000076293945312e+01 2.042318916320800781e+01
6.619999885559082031e+00 3.459999847412109375e+01 2.446825981140136719e+01
7.789999961853027344e+00 1.860000038146972656e+01 2.100654792785644531e+01
2.677000045776367188e+01 5.599999904632568359e+00 2.811176300048828125e+00
1.028999996185302734e+01 2.020000076293945312e+01 1.968994712829589844e+01
2.329000091552734375e+01 1.339999961853027344e+01 1.264844131469726562e+01
1.576000022888183594e+01 1.829999923706054688e+01 1.284195232391357422e+01
1.635000038146972656e+01 1.269999980926513672e+01 1.637460327148437500e+01
6.150000095367431641e+00 2.300000000000000000e+01 2.471043968200683594e+01
9.680000305175781250e+00 1.889999961853027344e+01 2.552527427673339844e+01
9.449999809265136719e+00 3.620000076293945312e+01 2.425274658203125000e+01
7.190000057220458984e+00 2.910000038146972656e+01 2.391014671325683594e+01
