1.360999965667724609e+01 1.929999923706054688e+01 2.059687805175781250e+01
4.969999790191650391e+00 2.250000000000000000e+01 2.448317527770996094e+01
1.469999980926513672e+01 2.000000000000000000e+01 2.244448471069335938e+01
1.977000045776367188e+01 8.300000190734863281e+00 2.575691032409667969e+01
5.900000095367431641e+00 2.439999961853027344e+01 2.115352821350097656e+01
8.050000190734863281e+00 3.300000000000000000e+01 2.894264411926269531e+01
2.726000022888183594e+01 1.569999980926513672e+01 6.178729057312011719e+00
2.178000068664550781e+01 1.019999980926513672e+01 5.695761203765869141e+00
1.039999961853027344e+01 2.170000076293945312e+01 2.059144592285156250e+01
2.062000083923339844e+01 8.800000190734863281e+00 9.645472526550292969e+00
1.410000038146972656e+01 2.079999923706054688e+01 2.019811630249023438e+01
1.478999996185302734e+01 3.070000076293945312e+01 1.789654922485351562e+01
9.670000076293945312e+00 2.239999961853027344e+01 2.211497116088867188e+01
1.272999954223632812e+01 2.100000000000000000e+01 1.895896530151367188e+01
9.880000114440917969e+00 2.170000076293945312e+01 2.552049636840820312e+01
8.770000457763671875e+00 2.100000000000000000e+01 2.137201690673828125e+01
9.449999809265136719e+00 3.620000076293945312e+01 2.131997299194335938e+01
1.334000015258789062e+01 2.060000038146972656e+01 1.859988212585449219e+01
7.429999828338623047e+00 2.410000038146972656e+01 2.490495491027832031e+01
3.062999916076660156e+01 8.800000190734863281e+00 1.000583171844482422e+01
6.650000095367431641e+00 2.839999961853027344e+01 3.294373703002929688e+01
2.568000030517578125e+01 9.699999809265136719e+00 7.700243473052978516e+00
7.849999904632568359e+00 3.220000076293945312e+01 2.422177314758300781e+01
4.559999942779541016e+00 3.490000152587890625e+01 3.302238464355468750e+01
7.179999828338623047e+00 2.389999961853027344e+01 2.179247093200683594e+01
5.639999866485595703e+00 2.389999961853027344e+01 2.423715400695800781e+01
6.360000133514404297e+00 3.160000038146972656e+01 2.310283470153808594e+01
1.813999938964843750e+01 1.380000019073486328e+01 1.401109409332275391e+01
1.359000015258789062e+01 2.450000000000000000e+01 2.079613113403320312e+01
1.250000000000000000e+01 1.760000038146972656e+01 1.997970581054687500e+01
5.329999923706054688e+00 3.620000076293945312e+01 2.938725280761718750e+01
1.792000007629394531e+01 2.150000000000000000e+01 1.986842155456542969e+01
1.914999961853027344e+01 2.710000038146972656e+01 9.599969863891601562e+00
3.109999895095825195e+00 4.229999923706054688e+01 4.384781265258789062e+01
1.930999946594238281e+01 1.300000000000000000e+01 1.073495388031005859e+01
6.860000133514404297e+00 2.329999923706054688e+01 2.723023986816406250e+01
1.779000091552734375e+01 1.489999961853027344e+01 1.545589542388916016e+01
4.690000057220458984e+00 3.050000000000000000e+01 2.832619667053222656e+01
3.589999914169311523e+00 2.479999923706054688e+01 4.332968139648437500e+01
2.960000038146972656e+00 5.000000000000000000e+01 3.661134338378906250e+01
1.138000011444091797e+01 2.200000000000000000e+01 2.211849403381347656e+01
9.500000000000000000e+00 2.500000000000000000e+01 2.395985984802246094e+01
1.410000038146972656e+01 2.150000000000000000e+01 2.019811630249023438e+01
3.950000047683715820e+00 3.160000038146972656e+01 4.401831436157226562e+01
1.578999996185302734e+01 1.939999961853027344e+01 1.877598762512207031e+01
7.829999923706054688e+00 1.939999961853027344e+01 2.479130363464355469e+01
1.992000007629394531e+01 8.500000000000000000e+00 1.814289855957031250e+01
2.329000091552734375e+01 1.339999961853027344e+01 1.019217491149902344e+01
1.203999996185302734e+01 2.120000076293945312e+01 1.960432243347167969e+01
7.010000228881835938e+00 2.500000000000000000e+01 2.619785118103027344e+01
