2.960000038146972656e+00 5.000000000000000000e+01 4.395914840698242188e+01
1.845999908447265625e+01 1.850000000000000000e+01 1.776976203918457031e+01
2.062000083923339844e+01 8.800000190734863281e+00 6.744865894317626953e+00
1.511999988555908203e+01 1.700000000000000000e+01 1.240700149536132812e+01
5.289999961853027344e+00 2.189999961853027344e+01 2.788624000549316406e+01
1.360999965667724609e+01 1.929999923706054688e+01 2.170988464355468750e+01
8.510000228881835938e+00 2.060000038146972656e+01 2.068680572509765625e+01
1.027000045776367188e+01 2.079999923706054688e+01 1.790837478637695312e+01
1.028999996185302734e+01 2.020000076293945312e+01 1.758276748657226562e+01
4.320000171661376953e+00 3.079999923706054688e+01 2.803569602966308594e+01
1.164999961853027344e+01 2.429999923706054688e+01 2.614142608642578125e+01
2.397999954223632812e+01 1.180000019073486328e+01 7.055811405181884766e+00
4.860000133514404297e+00 3.309999847412109375e+01 3.304838180541992188e+01
4.590000152587890625e+00 3.540000152587890625e+01 4.119306945800781250e+01
6.730000019073486328e+00 2.220000076293945312e+01 2.334939193725585938e+01
9.640000343322753906e+00 2.260000038146972656e+01 2.472325897216796875e+01
1.211999988555908203e+01 1.530000019073486328e+01 2.665312576293945312e+01
1.772999954223632812e+01 1.519999980926513672e+01 1.174102973937988281e+01
5.329999923706054688e+00 3.620000076293945312e+01 2.939194679260253906e+01
1.779000091552734375e+01 1.489999961853027344e+01 1.237711524963378906e+01
1.620000076293945312e+01 1.939999961853027344e+01 1.825993156433105469e+01
9.380000114440917969e+00 2.810000038146972656e+01 2.287035942077636719e+01
3.109999895095825195e+00 4.400000000000000000e+01 4.226006317138671875e+01
1.030000019073486328e+01 1.920000076293945312e+01 1.754044723510742188e+01
1.303999996185302734e+01 1.450000000000000000e+01 1.875683593750000000e+01
9.810000419616699219e+00 2.500000000000000000e+01 1.944764518737792969e+01
2.145000076293945312e+01 1.539999961853027344e+01 2.070954895019531250e+01
2.968000030517578125e+01 8.100000381469726562e+00 1.206968021392822266e+01
7.789999961853027344e+00 2.500000000000000000e+01 1.865424156188964844e+01
1.673999977111816406e+01 1.779999923706054688e+01 1.117516422271728516e+01
1.914999961853027344e+01 2.710000038146972656e+01 8.235927581787109375e+00
1.452000045776367188e+01 1.089999961853027344e+01 1.322169208526611328e+01
3.160000085830688477e+00 5.000000000000000000e+01 4.342512512207031250e+01
3.730000019073486328e+00 5.000000000000000000e+01 3.856901931762695312e+01
1.035999965667724609e+01 2.310000038146972656e+01 1.899071121215820312e+01
1.803000068664550781e+01 1.460000038146972656e+01 1.091328525543212891e+01
2.397999954223632812e+01 1.929999923706054688e+01 7.055811405181884766e+00
8.609999656677246094e+00 3.029999923706054688e+01 2.371454620361328125e+01
1.314999961853027344e+01 2.960000038146972656e+01 1.751273536682128906e+01
1.243000030517578125e+01 1.710000038146972656e+01 2.285481834411621094e+01
7.739999771118164062e+00 2.370000076293945312e+01 2.314639091491699219e+01
1.730999946594238281e+01 1.560000038146972656e+01 1.305419158935546875e+01
1.327999973297119141e+01 1.960000038146972656e+01 1.936928558349609375e+01
8.930000305175781250e+00 2.839999961853027344e+01 3.702431488037109375e+01
7.119999885559082031e+00 2.750000000000000000e+01 2.234761428833007812e+01
1.664999961853027344e+01 1.560000038146972656e+01 1.381140613555908203e+01
1.382999992370605469e+01 1.960000038146972656e+01 1.104470252990722656e+01
9.449999809265136719e+00 3.620000076293945312e+01 2.259842491149902344e+01
6.070000171661376953e+00 2.479999923706054688e+01 3.015088081359863281e+01
3.059000015258789062e+01 5.000000000000000000e+00 8.350097656250000000e+00
