1.131999969482421875e+01 2.229999923706054688e+01 1.991602325439453125e+01
9.420000076293945312e+00 2.750000000000000000e+01 2.191445541381835938e+01
8.930000305175781250e+00 2.839999961853027344e+01 2.578996276855468750e+01
3.529999971389770508e+00 3.240000152587890625e+01 4.048717880249023438e+01
1.400000000000000000e+01 2.189999961853027344e+01 1.360725307464599609e+01
1.125000000000000000e+01 3.100000000000000000e+01 1.733016586303710938e+01
4.809999942779541016e+00 3.540000152587890625e+01 2.593984794616699219e+01
4.730000019073486328e+00 3.150000000000000000e+01 2.854469680786132812e+01
1.314999961853027344e+01 2.960000038146972656e+01 1.870984840393066406e+01
3.920000076293945312e+00 4.670000076293945312e+01 3.227230072021484375e+01
2.828000068664550781e+01 1.050000000000000000e+01 1.354292011260986328e+01
1.285999965667724609e+01 2.250000000000000000e+01 1.914629364013671875e+01
4.500000000000000000e+00 3.010000038146972656e+01 2.599781799316406250e+01
1.464999961853027344e+01 1.770000076293945312e+01 1.696057891845703125e+01
2.360000038146972656e+01 1.130000019073486328e+01 8.120901107788085938e+00
9.079999923706054688e+00 2.060000038146972656e+01 1.924288177490234375e+01
2.309000015258789062e+01 2.000000000000000000e+01 5.132377147674560547e+00
1.502000045776367188e+01 1.560000038146972656e+01 1.670368194580078125e+01
3.062999916076660156e+01 8.800000190734863281e+00 9.727233886718750000e+00
7.530000209808349609e+00 2.820000076293945312e+01 2.324792480468750000e+01
1.272999954223632812e+01 2.100000000000000000e+01 1.798097038269042969e+01
1.629999923706054688e+01 1.560000038146972656e+01 1.845630073547363281e+01
3.950000047683715820e+00 4.829999923706054688e+01 3.159560012817382812e+01
7.849999904632568359e+00 3.220000076293945312e+01 1.597754669189453125e+01
6.070000171661376953e+00 2.479999923706054688e+01 2.997731018066406250e+01
1.709000015258789062e+01 1.870000076293945312e+01 1.557397174835205078e+01
1.712000083923339844e+01 1.310000038146972656e+01 1.688274002075195312e+01
5.809999942779541016e+00 2.529999923706054688e+01 2.104566192626953125e+01
1.465999984741210938e+01 2.439999961853027344e+01 1.720758247375488281e+01
1.232999992370605469e+01 2.010000038146972656e+01 2.067390251159667969e+01
2.323999977111816406e+01 1.389999961853027344e+01 1.098528194427490234e+01
1.885000038146972656e+01 1.539999961853027344e+01 1.319148063659667969e+01
1.150000000000000000e+01 1.620000076293945312e+01 2.123313140869140625e+01
6.869999885559082031e+00 2.310000038146972656e+01 2.406497192382812500e+01
4.820000171661376953e+00 3.790000152587890625e+01 2.612825012207031250e+01
3.259999990463256836e+00 5.000000000000000000e+01 4.208150100708007812e+01
7.829999923706054688e+00 1.939999961853027344e+01 1.907757949829101562e+01
5.099999904632568359e+00 3.700000000000000000e+01 3.694832611083984375e+01
6.530000209808349609e+00 2.660000038146972656e+01 2.366449546813964844e+01
2.178000068664550781e+01 1.019999980926513672e+01 2.686333894729614258e+00
1.413000011444091797e+01 1.989999961853027344e+01 1.964975547790527344e+01
1.834000015258789062e+01 1.430000019073486328e+01 1.542471599578857422e+01
1.710000038146972656e+01 1.889999961853027344e+01 1.593026828765869141e+01
1.122000026702880859e+01 2.220000076293945312e+01 1.725791931152343750e+01
5.329999923706054688e+00 3.620000076293945312e+01 2.936125755310058594e+01
1.571000003814697266e+01 2.170000076293945312e+01 1.468540287017822266e+01
1.715999984741210938e+01 1.169999980926513672e+01 1.813857269287109375e+01
1.202999973297119141e+01 1.610000038146972656e+01 1.908692169189453125e+01
1.138000011444091797e+01 2.200000000000000000e+01 1.997318267822265625e+01
1.760000038146972656e+01 1.779999923706054688e+01 2.301286888122558594e+01
