4.159999847412109375e+00 3.309999847412109375e+01 3.708783721923828125e+01
1.125000000000000000e+01 3.100000000000000000e+01 2.210410690307617188e+01
2.831999969482421875e+01 1.779999923706054688e+01 1.954612493515014648e+00
1.409000015258789062e+01 2.039999961853027344e+01 1.264560031890869141e+01
1.197999954223632812e+01 2.100000000000000000e+01 1.683468055725097656e+01
8.670000076293945312e+00 2.639999961853027344e+01 2.015754318237304688e+01
9.279999732971191406e+00 2.379999923706054688e+01 1.635112762451171875e+01
2.309000015258789062e+01 2.000000000000000000e+01 6.944686412811279297e+00
9.970000267028808594e+00 2.029999923706054688e+01 1.002075672149658203e+01
1.578999996185302734e+01 1.939999961853027344e+01 1.902317047119140625e+01
1.088000011444091797e+01 2.400000000000000000e+01 1.804168319702148438e+01
2.034000015258789062e+01 1.350000000000000000e+01 1.046989631652832031e+01
6.469999790191650391e+00 3.340000152587890625e+01 2.919540214538574219e+01
6.650000095367431641e+00 2.839999961853027344e+01 3.318117523193359375e+01
1.202999973297119141e+01 1.910000038146972656e+01 1.654765892028808594e+01
1.127999973297119141e+01 1.820000076293945312e+01 2.190456008911132812e+01
2.779999923706054688e+01 1.380000019073486328e+01 3.477014303207397461e+00
4.449999809265136719e+00 3.290000152587890625e+01 2.958511543273925781e+01
3.950000047683715820e+00 3.160000038146972656e+01 4.805640792846679688e+01
7.190000057220458984e+00 2.910000038146972656e+01 2.380029296875000000e+01
1.845999908447265625e+01 1.850000000000000000e+01 1.391917419433593750e+01
8.159999847412109375e+00 2.289999961853027344e+01 2.378174591064453125e+01
1.832999992370605469e+01 1.779999923706054688e+01 1.282969284057617188e+01
6.719999790191650391e+00 2.479999923706054688e+01 2.995113563537597656e+01
9.159999847412109375e+00 2.429999923706054688e+01 1.881295013427734375e+01
1.293000030517578125e+01 2.010000038146972656e+01 2.145020866394042969e+01
3.809999942779541016e+00 4.850000000000000000e+01 3.937607955932617188e+01
1.203999996185302734e+01 2.120000076293945312e+01 1.650034523010253906e+01
7.880000114440917969e+00 1.189999961853027344e+01 3.094944190979003906e+01
1.478999996185302734e+01 3.070000076293945312e+01 9.953577995300292969e+00
1.010999965667724609e+01 2.320000076293945312e+01 1.002783870697021484e+01
8.010000228881835938e+00 2.110000038146972656e+01 2.708871650695800781e+01
5.699999809265136719e+00 2.870000076293945312e+01 3.056145095825195312e+01
1.635000038146972656e+01 1.269999980926513672e+01 1.817862319946289062e+01
7.789999961853027344e+00 1.860000038146972656e+01 2.738910484313964844e+01
5.989999771118164062e+00 2.450000000000000000e+01 2.372775840759277344e+01
9.039999961853027344e+00 2.360000038146972656e+01 2.006018447875976562e+01
3.569999933242797852e+00 4.379999923706054688e+01 2.798608779907226562e+01
1.322000026702880859e+01 2.139999961853027344e+01 1.955807113647460938e+01
7.559999942779541016e+00 3.979999923706054688e+01 2.461329841613769531e+01
1.343999958038330078e+01 1.929999923706054688e+01 1.937573623657226562e+01
1.286999988555908203e+01 1.960000038146972656e+01 2.228244018554687500e+01
2.880000114440917969e+00 5.000000000000000000e+01 1.048511409759521484e+01
2.178000068664550781e+01 1.019999980926513672e+01 8.825940132141113281e+00
2.929000091552734375e+01 1.180000019073486328e+01 1.916349530220031738e+00
1.334000015258789062e+01 2.060000038146972656e+01 1.939091491699218750e+01
7.789999961853027344e+00 2.500000000000000000e+01 2.738910484313964844e+01
7.530000209808349609e+00 2.820000076293945312e+01 2.430226516723632812e+01
1.243000030517578125e+01 1.710000038146972656e+01 1.723381614685058594e+01
4.690000057220458984e+00 3.050000000000000000e+01 3.085970878601074219e+01
