6.900000095367431641e+00 3.010000038146972656e+01 2.898310279846191406e+01
1.481000041961669922e+01 2.139999961853027344e+01 1.806827735900878906e+01
1.202999973297119141e+01 1.910000038146972656e+01 2.129922103881835938e+01
1.322000026702880859e+01 2.139999961853027344e+01 2.028123664855957031e+01
1.173999977111816406e+01 1.850000000000000000e+01 1.771763229370117188e+01
2.030999946594238281e+01 1.210000038146972656e+01 7.246336936950683594e+00
7.789999961853027344e+00 2.500000000000000000e+01 1.862792587280273438e+01
1.413000011444091797e+01 1.989999961853027344e+01 2.018370246887207031e+01
2.085000038146972656e+01 1.150000000000000000e+01 3.335865736007690430e+00
3.319999933242797852e+00 5.000000000000000000e+01 3.111885070800781250e+01
9.100000381469726562e+00 2.029999923706054688e+01 1.943667984008789062e+01
1.030000019073486328e+01 1.920000076293945312e+01 2.032043647766113281e+01
9.500000000000000000e+00 2.200000000000000000e+01 2.470536804199218750e+01
3.109999895095825195e+00 4.400000000000000000e+01 4.224258804321289062e+01
9.500000000000000000e+00 2.500000000000000000e+01 2.470536804199218750e+01
1.010999965667724609e+01 2.320000076293945312e+01 1.502260398864746094e+01
1.714999961853027344e+01 1.900000000000000000e+01 1.200076675415039062e+01
1.343999958038330078e+01 1.929999923706054688e+01 1.510049247741699219e+01
1.478999996185302734e+01 3.070000076293945312e+01 1.905628395080566406e+01
1.360999965667724609e+01 1.929999923706054688e+01 2.223262786865234375e+01
1.664999961853027344e+01 1.560000038146972656e+01 1.616424369812011719e+01
5.989999771118164062e+00 2.450000000000000000e+01 2.408140754699707031e+01
1.779000091552734375e+01 1.489999961853027344e+01 1.449760627746582031e+01
4.590000152587890625e+00 4.129999923706054688e+01 3.531813812255859375e+01
1.197999954223632812e+01 2.100000000000000000e+01 1.878899765014648438e+01
4.320000171661376953e+00 3.079999923706054688e+01 2.622568893432617188e+01
1.013000011444091797e+01 2.470000076293945312e+01 1.758782577514648438e+01
9.039999961853027344e+00 2.360000038146972656e+01 1.913236045837402344e+01
8.199999809265136719e+00 2.200000000000000000e+01 2.180017662048339844e+01
5.250000000000000000e+00 3.170000076293945312e+01 2.803772926330566406e+01
4.030000209808349609e+00 3.470000076293945312e+01 3.286953735351562500e+01
6.920000076293945312e+00 2.989999961853027344e+01 3.347597885131835938e+01
2.178000068664550781e+01 1.019999980926513672e+01 1.998864531517028809e+00
1.727000045776367188e+01 2.170000076293945312e+01 9.072340965270996094e+00
1.901000022888183594e+01 1.269999980926513672e+01 1.410607814788818359e+01
9.670000076293945312e+00 2.239999961853027344e+01 2.589813804626464844e+01
2.737999916076660156e+01 8.500000000000000000e+00 8.135183334350585938e+00
1.568999958038330078e+01 1.019999980926513672e+01 1.371341991424560547e+01
1.165999984741210938e+01 2.979999923706054688e+01 2.325784301757812500e+01
1.110000038146972656e+01 2.379999923706054688e+01 2.191776847839355469e+01
1.364999961853027344e+01 2.070000076293945312e+01 1.892892837524414062e+01
7.599999904632568359e+00 2.229999923706054688e+01 3.012819480895996094e+01
9.159999847412109375e+00 2.429999923706054688e+01 1.805244827270507812e+01
5.769999980926513672e+00 2.470000076293945312e+01 2.494454002380371094e+01
5.980000019073486328e+00 2.210000038146972656e+01 2.298841476440429688e+01
7.369999885559082031e+00 2.329999923706054688e+01 2.801990890502929688e+01
1.088000011444091797e+01 2.400000000000000000e+01 2.230278778076171875e+01
2.645000076293945312e+01 8.699999809265136719e+00 1.338526916503906250e+01
3.797000122070312500e+01 1.380000019073486328e+01 9.495348669588565826e-03
2.211000061035156250e+01 1.050000000000000000e+01 6.983078122138977051e-01
