5.119999885559082031e+00 5.000000000000000000e+01 2.214989471435546875e+01
8.789999961853027344e+00 2.089999961853027344e+01 1.724816513061523438e+01
1.469999980926513672e+01 2.000000000000000000e+01 1.815038299560546875e+01
2.152000045776367188e+01 1.100000000000000000e+01 1.757611656188964844e+01
3.080999946594238281e+01 7.199999809265136719e+00 1.399706751108169556e-01
6.780000209808349609e+00 2.410000038146972656e+01 2.357369995117187500e+01
3.198999977111816406e+01 7.400000095367431641e+00 2.038484439253807068e-03
1.651000022888183594e+01 1.389999961853027344e+01 1.287201595306396484e+01
2.329000091552734375e+01 1.339999961853027344e+01 1.024276828765869141e+01
1.039999961853027344e+01 2.170000076293945312e+01 2.103404617309570312e+01
8.930000305175781250e+00 2.839999961853027344e+01 1.242793369293212891e+01
1.987999916076660156e+01 1.450000000000000000e+01 1.946237564086914062e+01
4.860000133514404297e+00 3.309999847412109375e+01 3.415445327758789062e+01
4.590000152587890625e+00 3.540000152587890625e+01 4.127482604980468750e+01
2.007999992370605469e+01 1.629999923706054688e+01 1.030595111846923828e+01
8.050000190734863281e+00 1.820000076293945312e+01 3.136218643188476562e+01
6.860000133514404297e+00 2.329999923706054688e+01 2.736642265319824219e+01
7.789999961853027344e+00 1.860000038146972656e+01 2.246039199829101562e+01
2.779999923706054688e+01 1.380000019073486328e+01 1.921199917793273926e+00
1.164999961853027344e+01 2.429999923706054688e+01 1.587906742095947266e+01
5.039999961853027344e+00 3.720000076293945312e+01 2.350318145751953125e+01
7.739999771118164062e+00 2.370000076293945312e+01 2.398888778686523438e+01
3.529999971389770508e+00 3.240000152587890625e+01 1.253608036041259766e+01
3.062000083923339844e+01 1.019999980926513672e+01 2.768492996692657471e-01
1.712000083923339844e+01 1.310000038146972656e+01 1.885209846496582031e+01
1.571000003814697266e+01 2.170000076293945312e+01 9.823859214782714844e+00
8.260000228881835938e+00 2.039999961853027344e+01 2.077664375305175781e+01
2.287999916076660156e+01 1.280000019073486328e+01 6.478420734405517578e+00
1.278999996185302734e+01 2.220000076293945312e+01 1.707676315307617188e+01
1.343999958038330078e+01 1.500000000000000000e+01 2.048145484924316406e+01
1.478999996185302734e+01 3.070000076293945312e+01 1.792842292785644531e+01
2.379000091552734375e+01 1.080000019073486328e+01 9.397943496704101562e+00
8.810000419616699219e+00 2.260000038146972656e+01 1.632641792297363281e+01
2.396999931335449219e+01 7.000000000000000000e+00 1.506055259704589844e+01
1.332999992370605469e+01 2.310000038146972656e+01 1.865326118469238281e+01
2.360000038146972656e+01 1.130000019073486328e+01 7.803955078125000000e+00
1.063000011444091797e+01 1.860000038146972656e+01 2.064286994934082031e+01
6.719999790191650391e+00 2.420000076293945312e+01 2.283670043945312500e+01
1.410000038146972656e+01 2.079999923706054688e+01 1.998035621643066406e+01
1.452000045776367188e+01 1.089999961853027344e+01 1.567723941802978516e+01
1.310999965667724609e+01 2.139999961853027344e+01 2.222686767578125000e+01
8.229999542236328125e+00 2.200000000000000000e+01 2.112654304504394531e+01
3.809999942779541016e+00 4.850000000000000000e+01 1.776666641235351562e+01
2.645000076293945312e+01 8.699999809265136719e+00 1.777934312820434570e+00
3.062999916076660156e+01 8.800000190734863281e+00 2.671095728874206543e-01
1.280000019073486328e+01 1.839999961853027344e+01 1.730716896057128906e+01
9.039999961853027344e+00 2.360000038146972656e+01 1.092457962036132812e+01
1.300000000000000000e+01 2.170000076293945312e+01 1.922902870178222656e+01
1.201000022888183594e+01 2.179999923706054688e+01 2.091014480590820312e+01
2.639999961853027344e+01 1.720000076293945312e+01 1.487475752830505371e+00
