8.430000305175781250e+00 2.339999961853027344e+01 2.145002365112304688e+01
2.007999992370605469e+01 1.629999923706054688e+01 5.758050441741943359e+00
2.107999992370605469e+01 1.089999961853027344e+01 1.000033283233642578e+01
1.694000053405761719e+01 1.350000000000000000e+01 5.841256618499755859e+00
2.309000015258789062e+01 2.000000000000000000e+01 3.058580398559570312e+00
1.727000045776367188e+01 1.610000038146972656e+01 2.167444610595703125e+01
2.645000076293945312e+01 8.699999809265136719e+00 1.326394748687744141e+01
1.327000045776367188e+01 1.889999961853027344e+01 1.911608695983886719e+01
2.145000076293945312e+01 1.539999961853027344e+01 7.924732685089111328e+00
1.260000038146972656e+01 1.920000076293945312e+01 1.547164249420166016e+01
2.123999977111816406e+01 1.330000019073486328e+01 5.661840915679931641e+00
1.478999996185302734e+01 3.070000076293945312e+01 1.788301658630371094e+01
2.968000030517578125e+01 8.100000381469726562e+00 1.175827789306640625e+01
1.293000030517578125e+01 2.010000038146972656e+01 1.764958763122558594e+01
1.027000045776367188e+01 2.079999923706054688e+01 1.839867019653320312e+01
6.869999885559082031e+00 2.310000038146972656e+01 2.816730117797851562e+01
1.757999992370605469e+01 1.879999923706054688e+01 1.629362869262695312e+01
1.013000011444091797e+01 2.470000076293945312e+01 1.582775306701660156e+01
4.320000171661376953e+00 3.079999923706054688e+01 2.911310005187988281e+01
4.610000133514404297e+00 3.120000076293945312e+01 3.354365158081054688e+01
1.140999984741210938e+01 2.000000000000000000e+01 1.994336700439453125e+01
6.750000000000000000e+00 2.070000076293945312e+01 2.212326240539550781e+01
1.497999954223632812e+01 1.910000038146972656e+01 1.502566242218017578e+01
2.211000061035156250e+01 1.050000000000000000e+01 3.911890089511871338e-01
8.050000190734863281e+00 2.900000000000000000e+01 2.558628845214843750e+01
1.868000030517578125e+01 1.670000076293945312e+01 1.703218078613281250e+01
1.901000022888183594e+01 1.269999980926513672e+01 7.860664844512939453e+00
1.213000011444091797e+01 2.789999961853027344e+01 2.288397407531738281e+01
1.978000068664550781e+01 2.750000000000000000e+01 1.047559165954589844e+01
1.712000083923339844e+01 1.310000038146972656e+01 9.637746810913085938e+00
5.329999923706054688e+00 2.939999961853027344e+01 3.617588043212890625e+01
1.351000022888183594e+01 2.329999923706054688e+01 1.068506813049316406e+01
1.832999992370605469e+01 1.779999923706054688e+01 1.387017631530761719e+01
4.840000152587890625e+00 2.660000038146972656e+01 1.943073654174804688e+01
1.629999923706054688e+01 1.560000038146972656e+01 1.855376815795898438e+01
2.045000076293945312e+01 1.500000000000000000e+01 7.481703281402587891e+00
2.145999908447265625e+01 2.170000076293945312e+01 8.273993492126464844e+00
1.138000011444091797e+01 2.200000000000000000e+01 2.015791320800781250e+01
1.711000061035156250e+01 1.510000038146972656e+01 9.208728790283203125e+00
2.260000038146972656e+01 1.269999980926513672e+01 5.722972154617309570e-01
3.759999990463256836e+00 3.150000000000000000e+01 4.537617111206054688e+01
2.410000038146972656e+01 1.330000019073486328e+01 8.623474121093750000e+00
2.397999954223632812e+01 1.180000019073486328e+01 1.929390335083007812e+01
2.030999946594238281e+01 1.210000038146972656e+01 1.156464481353759766e+01
1.201000022888183594e+01 2.179999923706054688e+01 1.635527801513671875e+01
5.809999942779541016e+00 2.529999923706054688e+01 2.246500205993652344e+01
1.364999961853027344e+01 2.070000076293945312e+01 6.993163108825683594e+00
1.467000007629394531e+01 1.750000000000000000e+01 1.759003639221191406e+01
1.436999988555908203e+01 2.200000000000000000e+01 8.933208465576171875e+00
9.500000000000000000e+00 2.200000000000000000e+01 2.454865074157714844e+01
