1.360999965667724609e+01 1.929999923706054688e+01 2.061680030822753906e+01
4.969999790191650391e+00 2.250000000000000000e+01 2.448615455627441406e+01
1.469999980926513672e+01 2.000000000000000000e+01 2.254194450378417969e+01
1.977000045776367188e+01 8.300000190734863281e+00 2.579025650024414062e+01
5.900000095367431641e+00 2.439999961853027344e+01 2.114365386962890625e+01
8.050000190734863281e+00 3.300000000000000000e+01 2.899368858337402344e+01
2.726000022888183594e+01 1.569999980926513672e+01 6.190606117248535156e+00
2.178000068664550781e+01 1.019999980926513672e+01 5.707276344299316406e+00
1.039999961853027344e+01 2.170000076293945312e+01 2.060574913024902344e+01
2.062000083923339844e+01 8.800000190734863281e+00 9.659663200378417969e+00
1.410000038146972656e+01 2.079999923706054688e+01 2.021424865722656250e+01
1.478999996185302734e+01 3.070000076293945312e+01 1.789434623718261719e+01
9.670000076293945312e+00 2.239999961853027344e+01 2.210385131835937500e+01
1.272999954223632812e+01 2.100000000000000000e+01 1.901850891113281250e+01
9.880000114440917969e+00 2.170000076293945312e+01 2.557584190368652344e+01
8.770000457763671875e+00 2.100000000000000000e+01 2.138137817382812500e+01
9.449999809265136719e+00 3.620000076293945312e+01 2.111609077453613281e+01
1.334000015258789062e+01 2.060000038146972656e+01 1.860154533386230469e+01
7.429999828338623047e+00 2.410000038146972656e+01 2.492375755310058594e+01
3.062999916076660156e+01 8.800000190734863281e+00 1.005872058868408203e+01
6.650000095367431641e+00 2.839999961853027344e+01 3.299250411987304688e+01
2.568000030517578125e+01 9.699999809265136719e+00 7.714076042175292969e+00
7.849999904632568359e+00 3.220000076293945312e+01 2.423574829101562500e+01
4.559999942779541016e+00 3.490000152587890625e+01 3.305763244628906250e+01
7.179999828338623047e+00 2.389999961853027344e+01 2.173829460144042969e+01
5.639999866485595703e+00 2.389999961853027344e+01 2.423785781860351562e+01
6.360000133514404297e+00 3.160000038146972656e+01 2.310079193115234375e+01
1.813999938964843750e+01 1.380000019073486328e+01 1.401930999755859375e+01
1.359000015258789062e+01 2.450000000000000000e+01 2.081967353820800781e+01
1.250000000000000000e+01 1.760000038146972656e+01 2.000436973571777344e+01
5.329999923706054688e+00 3.620000076293945312e+01 2.940736961364746094e+01
1.792000007629394531e+01 2.150000000000000000e+01 1.991518783569335938e+01
1.914999961853027344e+01 2.710000038146972656e+01 9.611832618713378906e+00
3.109999895095825195e+00 4.229999923706054688e+01 4.402218627929687500e+01
1.930999946594238281e+01 1.300000000000000000e+01 1.074279689788818359e+01
6.860000133514404297e+00 2.329999923706054688e+01 2.725965690612792969e+01
1.779000091552734375e+01 1.489999961853027344e+01 1.546027851104736328e+01
4.690000057220458984e+00 3.050000000000000000e+01 2.827748680114746094e+01
3.589999914169311523e+00 2.479999923706054688e+01 4.336420440673828125e+01
2.960000038146972656e+00 5.000000000000000000e+01 3.662680435180664062e+01
1.138000011444091797e+01 2.200000000000000000e+01 2.215445518493652344e+01
9.500000000000000000e+00 2.500000000000000000e+01 2.338738441467285156e+01
1.410000038146972656e+01 2.150000000000000000e+01 2.021424865722656250e+01
3.950000047683715820e+00 3.160000038146972656e+01 4.407814025878906250e+01
1.578999996185302734e+01 1.939999961853027344e+01 1.877410316467285156e+01
7.829999923706054688e+00 1.939999961853027344e+01 2.480467224121093750e+01
1.992000007629394531e+01 8.500000000000000000e+00 1.818848800659179688e+01
2.329000091552734375e+01 1.339999961853027344e+01 1.021319484710693359e+01
1.203999996185302734e+01 2.120000076293945312e+01 1.959178924560546875e+01
7.010000228881835938e+00 2.500000000000000000e+01 2.624267768859863281e+01
