1.793000030517578125e+01 2.050000000000000000e+01 2.042874908447265625e+01
1.382999992370605469e+01 1.960000038146972656e+01 1.434613227844238281e+01
4.449999809265136719e+00 5.000000000000000000e+01 3.282267761230468750e+01
8.430000305175781250e+00 2.339999961853027344e+01 2.135691833496093750e+01
1.410000038146972656e+01 2.150000000000000000e+01 1.955817222595214844e+01
1.057999992370605469e+01 2.120000076293945312e+01 1.979567146301269531e+01
9.289999961853027344e+00 1.870000076293945312e+01 2.372867202758789062e+01
3.062000083923339844e+01 1.019999980926513672e+01 7.821372032165527344e+00
1.327000045776367188e+01 1.889999961853027344e+01 1.904733848571777344e+01
5.909999847412109375e+00 4.879999923706054688e+01 2.377274131774902344e+01
2.107999992370605469e+01 1.089999961853027344e+01 1.338450813293457031e+01
7.789999961853027344e+00 3.600000000000000000e+01 2.178983688354492188e+01
1.213000011444091797e+01 2.789999961853027344e+01 1.483956050872802734e+01
5.699999809265136719e+00 2.870000076293945312e+01 2.596188354492187500e+01
1.914999961853027344e+01 2.710000038146972656e+01 6.241324424743652344e+00
1.214000034332275391e+01 2.379999923706054688e+01 1.479266548156738281e+01
1.239999961853027344e+01 2.010000038146972656e+01 1.912521743774414062e+01
2.639999961853027344e+01 1.720000076293945312e+01 2.221117019653320312e+00
5.809999942779541016e+00 2.529999923706054688e+01 2.361032485961914062e+01
1.131999969482421875e+01 2.229999923706054688e+01 2.000193977355957031e+01
9.670000076293945312e+00 2.239999961853027344e+01 1.985079765319824219e+01
2.642000007629394531e+01 1.560000038146972656e+01 2.503504276275634766e+00
2.329000091552734375e+01 1.339999961853027344e+01 1.200965213775634766e+01
5.289999961853027344e+00 2.800000000000000000e+01 2.194156265258789062e+01
1.901000022888183594e+01 1.269999980926513672e+01 6.765610694885253906e+00
2.438999938964843750e+01 8.300000190734863281e+00 3.374271392822265625e+00
1.876000022888183594e+01 2.320000076293945312e+01 1.410671329498291016e+01
5.030000209808349609e+00 3.110000038146972656e+01 2.221120262145996094e+01
1.464999961853027344e+01 1.770000076293945312e+01 2.047979354858398438e+01
2.410000038146972656e+01 1.330000019073486328e+01 1.031915664672851562e+01
4.380000114440917969e+00 2.910000038146972656e+01 2.898354721069335938e+01
2.102000045776367188e+01 1.360000038146972656e+01 9.292743682861328125e+00
2.297999954223632812e+01 5.000000000000000000e+00 1.289731597900390625e+01
1.202999973297119141e+01 1.610000038146972656e+01 1.910854339599609375e+01
7.900000095367431641e+00 2.160000038146972656e+01 2.563307952880859375e+01
2.031999969482421875e+01 7.199999809265136719e+00 1.246705341339111328e+01
1.427000045776367188e+01 2.029999923706054688e+01 1.635509109497070312e+01
8.770000457763671875e+00 2.100000000000000000e+01 2.084017372131347656e+01
1.039999961853027344e+01 2.170000076293945312e+01 2.183521270751953125e+01
7.260000228881835938e+00 4.309999847412109375e+01 2.192422485351562500e+01
1.322000026702880859e+01 2.139999961853027344e+01 1.752881240844726562e+01
2.645000076293945312e+01 8.699999809265136719e+00 3.012750864028930664e+00
9.710000038146972656e+00 2.670000076293945312e+01 2.437113761901855469e+01
1.728000068664550781e+01 1.480000019073486328e+01 1.998951911926269531e+01
1.264000034332275391e+01 1.610000038146972656e+01 1.757973861694335938e+01
1.727000045776367188e+01 1.610000038146972656e+01 2.162335395812988281e+01
1.845999908447265625e+01 1.779999923706054688e+01 9.981997489929199219e+00
2.121999931335449219e+01 1.720000076293945312e+01 1.404261016845703125e+01
2.869999885559082031e+00 3.640000152587890625e+01 4.701082611083984375e+01
1.343999958038330078e+01 1.929999923706054688e+01 1.509916973114013672e+01
