1.497999954223632812e+01 1.910000038146972656e+01 1.396781063079833984e+01
2.968000030517578125e+01 8.100000381469726562e+00 1.080069828033447266e+01
3.920000076293945312e+00 4.670000076293945312e+01 3.804991149902343750e+01
5.489999771118164062e+00 2.410000038146972656e+01 2.443909072875976562e+01
1.720999908447265625e+01 1.039999961853027344e+01 1.376995754241943359e+01
1.992000007629394531e+01 8.500000000000000000e+00 1.257295989990234375e+01
1.620999908447265625e+01 1.879999923706054688e+01 1.680051040649414062e+01
1.285999965667724609e+01 2.250000000000000000e+01 1.910437011718750000e+01
9.500000000000000000e+00 2.500000000000000000e+01 2.197081565856933594e+01
3.009999990463256836e+00 4.600000000000000000e+01 3.185302734375000000e+01
4.590000152587890625e+00 3.540000152587890625e+01 3.112942886352539062e+01
1.436999988555908203e+01 2.200000000000000000e+01 2.201016998291015625e+01
5.679999828338623047e+00 2.220000076293945312e+01 3.249343872070312500e+01
2.327000045776367188e+01 1.339999961853027344e+01 1.337313842773437500e+01
7.139999866485595703e+00 2.320000076293945312e+01 2.571700668334960938e+01
6.050000190734863281e+00 3.320000076293945312e+01 2.200236892700195312e+01
2.438999938964843750e+01 8.300000190734863281e+00 9.090930819511413574e-01
2.145000076293945312e+01 1.539999961853027344e+01 2.085110855102539062e+01
1.314999961853027344e+01 2.960000038146972656e+01 1.870029640197753906e+01
1.147999954223632812e+01 2.270000076293945312e+01 1.764767074584960938e+01
4.590000152587890625e+00 4.129999923706054688e+01 3.112942886352539062e+01
1.014999961853027344e+01 2.050000000000000000e+01 2.329594993591308594e+01
1.480000019073486328e+01 1.889999961853027344e+01 2.478072357177734375e+01
9.619999885559082031e+00 2.389999961853027344e+01 2.659976959228515625e+01
1.868000030517578125e+01 1.670000076293945312e+01 1.735941314697265625e+01
4.980000019073486328e+00 2.400000000000000000e+01 2.357635116577148438e+01
3.109999895095825195e+00 4.229999923706054688e+01 4.400918579101562500e+01
2.131999969482421875e+01 1.330000019073486328e+01 1.909239959716796875e+01
8.100000381469726562e+00 3.650000000000000000e+01 2.512462997436523438e+01
1.310999965667724609e+01 2.139999961853027344e+01 1.590701484680175781e+01
1.410000038146972656e+01 2.079999923706054688e+01 2.149666595458984375e+01
3.440999984741210938e+01 1.439999961853027344e+01 1.360017776489257812e+01
7.599999904632568359e+00 3.010000038146972656e+01 2.228914642333984375e+01
9.289999961853027344e+00 1.870000076293945312e+01 1.941140747070312500e+01
5.389999866485595703e+00 3.490000152587890625e+01 2.346306610107421875e+01
1.309000015258789062e+01 1.739999961853027344e+01 1.507474803924560547e+01
1.710000038146972656e+01 1.889999961853027344e+01 1.683045578002929688e+01
1.901000022888183594e+01 1.269999980926513672e+01 1.267738914489746094e+01
5.329999923706054688e+00 3.620000076293945312e+01 2.940359497070312500e+01
1.719000053405761719e+01 1.620000076293945312e+01 1.274580860137939453e+01
5.190000057220458984e+00 2.370000076293945312e+01 2.863887023925781250e+01
2.579000091552734375e+01 7.500000000000000000e+00 4.335858821868896484e+00
9.689999580383300781e+00 2.870000076293945312e+01 2.137531661987304688e+01
1.410000038146972656e+01 1.829999923706054688e+01 2.149666595458984375e+01
5.119999885559082031e+00 5.000000000000000000e+01 3.383378219604492188e+01
1.397999954223632812e+01 2.639999961853027344e+01 1.875356292724609375e+01
8.050000190734863281e+00 1.820000076293945312e+01 3.099357414245605469e+01
8.470000267028808594e+00 1.989999961853027344e+01 2.078955650329589844e+01
1.202999973297119141e+01 1.610000038146972656e+01 1.910601806640625000e+01
6.719999790191650391e+00 2.420000076293945312e+01 2.385545539855957031e+01
