2.102000045776367188e+01 1.360000038146972656e+01 3.478210210800170898e+00
4.559999942779541016e+00 2.979999923706054688e+01 2.838710784912109375e+01
1.464999961853027344e+01 1.770000076293945312e+01 1.720828437805175781e+01
2.737999916076660156e+01 8.500000000000000000e+00 9.239617347717285156e+00
2.407999992370605469e+01 9.500000000000000000e+00 1.514327144622802734e+01
2.639999961853027344e+01 1.720000076293945312e+01 7.147059440612792969e+00
1.201000022888183594e+01 2.179999923706054688e+01 1.542677211761474609e+01
1.517000007629394531e+01 1.380000019073486328e+01 1.170182418823242188e+01
2.568000030517578125e+01 9.699999809265136719e+00 4.630935668945312500e+00
3.160000085830688477e+00 4.350000000000000000e+01 4.999429321289062500e+01
1.812999916076660156e+01 1.410000038146972656e+01 1.908539772033691406e+01
9.159999847412109375e+00 2.429999923706054688e+01 2.140714454650878906e+01
1.987999916076660156e+01 1.450000000000000000e+01 7.170376300811767578e+00
6.530000209808349609e+00 2.660000038146972656e+01 2.587726402282714844e+01
1.464000034332275391e+01 1.679999923706054688e+01 1.710656547546386719e+01
5.639999866485595703e+00 2.389999961853027344e+01 2.744638824462890625e+01
7.010000228881835938e+00 2.500000000000000000e+01 2.211207389831542969e+01
3.130000114440917969e+00 3.759999847412109375e+01 4.757170867919921875e+01
2.131999969482421875e+01 1.910000038146972656e+01 8.892115592956542969e+00
1.539000034332275391e+01 1.800000000000000000e+01 1.196968269348144531e+01
1.013000011444091797e+01 2.470000076293945312e+01 1.978354263305664062e+01
4.590000152587890625e+00 4.129999923706054688e+01 3.719755554199218750e+01
1.481000041961669922e+01 2.139999961853027344e+01 1.662989425659179688e+01
1.010999965667724609e+01 2.320000076293945312e+01 1.921039581298828125e+01
1.173999977111816406e+01 1.850000000000000000e+01 1.740987205505371094e+01
1.714999961853027344e+01 1.900000000000000000e+01 1.425949478149414062e+01
5.079999923706054688e+00 2.460000038146972656e+01 2.089435195922851562e+01
2.953000068664550781e+01 1.460000038146972656e+01 9.043153524398803711e-01
4.159999847412109375e+00 3.309999847412109375e+01 4.201474380493164062e+01
1.465999984741210938e+01 2.439999961853027344e+01 1.734565162658691406e+01
9.420000076293945312e+00 2.750000000000000000e+01 2.194152641296386719e+01
1.413000011444091797e+01 1.989999961853027344e+01 2.047864151000976562e+01
1.063000011444091797e+01 1.860000038146972656e+01 1.879999351501464844e+01
1.234000015258789062e+01 2.120000076293945312e+01 1.916902542114257812e+01
1.806999969482421875e+01 1.360000038146972656e+01 2.187894058227539062e+01
1.310999965667724609e+01 2.139999961853027344e+01 1.458608436584472656e+01
1.097000026702880859e+01 2.439999961853027344e+01 1.808788490295410156e+01
1.980000019073486328e+00 3.490000152587890625e+01 4.796505928039550781e+00
9.520000457763671875e+00 2.450000000000000000e+01 3.734469985961914062e+01
1.127999973297119141e+01 1.820000076293945312e+01 2.109718132019042969e+01
1.804999923706054688e+01 9.600000381469726562e+00 1.982496833801269531e+01
2.970000028610229492e+00 5.000000000000000000e+01 4.903442001342773438e+01
5.099999904632568359e+00 3.700000000000000000e+01 2.147296333312988281e+01
3.730000019073486328e+00 5.000000000000000000e+01 4.728804016113281250e+01
8.050000190734863281e+00 3.300000000000000000e+01 1.820353126525878906e+01
8.430000305175781250e+00 2.339999961853027344e+01 1.857326889038085938e+01
2.770999908447265625e+01 1.319999980926513672e+01 2.154721021652221680e+00
2.410000038146972656e+01 1.330000019073486328e+01 1.468751621246337891e+01
6.150000095367431641e+00 2.300000000000000000e+01 1.683939552307128906e+01
9.220000267028808594e+00 1.960000038146972656e+01 2.183126831054687500e+01
