1.511999988555908203e+01 1.700000000000000000e+01 1.686182785034179688e+01
4.539999961853027344e+00 2.279999923706054688e+01 3.315604019165039062e+01
1.832999992370605469e+01 1.779999923706054688e+01 1.066917705535888672e+01
3.539999961853027344e+00 4.279999923706054688e+01 3.740233230590820312e+01
2.904999923706054688e+01 7.199999809265136719e+00 1.108955264091491699e+00
7.389999866485595703e+00 2.329999923706054688e+01 2.709396934509277344e+01
6.269999980926513672e+00 2.860000038146972656e+01 2.473007583618164062e+01
1.327999973297119141e+01 1.960000038146972656e+01 1.897576713562011719e+01
2.297999954223632812e+01 5.000000000000000000e+00 4.894501209259033203e+00
2.726000022888183594e+01 1.569999980926513672e+01 3.559005022048950195e+00
4.739999771118164062e+00 2.900000000000000000e+01 3.934590148925781250e+01
8.770000457763671875e+00 2.100000000000000000e+01 2.055374145507812500e+01
1.712000083923339844e+01 1.310000038146972656e+01 1.155816459655761719e+01
9.140000343322753906e+00 2.160000038146972656e+01 1.847079086303710938e+01
4.079999923706054688e+00 3.329999923706054688e+01 3.200733566284179688e+01
1.042000007629394531e+01 2.179999923706054688e+01 2.206532096862792969e+01
2.540999984741210938e+01 1.729999923706054688e+01 2.810325622558593750e+00
4.559999942779541016e+00 2.979999923706054688e+01 3.490413284301757812e+01
1.435999965667724609e+01 2.320000076293945312e+01 1.732588195800781250e+01
1.576000022888183594e+01 1.829999923706054688e+01 1.934592056274414062e+01
8.100000381469726562e+00 2.200000000000000000e+01 1.893091964721679688e+01
9.279999732971191406e+00 2.379999923706054688e+01 2.203296470642089844e+01
6.719999790191650391e+00 2.420000076293945312e+01 2.710805130004882812e+01
2.677000045776367188e+01 5.599999904632568359e+00 7.015185356140136719e+00
2.145000076293945312e+01 1.539999961853027344e+01 9.260480880737304688e+00
1.303999996185302734e+01 1.450000000000000000e+01 2.126087570190429688e+01
1.603000068664550781e+01 2.239999961853027344e+01 1.487888717651367188e+01
2.287999916076660156e+01 1.280000019073486328e+01 5.881183147430419922e+00
4.590000152587890625e+00 3.540000152587890625e+01 4.129584121704101562e+01
1.646999931335449219e+01 1.950000000000000000e+01 1.264990234375000000e+01
1.536999988555908203e+01 2.039999961853027344e+01 1.461716365814208984e+01
9.079999923706054688e+00 2.060000038146972656e+01 1.848416137695312500e+01
1.806999969482421875e+01 1.360000038146972656e+01 1.409113502502441406e+01
7.219999790191650391e+00 2.389999961853027344e+01 2.369281768798828125e+01
1.239999961853027344e+01 2.010000038146972656e+01 2.211174392700195312e+01
2.996999931335449219e+01 6.300000190734863281e+00 1.455475616455078125e+01
6.579999923706054688e+00 3.520000076293945312e+01 3.070407676696777344e+01
1.468999958038330078e+01 2.310000038146972656e+01 1.406630611419677734e+01
2.309000015258789062e+01 2.000000000000000000e+01 4.433742523193359375e+00
9.710000038146972656e+00 2.670000076293945312e+01 2.096633529663085938e+01
4.670000076293945312e+00 2.350000000000000000e+01 4.543159103393554688e+01
1.502000045776367188e+01 1.560000038146972656e+01 1.849799156188964844e+01
1.334000015258789062e+01 2.060000038146972656e+01 1.987224960327148438e+01
1.673999977111816406e+01 1.779999923706054688e+01 1.361625576019287109e+01
1.465999984741210938e+01 2.439999961853027344e+01 1.379391098022460938e+01
1.969000053405761719e+01 1.410000038146972656e+01 8.253442764282226562e+00
2.410000038146972656e+01 1.330000019073486328e+01 1.370994281768798828e+01
1.088000011444091797e+01 2.400000000000000000e+01 1.936473655700683594e+01
1.110000038146972656e+01 2.379999923706054688e+01 2.226077651977539062e+01
9.930000305175781250e+00 2.750000000000000000e+01 2.014245414733886719e+01
