1.779000091552734375e+01 1.489999961853027344e+01 1.349276161193847656e+01
1.140999984741210938e+01 2.000000000000000000e+01 2.076493072509765625e+01
7.010000228881835938e+00 2.500000000000000000e+01 2.504158401489257812e+01
3.809999942779541016e+00 4.850000000000000000e+01 3.452642440795898438e+01
1.871999931335449219e+01 1.519999980926513672e+01 1.631664276123046875e+01
1.300000000000000000e+01 2.170000076293945312e+01 2.109969711303710938e+01
1.213000011444091797e+01 2.789999961853027344e+01 1.948838806152343750e+01
5.329999923706054688e+00 3.620000076293945312e+01 2.940328788757324219e+01
2.737999916076660156e+01 8.500000000000000000e+00 6.693918228149414062e+00
1.992000007629394531e+01 8.500000000000000000e+00 1.231988048553466797e+01
2.960000038146972656e+00 5.000000000000000000e+01 4.425094223022460938e+01
1.744000053405761719e+01 1.339999961853027344e+01 1.031750774383544922e+01
2.287999916076660156e+01 1.280000019073486328e+01 4.248783111572265625e+00
2.107999992370605469e+01 1.089999961853027344e+01 1.485799121856689453e+01
7.389999866485595703e+00 2.329999923706054688e+01 2.709618568420410156e+01
4.690000057220458984e+00 3.050000000000000000e+01 2.623768043518066406e+01
1.042000007629394531e+01 2.179999923706054688e+01 2.170946121215820312e+01
2.929000091552734375e+01 1.180000019073486328e+01 3.072020769119262695e+00
4.500000000000000000e+00 3.010000038146972656e+01 2.913005256652832031e+01
8.770000457763671875e+00 2.100000000000000000e+01 2.042852401733398438e+01
2.045000076293945312e+01 1.500000000000000000e+01 7.114265441894531250e+00
4.139999866485595703e+00 4.479999923706054688e+01 3.188805961608886719e+01
7.599999904632568359e+00 2.229999923706054688e+01 2.174257469177246094e+01
1.620999908447265625e+01 1.879999923706054688e+01 1.679924201965332031e+01
7.599999904632568359e+00 3.010000038146972656e+01 2.174257469177246094e+01
1.919999957084655762e+00 5.000000000000000000e+01 2.762626838684082031e+01
2.178000068664550781e+01 1.019999980926513672e+01 2.046693563461303711e+00
1.728000068664550781e+01 1.480000019073486328e+01 1.790236854553222656e+01
1.327000045776367188e+01 2.170000076293945312e+01 1.889592361450195312e+01
6.190000057220458984e+00 3.320000076293945312e+01 2.371410942077636719e+01
7.440000057220458984e+00 5.000000000000000000e+01 2.469690704345703125e+01
6.860000133514404297e+00 2.329999923706054688e+01 2.261679458618164062e+01
5.989999771118164062e+00 2.450000000000000000e+01 2.355547332763671875e+01
1.173999977111816406e+01 1.850000000000000000e+01 1.725871849060058594e+01
4.030000209808349609e+00 3.470000076293945312e+01 3.156341552734375000e+01
1.360999965667724609e+01 1.929999923706054688e+01 2.264424514770507812e+01
7.559999942779541016e+00 3.979999923706054688e+01 2.225285911560058594e+01
9.449999809265136719e+00 3.620000076293945312e+01 2.247280120849609375e+01
1.044999980926513672e+01 1.850000000000000000e+01 2.279885864257812500e+01
1.144999980926513672e+01 2.060000038146972656e+01 2.103682708740234375e+01
1.023999977111816406e+01 1.939999961853027344e+01 1.828138923645019531e+01
8.229999542236328125e+00 2.200000000000000000e+01 2.058758735656738281e+01
1.334000015258789062e+01 2.060000038146972656e+01 2.152714157104492188e+01
3.529999971389770508e+00 2.960000038146972656e+01 3.217579650878906250e+01
1.015999984741210938e+01 2.279999923706054688e+01 2.037092781066894531e+01
8.100000381469726562e+00 3.650000000000000000e+01 2.199817085266113281e+01
9.680000305175781250e+00 1.889999961853027344e+01 2.546133613586425781e+01
4.559999942779541016e+00 3.490000152587890625e+01 2.975258636474609375e+01
6.469999790191650391e+00 3.340000152587890625e+01 2.216450881958007812e+01
1.226000022888183594e+01 1.960000038146972656e+01 1.934636688232421875e+01
