1.418999958038330078e+01 1.989999961853027344e+01 1.698855972290039062e+01
6.590000152587890625e+00 2.520000076293945312e+01 3.346975708007812500e+01
2.327000045776367188e+01 1.339999961853027344e+01 1.339409065246582031e+01
5.679999828338623047e+00 2.220000076293945312e+01 3.250143814086914062e+01
1.030000019073486328e+01 1.920000076293945312e+01 2.029541587829589844e+01
2.211000061035156250e+01 1.050000000000000000e+01 1.061488032341003418e+00
1.056000041961669922e+01 1.850000000000000000e+01 2.099907302856445312e+01
5.769999980926513672e+00 2.470000076293945312e+01 2.335439491271972656e+01
6.579999923706054688e+00 2.310000038146972656e+01 3.517959213256835938e+01
9.810000419616699219e+00 2.500000000000000000e+01 1.947863578796386719e+01
1.327000045776367188e+01 1.889999961853027344e+01 2.169733047485351562e+01
3.569999933242797852e+00 4.379999923706054688e+01 3.293239974975585938e+01
1.635000038146972656e+01 1.269999980926513672e+01 1.649161338806152344e+01
3.329999923706054688e+00 2.850000000000000000e+01 3.408050155639648438e+01
1.712000083923339844e+01 1.310000038146972656e+01 1.496601676940917969e+01
2.297999954223632812e+01 5.000000000000000000e+00 7.811582088470458984e+00
1.710000038146972656e+01 1.889999961853027344e+01 1.477571773529052734e+01
1.164999961853027344e+01 2.429999923706054688e+01 2.617979812622070312e+01
1.314999961853027344e+01 1.870000076293945312e+01 2.958935737609863281e+01
4.809999942779541016e+00 3.540000152587890625e+01 3.650960159301757812e+01
1.806999969482421875e+01 1.360000038146972656e+01 1.500165748596191406e+01
1.629999923706054688e+01 1.560000038146972656e+01 1.909880638122558594e+01
1.201000022888183594e+01 2.179999923706054688e+01 1.867421150207519531e+01
2.123999977111816406e+01 1.330000019073486328e+01 1.688525390625000000e+01
5.980000019073486328e+00 2.210000038146972656e+01 2.287497520446777344e+01
1.464000034332275391e+01 1.679999923706054688e+01 1.687557601928710938e+01
6.619999885559082031e+00 3.459999847412109375e+01 2.924300003051757812e+01
9.880000114440917969e+00 2.170000076293945312e+01 2.218789863586425781e+01
1.930999946594238281e+01 1.300000000000000000e+01 8.273290634155273438e+00
1.452000045776367188e+01 1.089999961853027344e+01 1.277767944335937500e+01
8.930000305175781250e+00 2.839999961853027344e+01 3.675049972534179688e+01
2.904999923706054688e+01 7.199999809265136719e+00 2.130316019058227539e+00
1.885000038146972656e+01 1.539999961853027344e+01 6.263901710510253906e+00
9.140000343322753906e+00 2.160000038146972656e+01 2.291410255432128906e+01
1.243000030517578125e+01 2.289999961853027344e+01 1.709865379333496094e+01
2.102000045776367188e+01 1.360000038146972656e+01 8.772510528564453125e+00
5.639999866485595703e+00 2.389999961853027344e+01 2.636161994934082031e+01
3.062000083923339844e+01 1.019999980926513672e+01 7.742556095123291016e+00
1.694000053405761719e+01 1.350000000000000000e+01 1.656344413757324219e+01
3.730000019073486328e+00 5.000000000000000000e+01 3.987138748168945312e+01
8.010000228881835938e+00 2.110000038146972656e+01 2.004895401000976562e+01
1.303999996185302734e+01 1.450000000000000000e+01 1.866767311096191406e+01
6.929999828338623047e+00 3.609999847412109375e+01 2.879453086853027344e+01
1.978000068664550781e+01 2.750000000000000000e+01 8.605173110961914062e+00
1.359000015258789062e+01 2.450000000000000000e+01 1.011636829376220703e+01
6.190000057220458984e+00 3.320000076293945312e+01 2.293439674377441406e+01
6.119999885559082031e+00 2.500000000000000000e+01 2.279171371459960938e+01
9.670000076293945312e+00 2.239999961853027344e+01 1.948631477355957031e+01
1.763999938964843750e+01 1.450000000000000000e+01 1.525355148315429688e+01
7.260000228881835938e+00 4.309999847412109375e+01 2.167927932739257812e+01
