2.085000038146972656e+01 1.150000000000000000e+01 2.909422159194946289e+00
3.529999971389770508e+00 2.960000038146972656e+01 4.119476318359375000e+01
4.739999771118164062e+00 2.900000000000000000e+01 2.796207427978515625e+01
1.715999984741210938e+01 1.169999980926513672e+01 1.179054832458496094e+01
8.880000114440917969e+00 5.000000000000000000e+01 2.484292793273925781e+01
1.418999958038330078e+01 1.989999961853027344e+01 1.887993240356445312e+01
4.969999790191650391e+00 2.250000000000000000e+01 3.138951492309570312e+01
1.056000041961669922e+01 1.850000000000000000e+01 2.071551895141601562e+01
9.670000076293945312e+00 2.239999961853027344e+01 1.894462394714355469e+01
1.211999988555908203e+01 1.530000019073486328e+01 2.680085754394531250e+01
8.649999618530273438e+00 1.650000000000000000e+01 1.467189216613769531e+01
6.150000095367431641e+00 2.300000000000000000e+01 2.313365745544433594e+01
1.464999961853027344e+01 1.770000076293945312e+01 1.631995773315429688e+01
1.042000007629394531e+01 2.179999923706054688e+01 2.110894966125488281e+01
1.427000045776367188e+01 2.029999923706054688e+01 1.978315353393554688e+01
3.080999946594238281e+01 7.199999809265136719e+00 9.941470623016357422e-02
1.569999980926513672e+01 1.419999980926513672e+01 1.502614116668701172e+01
1.711000061035156250e+01 1.510000038146972656e+01 1.595167922973632812e+01
1.481000041961669922e+01 1.660000038146972656e+01 1.222106552124023438e+01
7.530000209808349609e+00 2.820000076293945312e+01 3.646203231811523438e+01
1.673999977111816406e+01 1.779999923706054688e+01 1.301431846618652344e+01
1.793000030517578125e+01 2.050000000000000000e+01 2.036790275573730469e+01
6.900000095367431641e+00 3.010000038146972656e+01 1.688738441467285156e+01
1.620000076293945312e+01 1.939999961853027344e+01 1.826643180847167969e+01
1.397999954223632812e+01 2.639999961853027344e+01 1.550902938842773438e+01
1.292000007629394531e+01 2.120000076293945312e+01 1.821801376342773438e+01
1.978000068664550781e+01 2.750000000000000000e+01 8.831203460693359375e+00
9.529999732971191406e+00 5.000000000000000000e+01 2.318453216552734375e+01
1.805999946594238281e+01 2.250000000000000000e+01 1.495402812957763672e+01
7.260000228881835938e+00 4.309999847412109375e+01 1.551696491241455078e+01
1.364999961853027344e+01 2.070000076293945312e+01 1.732519912719726562e+01
7.900000095367431641e+00 2.160000038146972656e+01 1.310661602020263672e+01
6.210000038146972656e+00 2.500000000000000000e+01 2.043216323852539062e+01
1.122000026702880859e+01 2.220000076293945312e+01 2.767992782592773438e+01
1.593999958038330078e+01 1.979999923706054688e+01 1.329030704498291016e+01
7.789999961853027344e+00 3.600000000000000000e+01 1.547441101074218750e+01
3.700000047683715820e+00 5.000000000000000000e+01 3.326707077026367188e+01
2.045000076293945312e+01 1.500000000000000000e+01 4.264531135559082031e+00
1.629999923706054688e+01 1.560000038146972656e+01 1.932003211975097656e+01
7.849999904632568359e+00 3.220000076293945312e+01 1.293741989135742188e+01
1.845999908447265625e+01 1.850000000000000000e+01 1.122124671936035156e+01
2.779999923706054688e+01 1.380000019073486328e+01 4.181967735290527344e+00
2.062000083923339844e+01 8.800000190734863281e+00 2.830043792724609375e+00
1.197000026702880859e+01 2.000000000000000000e+01 1.575588703155517578e+01
1.351000022888183594e+01 2.329999923706054688e+01 1.395751476287841797e+01
1.728000068664550781e+01 1.480000019073486328e+01 1.039152717590332031e+01
1.432999992370605469e+01 1.679999923706054688e+01 2.171971130371093750e+01
2.438999938964843750e+01 8.300000190734863281e+00 8.929995536804199219e+00
1.832999992370605469e+01 1.779999923706054688e+01 1.278305053710937500e+01
1.344999980926513672e+01 1.970000076293945312e+01 1.185334014892578125e+01
