6.070000171661376953e+00 2.479999923706054688e+01 3.016126060485839844e+01
1.309000015258789062e+01 1.739999961853027344e+01 1.770964050292968750e+01
4.539999961853027344e+00 2.279999923706054688e+01 3.106293869018554688e+01
1.056000041961669922e+01 1.850000000000000000e+01 1.945270538330078125e+01
4.610000133514404297e+00 3.120000076293945312e+01 4.387105178833007812e+01
3.950000047683715820e+00 4.829999923706054688e+01 3.160256767272949219e+01
2.062000083923339844e+01 8.800000190734863281e+00 6.915730953216552734e+00
1.039999961853027344e+01 2.170000076293945312e+01 2.183001136779785156e+01
2.540999984741210938e+01 1.729999923706054688e+01 6.516046524047851562e-01
1.267000007629394531e+01 1.720000076293945312e+01 2.256937789916992188e+01
1.712000083923339844e+01 1.310000038146972656e+01 1.508591365814208984e+01
1.478999996185302734e+01 3.070000076293945312e+01 1.789078903198242188e+01
8.439999580383300781e+00 2.220000076293945312e+01 1.794629669189453125e+01
6.360000133514404297e+00 2.370000076293945312e+01 3.153542900085449219e+01
8.579999923706054688e+00 2.389999961853027344e+01 2.616937446594238281e+01
2.960000038146972656e+00 5.000000000000000000e+01 4.434759902954101562e+01
2.309000015258789062e+01 2.000000000000000000e+01 4.785685539245605469e+00
1.165999984741210938e+01 2.979999923706054688e+01 1.783523941040039062e+01
6.579999923706054688e+00 2.310000038146972656e+01 3.498714828491210938e+01
9.970000267028808594e+00 1.929999923706054688e+01 2.028522682189941406e+01
3.319999933242797852e+00 5.000000000000000000e+01 2.778217506408691406e+01
9.470000267028808594e+00 2.500000000000000000e+01 3.060784530639648438e+01
7.510000228881835938e+00 2.289999961853027344e+01 2.918987655639648438e+01
3.160000085830688477e+00 5.000000000000000000e+01 3.303418350219726562e+01
8.229999542236328125e+00 2.200000000000000000e+01 2.134317398071289062e+01
6.900000095367431641e+00 3.010000038146972656e+01 2.687962532043457031e+01
2.123999977111816406e+01 1.330000019073486328e+01 1.696757698059082031e+01
1.845999908447265625e+01 1.850000000000000000e+01 1.776918792724609375e+01
2.287999916076660156e+01 1.280000019073486328e+01 4.162014961242675781e+00
7.429999828338623047e+00 2.410000038146972656e+01 3.523468017578125000e+01
1.694000053405761719e+01 1.350000000000000000e+01 1.063351821899414062e+01
1.418999958038330078e+01 1.989999961853027344e+01 1.875597000122070312e+01
1.310999965667724609e+01 2.139999961853027344e+01 1.949495506286621094e+01
5.489999771118164062e+00 3.270000076293945312e+01 2.703673171997070312e+01
1.164000034332275391e+01 2.270000076293945312e+01 1.668124198913574219e+01
1.111999988555908203e+01 2.300000000000000000e+01 1.916994094848632812e+01
4.730000019073486328e+00 3.150000000000000000e+01 2.850321578979492188e+01
1.173999977111816406e+01 1.850000000000000000e+01 1.631126976013183594e+01
3.759999990463256836e+00 4.540000152587890625e+01 3.159360885620117188e+01
4.320000171661376953e+00 3.079999923706054688e+01 2.213921165466308594e+01
6.650000095367431641e+00 2.839999961853027344e+01 3.261695861816406250e+01
1.413000011444091797e+01 1.989999961853027344e+01 1.915346717834472656e+01
1.293000030517578125e+01 2.010000038146972656e+01 2.093072891235351562e+01
6.530000209808349609e+00 2.660000038146972656e+01 2.112445449829101562e+01
1.410000038146972656e+01 2.150000000000000000e+01 1.854259109497070312e+01
1.465999984741210938e+01 2.439999961853027344e+01 1.905479240417480469e+01
2.968000030517578125e+01 8.100000381469726562e+00 1.231661796569824219e+01
9.279999732971191406e+00 2.379999923706054688e+01 1.913093376159667969e+01
1.481000041961669922e+01 1.660000038146972656e+01 1.682326889038085938e+01
5.500000000000000000e+00 2.360000038146972656e+01 2.693736267089843750e+01
