2.407999992370605469e+01 9.500000000000000000e+00 1.318754005432128906e+01
1.314999961853027344e+01 1.870000076293945312e+01 2.034858703613281250e+01
1.382999992370605469e+01 1.960000038146972656e+01 1.521745777130126953e+01
1.613999938964843750e+01 1.310000038146972656e+01 1.766493415832519531e+01
1.050000000000000000e+01 2.300000000000000000e+01 1.897289466857910156e+01
1.293000030517578125e+01 2.010000038146972656e+01 2.095191764831542969e+01
1.057999992370605469e+01 2.120000076293945312e+01 1.980586433410644531e+01
5.679999828338623047e+00 2.220000076293945312e+01 1.909211540222167969e+01
5.489999771118164062e+00 3.270000076293945312e+01 2.410185050964355469e+01
1.267000007629394531e+01 1.720000076293945312e+01 2.256187057495117188e+01
1.772999954223632812e+01 1.519999980926513672e+01 1.522663879394531250e+01
1.870999908447265625e+01 1.489999961853027344e+01 1.861707687377929688e+01
1.812999916076660156e+01 1.910000038146972656e+01 1.408376502990722656e+01
3.700000047683715820e+00 5.000000000000000000e+01 4.466926193237304688e+01
7.730000019073486328e+00 2.439999961853027344e+01 2.476407051086425781e+01
6.579999923706054688e+00 3.520000076293945312e+01 2.319356346130371094e+01
1.213000011444091797e+01 2.789999961853027344e+01 2.270789909362792969e+01
1.978000068664550781e+01 2.750000000000000000e+01 9.754175186157226562e+00
3.440999984741210938e+01 1.439999961853027344e+01 1.406713390350341797e+01
2.993000030517578125e+01 1.650000000000000000e+01 5.574135780334472656e+00
9.800000190734863281e+00 1.950000000000000000e+01 1.858776855468750000e+01
9.500000000000000000e+00 2.500000000000000000e+01 2.206705284118652344e+01
1.510000038146972656e+01 1.750000000000000000e+01 1.685680007934570312e+01
2.360000038146972656e+01 1.130000019073486328e+01 8.690187454223632812e+00
9.710000038146972656e+00 2.670000076293945312e+01 2.444002914428710938e+01
3.759999990463256836e+00 4.540000152587890625e+01 4.810424423217773438e+01
7.739999771118164062e+00 2.370000076293945312e+01 2.635405349731445312e+01
6.650000095367431641e+00 2.839999961853027344e+01 3.271279144287109375e+01
3.062999916076660156e+01 8.800000190734863281e+00 9.968770980834960938e+00
1.727000045776367188e+01 2.170000076293945312e+01 1.475011253356933594e+01
1.227000045776367188e+01 1.979999923706054688e+01 1.863768577575683594e+01
5.909999847412109375e+00 4.879999923706054688e+01 2.388723373413085938e+01
1.226000022888183594e+01 1.960000038146972656e+01 1.862295532226562500e+01
1.879999923706054688e+01 1.660000038146972656e+01 1.904571533203125000e+01
3.160000085830688477e+00 4.350000000000000000e+01 4.989925384521484375e+01
1.303999996185302734e+01 1.450000000000000000e+01 1.897506904602050781e+01
1.865999984741210938e+01 1.950000000000000000e+01 1.581073474884033203e+01
4.860000133514404297e+00 3.309999847412109375e+01 3.343540573120117188e+01
4.159999847412109375e+00 3.309999847412109375e+01 4.101544189453125000e+01
1.760000038146972656e+01 1.779999923706054688e+01 2.301912307739257812e+01
3.589999914169311523e+00 2.479999923706054688e+01 3.666735076904296875e+01
1.813999938964843750e+01 1.380000019073486328e+01 1.365835094451904297e+01
1.264000034332275391e+01 1.610000038146972656e+01 2.068591308593750000e+01
1.140999984741210938e+01 2.000000000000000000e+01 2.094858741760253906e+01
1.044999980926513672e+01 1.850000000000000000e+01 2.276555252075195312e+01
1.334000015258789062e+01 2.060000038146972656e+01 2.235128593444824219e+01
1.278999996185302734e+01 2.220000076293945312e+01 1.833161163330078125e+01
7.389999866485595703e+00 2.329999923706054688e+01 2.332901573181152344e+01
7.219999790191650391e+00 2.389999961853027344e+01 2.987613487243652344e+01
1.812999916076660156e+01 1.410000038146972656e+01 1.408376502990722656e+01
