1.497999954223632812e+01 1.910000038146972656e+01 1.398143672943115234e+01
2.968000030517578125e+01 8.100000381469726562e+00 1.073153114318847656e+01
3.920000076293945312e+00 4.670000076293945312e+01 3.803791809082031250e+01
5.489999771118164062e+00 2.410000038146972656e+01 2.445558929443359375e+01
1.720999908447265625e+01 1.039999961853027344e+01 1.379364776611328125e+01
1.992000007629394531e+01 8.500000000000000000e+00 1.254185199737548828e+01
1.620999908447265625e+01 1.879999923706054688e+01 1.679123497009277344e+01
1.285999965667724609e+01 2.250000000000000000e+01 1.909694671630859375e+01
9.500000000000000000e+00 2.500000000000000000e+01 2.202993011474609375e+01
3.009999990463256836e+00 4.600000000000000000e+01 3.191610145568847656e+01
4.590000152587890625e+00 3.540000152587890625e+01 3.124783515930175781e+01
1.436999988555908203e+01 2.200000000000000000e+01 2.196225166320800781e+01
5.679999828338623047e+00 2.220000076293945312e+01 3.242017745971679688e+01
2.327000045776367188e+01 1.339999961853027344e+01 1.335917663574218750e+01
7.139999866485595703e+00 2.320000076293945312e+01 2.570938110351562500e+01
6.050000190734863281e+00 3.320000076293945312e+01 2.197316741943359375e+01
2.438999938964843750e+01 8.300000190734863281e+00 9.072588086128234863e-01
2.145000076293945312e+01 1.539999961853027344e+01 2.074308967590332031e+01
1.314999961853027344e+01 2.960000038146972656e+01 1.868377685546875000e+01
1.147999954223632812e+01 2.270000076293945312e+01 1.764188957214355469e+01
4.590000152587890625e+00 4.129999923706054688e+01 3.124783515930175781e+01
1.014999961853027344e+01 2.050000000000000000e+01 2.328082466125488281e+01
1.480000019073486328e+01 1.889999961853027344e+01 2.472179222106933594e+01
9.619999885559082031e+00 2.389999961853027344e+01 2.656850433349609375e+01
1.868000030517578125e+01 1.670000076293945312e+01 1.734799957275390625e+01
4.980000019073486328e+00 2.400000000000000000e+01 2.358379554748535156e+01
3.109999895095825195e+00 4.229999923706054688e+01 4.401443862915039062e+01
2.131999969482421875e+01 1.330000019073486328e+01 1.907635498046875000e+01
8.100000381469726562e+00 3.650000000000000000e+01 2.510904502868652344e+01
1.310999965667724609e+01 2.139999961853027344e+01 1.590319442749023438e+01
1.410000038146972656e+01 2.079999923706054688e+01 2.146737670898437500e+01
3.440999984741210938e+01 1.439999961853027344e+01 1.348991966247558594e+01
7.599999904632568359e+00 3.010000038146972656e+01 2.229992675781250000e+01
9.289999961853027344e+00 1.870000076293945312e+01 1.937459182739257812e+01
5.389999866485595703e+00 3.490000152587890625e+01 2.342856216430664062e+01
1.309000015258789062e+01 1.739999961853027344e+01 1.507910823822021484e+01
1.710000038146972656e+01 1.889999961853027344e+01 1.683642005920410156e+01
1.901000022888183594e+01 1.269999980926513672e+01 1.265527915954589844e+01
5.329999923706054688e+00 3.620000076293945312e+01 2.934960365295410156e+01
1.719000053405761719e+01 1.620000076293945312e+01 1.278791999816894531e+01
5.190000057220458984e+00 2.370000076293945312e+01 2.863155937194824219e+01
2.579000091552734375e+01 7.500000000000000000e+00 4.329538822174072266e+00
9.689999580383300781e+00 2.870000076293945312e+01 2.141062927246093750e+01
1.410000038146972656e+01 1.829999923706054688e+01 2.146737670898437500e+01
5.119999885559082031e+00 5.000000000000000000e+01 3.373182678222656250e+01
1.397999954223632812e+01 2.639999961853027344e+01 1.873373794555664062e+01
8.050000190734863281e+00 1.820000076293945312e+01 3.096104621887207031e+01
8.470000267028808594e+00 1.989999961853027344e+01 2.079092597961425781e+01
1.202999973297119141e+01 1.610000038146972656e+01 1.915588188171386719e+01
6.719999790191650391e+00 2.420000076293945312e+01 2.386028099060058594e+01
