1.360999965667724609e+01 1.929999923706054688e+01 1.012772083282470703e+01
1.351000022888183594e+01 2.329999923706054688e+01 1.341421985626220703e+01
1.286999988555908203e+01 1.960000038146972656e+01 1.169215106964111328e+01
1.992000007629394531e+01 8.500000000000000000e+00 1.233263397216796875e+01
8.260000228881835938e+00 2.039999961853027344e+01 1.507894420623779297e+01
1.568999958038330078e+01 1.019999980926513672e+01 2.048988914489746094e+01
2.438999938964843750e+01 8.300000190734863281e+00 3.864604473114013672e+00
6.360000133514404297e+00 2.370000076293945312e+01 2.120861625671386719e+01
9.510000228881835938e+00 2.479999923706054688e+01 3.326527023315429688e+01
3.529999971389770508e+00 3.240000152587890625e+01 3.455451583862304688e+01
9.500000000000000000e+00 2.200000000000000000e+01 2.501916313171386719e+01
2.455999946594238281e+01 1.230000019073486328e+01 1.923692464828491211e+00
2.152000045776367188e+01 1.100000000000000000e+01 4.779355525970458984e+00
1.646999931335449219e+01 1.950000000000000000e+01 1.473649692535400391e+01
1.845999908447265625e+01 1.850000000000000000e+01 1.234161376953125000e+01
1.871999931335449219e+01 1.519999980926513672e+01 2.013856506347656250e+01
2.960000038146972656e+00 5.000000000000000000e+01 3.356552505493164062e+01
1.227000045776367188e+01 1.979999923706054688e+01 1.950275039672851562e+01
3.809999942779541016e+00 4.850000000000000000e+01 4.359288024902343750e+01
1.202999973297119141e+01 1.910000038146972656e+01 1.611926269531250000e+01
6.900000095367431641e+00 3.010000038146972656e+01 1.823772430419921875e+01
1.977000045776367188e+01 8.300000190734863281e+00 1.210719966888427734e+01
1.382999992370605469e+01 1.960000038146972656e+01 9.228211402893066406e+00
1.250000000000000000e+01 1.760000038146972656e+01 2.055293846130371094e+01
6.530000209808349609e+00 2.660000038146972656e+01 2.281810379028320312e+01
5.570000171661376953e+00 2.060000038146972656e+01 1.591515541076660156e+01
6.150000095367431641e+00 2.300000000000000000e+01 2.327274894714355469e+01
6.050000190734863281e+00 3.320000076293945312e+01 2.252219963073730469e+01
5.039999961853027344e+00 3.720000076293945312e+01 3.047947692871093750e+01
8.579999923706054688e+00 2.389999961853027344e+01 1.126849651336669922e+01
9.710000038146972656e+00 2.670000076293945312e+01 2.027248191833496094e+01
1.310999965667724609e+01 2.139999961853027344e+01 1.047618389129638672e+01
1.165999984741210938e+01 2.979999923706054688e+01 2.155104637145996094e+01
1.122000026702880859e+01 2.220000076293945312e+01 1.705276679992675781e+01
7.179999828338623047e+00 2.389999961853027344e+01 2.209368133544921875e+01
1.327000045776367188e+01 1.889999961853027344e+01 1.599073505401611328e+01
5.900000095367431641e+00 2.439999961853027344e+01 1.718008422851562500e+01
1.659000015258789062e+01 1.839999961853027344e+01 1.424089145660400391e+01
2.663999938964843750e+01 1.039999961853027344e+01 3.924865007400512695e+00
1.620000076293945312e+01 1.939999961853027344e+01 1.820200920104980469e+01
1.712000083923339844e+01 1.310000038146972656e+01 1.869233703613281250e+01
5.289999961853027344e+00 2.189999961853027344e+01 3.265602874755859375e+01
1.763999938964843750e+01 1.450000000000000000e+01 1.987351036071777344e+01
1.088000011444091797e+01 2.400000000000000000e+01 2.188689994812011719e+01
5.190000057220458984e+00 2.370000076293945312e+01 2.788335227966308594e+01
2.540999984741210938e+01 1.729999923706054688e+01 3.086600065231323242e+00
7.670000076293945312e+00 2.650000000000000000e+01 2.405869674682617188e+01
2.970000028610229492e+00 5.000000000000000000e+01 3.375386047363281250e+01
1.413000011444091797e+01 1.989999961853027344e+01 1.866105461120605469e+01
1.232999992370605469e+01 2.010000038146972656e+01 1.966555786132812500e+01
