1.335000038146972656e+01 2.010000038146972656e+01 2.130479431152343750e+01
2.681999969482421875e+01 1.339999961853027344e+01 3.099205732345581055e+00
2.438999938964843750e+01 8.300000190734863281e+00 5.449753761291503906e+00
1.481000041961669922e+01 1.660000038146972656e+01 2.137146186828613281e+01
1.478999996185302734e+01 3.070000076293945312e+01 2.049884796142578125e+01
2.178000068664550781e+01 1.019999980926513672e+01 2.294265747070312500e+00
1.125000000000000000e+01 3.100000000000000000e+01 1.967079353332519531e+01
2.145999908447265625e+01 2.170000076293945312e+01 9.902504920959472656e+00
6.619999885559082031e+00 3.459999847412109375e+01 2.606401443481445312e+01
8.770000457763671875e+00 2.100000000000000000e+01 2.054771423339843750e+01
7.429999828338623047e+00 2.410000038146972656e+01 3.448852539062500000e+01
1.144999980926513672e+01 2.060000038146972656e+01 1.682351493835449219e+01
1.992000007629394531e+01 8.500000000000000000e+00 1.250830841064453125e+01
1.469999980926513672e+01 2.000000000000000000e+01 2.228218078613281250e+01
8.199999809265136719e+00 2.200000000000000000e+01 2.043777084350585938e+01
4.809999942779541016e+00 3.540000152587890625e+01 3.612289047241210938e+01
8.430000305175781250e+00 2.339999961853027344e+01 1.453091239929199219e+01
6.780000209808349609e+00 2.410000038146972656e+01 1.996327972412109375e+01
3.539999961853027344e+00 4.279999923706054688e+01 3.290003204345703125e+01
8.010000228881835938e+00 2.110000038146972656e+01 2.254121971130371094e+01
1.937000083923339844e+01 1.250000000000000000e+01 1.106201648712158203e+01
1.868000030517578125e+01 1.670000076293945312e+01 1.294751644134521484e+01
6.190000057220458984e+00 3.320000076293945312e+01 2.377752113342285156e+01
1.021000003814697266e+01 1.929999923706054688e+01 1.988925933837890625e+01
6.360000133514404297e+00 2.370000076293945312e+01 2.732849311828613281e+01
1.832999992370605469e+01 1.779999923706054688e+01 1.359859943389892578e+01
4.449999809265136719e+00 5.000000000000000000e+01 3.287176895141601562e+01
3.160000085830688477e+00 4.350000000000000000e+01 4.988998413085937500e+01
8.439999580383300781e+00 2.220000076293945312e+01 1.495277309417724609e+01
1.757999992370605469e+01 1.879999923706054688e+01 1.824886322021484375e+01
6.530000209808349609e+00 2.660000038146972656e+01 2.366604042053222656e+01
1.435999965667724609e+01 2.320000076293945312e+01 2.049524879455566406e+01
1.480000019073486328e+01 1.889999961853027344e+01 2.087311744689941406e+01
1.467000007629394531e+01 1.750000000000000000e+01 2.377177238464355469e+01
1.464999961853027344e+01 1.770000076293945312e+01 2.052181053161621094e+01
2.260000038146972656e+01 1.269999980926513672e+01 3.073948860168457031e+00
9.880000114440917969e+00 2.170000076293945312e+01 2.388724517822265625e+01
1.227000045776367188e+01 1.979999923706054688e+01 1.717360115051269531e+01
1.812999916076660156e+01 1.410000038146972656e+01 1.409833717346191406e+01
1.398999977111816406e+01 1.950000000000000000e+01 2.405022811889648438e+01
1.659000015258789062e+01 1.839999961853027344e+01 1.299776554107666016e+01
5.030000209808349609e+00 3.110000038146972656e+01 3.439916992187500000e+01
7.880000114440917969e+00 1.189999961853027344e+01 2.533976554870605469e+01
1.026000022888183594e+01 1.820000076293945312e+01 2.020350646972656250e+01
3.759999990463256836e+00 3.150000000000000000e+01 4.538541793823242188e+01
1.334000015258789062e+01 2.060000038146972656e+01 2.211911392211914062e+01
1.727000045776367188e+01 2.170000076293945312e+01 1.394478797912597656e+01
2.869999885559082031e+00 3.640000152587890625e+01 2.090826416015625000e+01
2.062000083923339844e+01 8.800000190734863281e+00 5.764358997344970703e+00
6.579999923706054688e+00 3.520000076293945312e+01 2.317627334594726562e+01
