9.810000419616699219e+00 2.500000000000000000e+01 1.792191886901855469e+01
1.138000011444091797e+01 2.200000000000000000e+01 1.993008804321289062e+01
1.410000038146972656e+01 2.150000000000000000e+01 1.955797576904296875e+01
6.570000171661376953e+00 2.189999961853027344e+01 2.829690170288085938e+01
9.680000305175781250e+00 1.889999961853027344e+01 2.546305847167968750e+01
5.889999866485595703e+00 2.660000038146972656e+01 2.437569046020507812e+01
1.414999961853027344e+01 2.000000000000000000e+01 1.946410751342773438e+01
1.197999954223632812e+01 2.100000000000000000e+01 2.025638580322265625e+01
1.476000022888183594e+01 2.010000038146972656e+01 2.676119995117187500e+01
1.303999996185302734e+01 1.450000000000000000e+01 1.860014152526855469e+01
1.027000045776367188e+01 2.079999923706054688e+01 1.876329994201660156e+01
3.697999954223632812e+01 7.000000000000000000e+00 1.137663389272347558e-06
1.757999992370605469e+01 1.879999923706054688e+01 1.833847808837890625e+01
2.681999969482421875e+01 1.339999961853027344e+01 4.184422969818115234e+00
1.168999958038330078e+01 2.020000076293945312e+01 2.394473075866699219e+01
3.797000122070312500e+01 1.380000019073486328e+01 7.642216859338191171e-10
7.599999904632568359e+00 2.229999923706054688e+01 3.242468261718750000e+01
1.720999908447265625e+01 1.039999961853027344e+01 1.692916297912597656e+01
1.792000007629394531e+01 2.150000000000000000e+01 1.938408088684082031e+01
3.920000076293945312e+00 4.670000076293945312e+01 3.821176147460937500e+01
4.690000057220458984e+00 3.050000000000000000e+01 2.633808898925781250e+01
6.619999885559082031e+00 3.459999847412109375e+01 2.618029212951660156e+01
1.977000045776367188e+01 8.300000190734863281e+00 2.548751640319824219e+01
2.639999961853027344e+01 1.720000076293945312e+01 1.337688636779785156e+01
9.800000190734863281e+00 1.950000000000000000e+01 1.778813743591308594e+01
1.044999980926513672e+01 2.279999923706054688e+01 1.851942443847656250e+01
1.620999908447265625e+01 1.879999923706054688e+01 1.679065132141113281e+01
9.039999961853027344e+00 2.360000038146972656e+01 1.786379051208496094e+01
6.050000190734863281e+00 3.320000076293945312e+01 2.390948295593261719e+01
9.100000381469726562e+00 2.029999923706054688e+01 1.993516349792480469e+01
3.402000045776367188e+01 8.399999618530273438e+00 8.081164360046386719e-01
3.436999893188476562e+01 1.789999961853027344e+01 1.071237754821777344e+01
1.227000045776367188e+01 1.979999923706054688e+01 1.934822082519531250e+01
7.190000057220458984e+00 2.910000038146972656e+01 2.378902053833007812e+01
5.210000038146972656e+00 2.870000076293945312e+01 2.582610702514648438e+01
2.470000028610229492e+00 4.170000076293945312e+01 2.846752405166625977e+00
9.289999961853027344e+00 1.870000076293945312e+01 2.361672592163085938e+01
1.730999946594238281e+01 1.560000038146972656e+01 1.326071548461914062e+01
1.727000045776367188e+01 1.610000038146972656e+01 2.157048034667968750e+01
1.502000045776367188e+01 1.560000038146972656e+01 1.832633399963378906e+01
9.510000228881835938e+00 2.479999923706054688e+01 2.415291213989257812e+01
8.199999809265136719e+00 2.200000000000000000e+01 2.165420913696289062e+01
4.610000133514404297e+00 3.120000076293945312e+01 4.358417510986328125e+01
9.590000152587890625e+00 3.379999923706054688e+01 2.200913047790527344e+01
1.334000015258789062e+01 2.060000038146972656e+01 2.152297782897949219e+01
1.812999916076660156e+01 1.410000038146972656e+01 1.654907226562500000e+01
3.759999990463256836e+00 3.150000000000000000e+01 4.537776565551757812e+01
1.131999969482421875e+01 2.229999923706054688e+01 1.991682243347167969e+01
1.517000007629394531e+01 1.380000019073486328e+01 1.390842437744140625e+01
1.150000000000000000e+01 1.620000076293945312e+01 2.114076042175292969e+01
