4.210000038146972656e+00 3.870000076293945312e+01 3.165946388244628906e+01
4.159999847412109375e+00 3.309999847412109375e+01 3.232757186889648438e+01
2.996999931335449219e+01 6.300000190734863281e+00 9.277944564819335938e+00
2.779999923706054688e+01 1.380000019073486328e+01 5.894456386566162109e+00
3.920000076293945312e+00 4.670000076293945312e+01 4.734247970581054688e+01
5.989999771118164062e+00 2.450000000000000000e+01 2.207909584045410156e+01
1.410000038146972656e+01 2.150000000000000000e+01 2.025377464294433594e+01
1.536999988555908203e+01 2.039999961853027344e+01 1.128956317901611328e+01
2.273999977111816406e+01 8.399999618530273438e+00 1.107990932464599609e+01
3.329999923706054688e+00 2.850000000000000000e+01 4.289629745483398438e+01
3.109999895095825195e+00 4.229999923706054688e+01 4.393775939941406250e+01
6.150000095367431641e+00 2.300000000000000000e+01 2.215184211730957031e+01
1.010999965667724609e+01 2.320000076293945312e+01 2.447860145568847656e+01
8.050000190734863281e+00 1.820000076293945312e+01 1.185506629943847656e+01
1.760000038146972656e+01 2.310000038146972656e+01 1.410569190979003906e+01
5.250000000000000000e+00 3.170000076293945312e+01 2.838289260864257812e+01
5.980000019073486328e+00 2.289999961853027344e+01 2.211610794067382812e+01
2.085000038146972656e+01 1.150000000000000000e+01 7.243154525756835938e+00
1.410000038146972656e+01 2.079999923706054688e+01 2.025377464294433594e+01
1.464999961853027344e+01 1.770000076293945312e+01 2.391850280761718750e+01
4.539999961853027344e+00 2.279999923706054688e+01 2.965470123291015625e+01
5.210000038146972656e+00 2.870000076293945312e+01 2.857023048400878906e+01
1.727000045776367188e+01 2.170000076293945312e+01 1.542727756500244141e+01
2.869999885559082031e+00 3.640000152587890625e+01 2.963727951049804688e+01
8.939999580383300781e+00 2.139999961853027344e+01 2.147753143310546875e+01
7.510000228881835938e+00 2.289999961853027344e+01 3.389285659790039062e+01
3.697999954223632812e+01 7.000000000000000000e+00 7.877974421717226505e-04
1.576000022888183594e+01 1.829999923706054688e+01 9.102697372436523438e+00
3.730000019073486328e+00 5.000000000000000000e+01 4.462764358520507812e+01
1.260000038146972656e+01 1.920000076293945312e+01 2.072432136535644531e+01
8.229999542236328125e+00 2.200000000000000000e+01 1.251690959930419922e+01
1.264000034332275391e+01 1.610000038146972656e+01 2.172002410888671875e+01
7.900000095367431641e+00 2.160000038146972656e+01 1.194873332977294922e+01
1.227000045776367188e+01 1.979999923706054688e+01 2.107151985168457031e+01
2.379000091552734375e+01 1.080000019073486328e+01 1.218496036529541016e+01
1.930999946594238281e+01 1.300000000000000000e+01 1.115532970428466797e+01
1.715999984741210938e+01 1.169999980926513672e+01 1.823293685913085938e+01
9.529999732971191406e+00 5.000000000000000000e+01 2.478380203247070312e+01
5.030000209808349609e+00 3.110000038146972656e+01 3.067411231994628906e+01
3.440999984741210938e+01 1.439999961853027344e+01 3.516684845089912415e-02
1.014999961853027344e+01 2.050000000000000000e+01 2.325267791748046875e+01
1.502000045776367188e+01 1.670000076293945312e+01 1.781849479675292969e+01
2.663999938964843750e+01 1.039999961853027344e+01 5.481707096099853516e+00
1.327999973297119141e+01 1.960000038146972656e+01 2.144265556335449219e+01
6.570000171661376953e+00 2.189999961853027344e+01 2.848338508605957031e+01
1.110000038146972656e+01 2.379999923706054688e+01 2.216766548156738281e+01
5.889999866485595703e+00 2.660000038146972656e+01 2.360700035095214844e+01
8.050000190734863281e+00 2.900000000000000000e+01 1.185506629943847656e+01
5.119999885559082031e+00 5.000000000000000000e+01 2.936042785644531250e+01
2.993000030517578125e+01 1.650000000000000000e+01 9.569112777709960938e+00
