2.152000045776367188e+01 1.100000000000000000e+01 5.465222358703613281e+00
6.190000057220458984e+00 3.320000076293945312e+01 2.475034713745117188e+01
1.250000000000000000e+01 1.760000038146972656e+01 1.565685462951660156e+01
5.639999866485595703e+00 2.389999961853027344e+01 1.887360954284667969e+01
1.432999992370605469e+01 1.679999923706054688e+01 1.793622398376464844e+01
1.835000038146972656e+01 1.310000038146972656e+01 8.941193580627441406e+00
4.849999904632568359e+00 3.509999847412109375e+01 3.402450180053710938e+01
1.695999908447265625e+01 1.810000038146972656e+01 1.684147644042968750e+01
1.793000030517578125e+01 2.050000000000000000e+01 8.916669845581054688e+00
4.809999942779541016e+00 3.540000152587890625e+01 3.678002548217773438e+01
5.030000209808349609e+00 3.110000038146972656e+01 2.314205551147460938e+01
2.410000038146972656e+01 1.330000019073486328e+01 1.207417583465576172e+01
4.030000209808349609e+00 3.470000076293945312e+01 3.792071151733398438e+01
6.679999828338623047e+00 3.200000000000000000e+01 2.407744026184082031e+01
2.470000028610229492e+00 4.170000076293945312e+01 1.033356952667236328e+01
2.297999954223632812e+01 5.000000000000000000e+00 5.251960754394531250e+00
1.714999961853027344e+01 1.900000000000000000e+01 1.202745056152343750e+01
1.343999958038330078e+01 1.500000000000000000e+01 1.929713630676269531e+01
2.993000030517578125e+01 1.650000000000000000e+01 5.911266326904296875e+00
4.449999809265136719e+00 3.290000152587890625e+01 4.999322509765625000e+01
1.876000022888183594e+01 2.320000076293945312e+01 1.571626091003417969e+01
2.681999969482421875e+01 1.339999961853027344e+01 2.434050559997558594e+00
2.455999946594238281e+01 1.230000019073486328e+01 2.752471446990966797e+00
2.327000045776367188e+01 1.339999961853027344e+01 1.310158920288085938e+01
2.980000019073486328e+00 3.200000000000000000e+01 4.887425231933593750e+01
2.085000038146972656e+01 1.150000000000000000e+01 9.271385192871093750e+00
1.613999938964843750e+01 1.310000038146972656e+01 1.793437194824218750e+01
2.131999969482421875e+01 1.910000038146972656e+01 5.811977386474609375e+00
1.015999984741210938e+01 2.279999923706054688e+01 1.483017349243164062e+01
1.351000022888183594e+01 2.329999923706054688e+01 1.835949134826660156e+01
9.520000457763671875e+00 2.450000000000000000e+01 2.423780632019042969e+01
6.570000171661376953e+00 2.189999961853027344e+01 2.582515525817871094e+01
1.418999958038330078e+01 1.989999961853027344e+01 1.963972473144531250e+01
2.831999969482421875e+01 1.779999923706054688e+01 2.189757823944091797e+00
1.063000011444091797e+01 1.860000038146972656e+01 2.057023048400878906e+01
2.438999938964843750e+01 8.300000190734863281e+00 4.319815635681152344e+00
4.539999961853027344e+00 2.279999923706054688e+01 4.298375320434570312e+01
1.044999980926513672e+01 1.850000000000000000e+01 2.096173095703125000e+01
1.057999992370605469e+01 2.120000076293945312e+01 2.043433189392089844e+01
6.619999885559082031e+00 3.459999847412109375e+01 2.449329376220703125e+01
7.789999961853027344e+00 1.860000038146972656e+01 2.102566528320312500e+01
2.677000045776367188e+01 5.599999904632568359e+00 2.818498611450195312e+00
1.028999996185302734e+01 2.020000076293945312e+01 1.970396232604980469e+01
2.329000091552734375e+01 1.339999961853027344e+01 1.267095851898193359e+01
1.576000022888183594e+01 1.829999923706054688e+01 1.285372924804687500e+01
1.635000038146972656e+01 1.269999980926513672e+01 1.635688591003417969e+01
6.150000095367431641e+00 2.300000000000000000e+01 2.468111228942871094e+01
9.680000305175781250e+00 1.889999961853027344e+01 2.554437446594238281e+01
9.449999809265136719e+00 3.620000076293945312e+01 2.429694938659667969e+01
7.190000057220458984e+00 2.910000038146972656e+01 2.384218597412109375e+01
