1.719000053405761719e+01 1.620000076293945312e+01 1.950203323364257812e+01
1.300000000000000000e+01 2.110000038146972656e+01 1.556136608123779297e+01
2.779999923706054688e+01 1.380000019073486328e+01 1.231170368194580078e+01
1.264000034332275391e+01 1.610000038146972656e+01 2.057005500793457031e+01
1.710000038146972656e+01 1.889999961853027344e+01 1.728095245361328125e+01
1.803000068664550781e+01 1.460000038146972656e+01 1.003013801574707031e+01
1.793000030517578125e+01 2.050000000000000000e+01 1.179232692718505859e+01
3.160000085830688477e+00 4.350000000000000000e+01 4.958389282226562500e+01
7.429999828338623047e+00 2.410000038146972656e+01 2.310173225402832031e+01
2.145000076293945312e+01 1.539999961853027344e+01 6.440751552581787109e+00
9.710000038146972656e+00 2.670000076293945312e+01 1.918337440490722656e+01
4.699999809265136719e+00 2.789999961853027344e+01 3.643569564819335938e+01
1.806999969482421875e+01 1.360000038146972656e+01 9.883574485778808594e+00
2.880000114440917969e+00 5.000000000000000000e+01 4.610030364990234375e+01
4.730000019073486328e+00 3.150000000000000000e+01 3.597350311279296875e+01
1.930999946594238281e+01 1.300000000000000000e+01 2.161268806457519531e+01
1.147999954223632812e+01 2.270000076293945312e+01 2.038053512573242188e+01
1.243000030517578125e+01 2.289999961853027344e+01 2.025299453735351562e+01
5.079999923706054688e+00 2.460000038146972656e+01 3.231255722045898438e+01
9.420000076293945312e+00 2.750000000000000000e+01 1.902087020874023438e+01
5.679999828338623047e+00 2.220000076293945312e+01 2.432798004150390625e+01
5.039999961853027344e+00 3.720000076293945312e+01 3.257505035400390625e+01
4.139999866485595703e+00 4.479999923706054688e+01 2.907471275329589844e+01
1.173999977111816406e+01 1.850000000000000000e+01 1.979255485534667969e+01
1.168999958038330078e+01 2.020000076293945312e+01 1.982695960998535156e+01
1.086999988555908203e+01 2.260000038146972656e+01 2.047821044921875000e+01
1.164999961853027344e+01 2.429999923706054688e+01 1.988132095336914062e+01
1.711000061035156250e+01 1.510000038146972656e+01 1.752212905883789062e+01
8.430000305175781250e+00 2.339999961853027344e+01 2.465049934387207031e+01
1.056000041961669922e+01 1.850000000000000000e+01 1.877350616455078125e+01
2.034000015258789062e+01 1.350000000000000000e+01 7.128704071044921875e+00
1.360999965667724609e+01 1.929999923706054688e+01 1.869796943664550781e+01
2.726000022888183594e+01 1.569999980926513672e+01 8.802492141723632812e+00
1.459000015258789062e+01 1.710000038146972656e+01 1.758683204650878906e+01
4.860000133514404297e+00 3.309999847412109375e+01 3.424821090698242188e+01
5.280000209808349609e+00 2.500000000000000000e+01 3.090012359619140625e+01
1.969000053405761719e+01 1.410000038146972656e+01 1.053467845916748047e+01
4.079999923706054688e+00 3.329999923706054688e+01 2.858922386169433594e+01
7.789999961853027344e+00 2.500000000000000000e+01 2.540503311157226562e+01
4.630000114440917969e+00 5.000000000000000000e+01 3.761037826538085938e+01
1.260000038146972656e+01 1.920000076293945312e+01 2.045756340026855469e+01
3.059000015258789062e+01 5.000000000000000000e+00 3.664058208465576172e+00
1.987999916076660156e+01 1.450000000000000000e+01 8.442821502685546875e+00
1.978000068664550781e+01 2.750000000000000000e+01 8.386884689331054688e+00
5.909999847412109375e+00 4.879999923706054688e+01 2.663092041015625000e+01
9.680000305175781250e+00 1.889999961853027344e+01 1.911081123352050781e+01
5.500000000000000000e+00 2.360000038146972656e+01 2.713394546508789062e+01
2.145999908447265625e+01 2.170000076293945312e+01 6.460654735565185547e+00
2.540999984741210938e+01 1.729999923706054688e+01 6.699832439422607422e+00
5.699999809265136719e+00 2.870000076293945312e+01 2.450633811950683594e+01
