2.260000038146972656e+01 1.269999980926513672e+01 7.457708358764648438e+00
4.670000076293945312e+00 2.350000000000000000e+01 4.662301254272460938e+01
7.179999828338623047e+00 2.389999961853027344e+01 2.131207466125488281e+01
1.620999908447265625e+01 1.879999923706054688e+01 1.858506011962890625e+01
4.860000133514404297e+00 3.309999847412109375e+01 3.537734985351562500e+01
1.977000045776367188e+01 8.300000190734863281e+00 4.971312046051025391e+00
2.062000083923339844e+01 8.800000190734863281e+00 8.220695495605468750e+00
2.045000076293945312e+01 1.500000000000000000e+01 6.622737407684326172e+00
1.052999973297119141e+01 1.750000000000000000e+01 1.980610656738281250e+01
1.335000038146972656e+01 2.010000038146972656e+01 2.241872215270996094e+01
7.119999885559082031e+00 2.750000000000000000e+01 2.170174789428710938e+01
1.510000038146972656e+01 1.750000000000000000e+01 6.838801383972167969e+00
2.663999938964843750e+01 1.039999961853027344e+01 2.049444913864135742e+00
1.035999965667724609e+01 2.310000038146972656e+01 1.908100891113281250e+01
1.310999965667724609e+01 2.139999961853027344e+01 2.082056808471679688e+01
9.739999771118164062e+00 1.900000000000000000e+01 2.764552497863769531e+01
1.578999996185302734e+01 1.939999961853027344e+01 1.588808059692382812e+01
1.792000007629394531e+01 2.150000000000000000e+01 1.438658809661865234e+01
1.728000068664550781e+01 1.480000019073486328e+01 1.257960700988769531e+01
3.160000085830688477e+00 5.000000000000000000e+01 1.148248863220214844e+01
9.970000267028808594e+00 2.029999923706054688e+01 2.192633056640625000e+01
1.409000015258789062e+01 2.039999961853027344e+01 1.127848720550537109e+01
1.621999931335449219e+01 1.430000019073486328e+01 1.843036842346191406e+01
5.900000095367431641e+00 2.439999961853027344e+01 4.754061126708984375e+01
3.059000015258789062e+01 5.000000000000000000e+00 5.411145091056823730e-01
1.059000015258789062e+01 2.060000038146972656e+01 2.044222640991210938e+01
2.287999916076660156e+01 1.280000019073486328e+01 1.246601200103759766e+01
1.063000011444091797e+01 1.860000038146972656e+01 2.098097801208496094e+01
4.079999923706054688e+00 3.329999923706054688e+01 3.454654312133789062e+01
1.202999973297119141e+01 1.910000038146972656e+01 2.276335334777832031e+01
1.622999954223632812e+01 1.489999961853027344e+01 1.828091049194335938e+01
1.727000045776367188e+01 1.610000038146972656e+01 1.248288536071777344e+01
1.042000007629394531e+01 2.179999923706054688e+01 1.915817070007324219e+01
4.699999809265136719e+00 2.789999961853027344e+01 4.457465744018554688e+01
1.517000007629394531e+01 1.380000019073486328e+01 7.242306232452392578e+00
1.300000000000000000e+01 2.170000076293945312e+01 2.108109664916992188e+01
1.730999946594238281e+01 1.560000038146972656e+01 1.289101123809814453e+01
8.670000076293945312e+00 2.639999961853027344e+01 1.887624168395996094e+01
6.210000038146972656e+00 2.500000000000000000e+01 2.303061676025390625e+01
7.440000057220458984e+00 2.470000076293945312e+01 2.211335754394531250e+01
3.730000019073486328e+00 5.000000000000000000e+01 2.987181472778320312e+01
2.438999938964843750e+01 8.300000190734863281e+00 6.305616855621337891e+00
1.144999980926513672e+01 2.060000038146972656e+01 2.529753875732421875e+01
4.159999847412109375e+00 3.309999847412109375e+01 3.682417678833007812e+01
3.109999895095825195e+00 4.229999923706054688e+01 1.055882644653320312e+01
9.800000190734863281e+00 1.950000000000000000e+01 2.579642868041992188e+01
7.389999866485595703e+00 2.710000038146972656e+01 2.164342308044433594e+01
1.502000045776367188e+01 1.560000038146972656e+01 6.492985248565673828e+00
1.056000041961669922e+01 1.850000000000000000e+01 2.009872436523437500e+01
2.334000015258789062e+01 1.189999961853027344e+01 1.435373878479003906e+01
