3.198999977111816406e+01 7.400000095367431641e+00 4.006882384419441223e-02
7.199999809265136719e+00 2.379999923706054688e+01 2.277204895019531250e+01
1.568999958038330078e+01 1.019999980926513672e+01 1.228412628173828125e+01
8.100000381469726562e+00 3.650000000000000000e+01 2.077312088012695312e+01
1.014999961853027344e+01 2.050000000000000000e+01 2.276623535156250000e+01
6.650000095367431641e+00 2.839999961853027344e+01 2.227436637878417969e+01
1.792000007629394531e+01 2.150000000000000000e+01 1.980541229248046875e+01
1.436999988555908203e+01 2.200000000000000000e+01 1.416093444824218750e+01
3.329999923706054688e+00 2.850000000000000000e+01 4.855028152465820312e+01
1.435999965667724609e+01 2.320000076293945312e+01 1.404389572143554688e+01
2.397999954223632812e+01 1.180000019073486328e+01 1.929632949829101562e+01
3.009999990463256836e+00 4.600000000000000000e+01 3.165549850463867188e+01
1.502000045776367188e+01 1.670000076293945312e+01 1.796109008789062500e+01
9.539999961853027344e+00 2.510000038146972656e+01 3.553089904785156250e+01
2.396999931335449219e+01 7.000000000000000000e+00 1.854359817504882812e+01
1.410000038146972656e+01 1.829999923706054688e+01 2.114865684509277344e+01
6.360000133514404297e+00 2.310000038146972656e+01 2.369931793212890625e+01
8.050000190734863281e+00 1.820000076293945312e+01 2.044212150573730469e+01
2.131999969482421875e+01 1.910000038146972656e+01 1.330427360534667969e+01
5.900000095367431641e+00 2.439999961853027344e+01 2.650228881835937500e+01
1.517000007629394531e+01 1.380000019073486328e+01 1.169914436340332031e+01
1.397999954223632812e+01 2.639999961853027344e+01 1.390594291687011719e+01
1.977000045776367188e+01 8.300000190734863281e+00 2.623297309875488281e+01
8.880000114440917969e+00 5.000000000000000000e+01 2.490065574645996094e+01
1.673999977111816406e+01 1.779999923706054688e+01 1.173819541931152344e+01
9.449999809265136719e+00 3.620000076293945312e+01 3.255060958862304688e+01
1.481000041961669922e+01 2.139999961853027344e+01 1.841419410705566406e+01
1.476000022888183594e+01 2.010000038146972656e+01 1.735761833190917969e+01
9.430000305175781250e+00 2.050000000000000000e+01 2.911124610900878906e+01
7.119999885559082031e+00 2.750000000000000000e+01 2.052344894409179688e+01
6.289999961853027344e+00 2.460000038146972656e+01 2.532139015197753906e+01
3.259999990463256836e+00 5.000000000000000000e+01 4.424653244018554688e+01
2.123999977111816406e+01 1.330000019073486328e+01 1.097519111633300781e+01
1.664999961853027344e+01 1.560000038146972656e+01 1.475831794738769531e+01
1.511999988555908203e+01 1.700000000000000000e+01 1.330488395690917969e+01
7.510000228881835938e+00 2.289999961853027344e+01 2.678127288818359375e+01
4.849999904632568359e+00 3.509999847412109375e+01 2.975137901306152344e+01
1.267000007629394531e+01 1.720000076293945312e+01 2.259750556945800781e+01
9.680000305175781250e+00 1.889999961853027344e+01 2.551719093322753906e+01
1.409000015258789062e+01 2.039999961853027344e+01 2.029415130615234375e+01
5.489999771118164062e+00 3.270000076293945312e+01 2.539917755126953125e+01
1.885000038146972656e+01 1.539999961853027344e+01 1.340371608734130859e+01
1.510000038146972656e+01 1.750000000000000000e+01 1.417321109771728516e+01
6.730000019073486328e+00 2.220000076293945312e+01 2.376131629943847656e+01
1.343999958038330078e+01 1.929999923706054688e+01 1.501536464691162109e+01
1.464999961853027344e+01 1.770000076293945312e+01 1.662022972106933594e+01
1.555000019073486328e+01 1.939999961853027344e+01 7.331174850463867188e+00
6.360000133514404297e+00 3.160000038146972656e+01 2.369931793212890625e+01
1.468999958038330078e+01 2.310000038146972656e+01 1.631429481506347656e+01
8.579999923706054688e+00 2.389999961853027344e+01 1.891428565979003906e+01
