1.835000038146972656e+01 1.310000038146972656e+01 1.738472557067871094e+01
1.695999908447265625e+01 1.810000038146972656e+01 1.238621711730957031e+01
1.300000000000000000e+01 2.110000038146972656e+01 2.061893653869628906e+01
7.670000076293945312e+00 2.650000000000000000e+01 2.162546920776367188e+01
1.622999954223632812e+01 1.489999961853027344e+01 1.434902191162109375e+01
1.409000015258789062e+01 2.039999961853027344e+01 2.133002853393554688e+01
1.059000015258789062e+01 2.060000038146972656e+01 1.917627716064453125e+01
1.603000068664550781e+01 2.239999961853027344e+01 9.720813751220703125e+00
1.805999946594238281e+01 1.519999980926513672e+01 2.249295997619628906e+01
1.418999958038330078e+01 1.989999961853027344e+01 1.916612434387207031e+01
6.360000133514404297e+00 2.310000038146972656e+01 2.765954589843750000e+01
3.759999990463256836e+00 3.150000000000000000e+01 4.321187210083007812e+01
7.139999866485595703e+00 2.320000076293945312e+01 2.615659141540527344e+01
2.211000061035156250e+01 1.050000000000000000e+01 2.318272829055786133e+00
2.779999923706054688e+01 1.380000019073486328e+01 8.673153877258300781e+00
1.343999958038330078e+01 1.929999923706054688e+01 1.797400093078613281e+01
4.840000152587890625e+00 2.660000038146972656e+01 3.210012817382812500e+01
7.389999866485595703e+00 2.710000038146972656e+01 2.335903167724609375e+01
3.319999933242797852e+00 5.000000000000000000e+01 2.883012390136718750e+01
1.010999965667724609e+01 1.500000000000000000e+01 2.336076927185058594e+01
2.031999969482421875e+01 7.199999809265136719e+00 1.819214820861816406e+00
1.056000041961669922e+01 1.850000000000000000e+01 2.004645729064941406e+01
8.010000228881835938e+00 2.110000038146972656e+01 2.596206092834472656e+01
1.772999954223632812e+01 1.519999980926513672e+01 1.281987762451171875e+01
1.511999988555908203e+01 1.700000000000000000e+01 1.247285842895507812e+01
5.079999923706054688e+00 2.460000038146972656e+01 3.494139862060546875e+01
3.059000015258789062e+01 5.000000000000000000e+00 7.395359516143798828e+00
1.689999961853027344e+01 1.739999961853027344e+01 1.247474193572998047e+01
8.470000267028808594e+00 1.989999961853027344e+01 1.810853767395019531e+01
2.273999977111816406e+01 8.399999618530273438e+00 7.301796913146972656e+00
6.860000133514404297e+00 2.329999923706054688e+01 2.717194938659667969e+01
8.789999961853027344e+00 2.089999961853027344e+01 3.263972091674804688e+01
2.645000076293945312e+01 8.699999809265136719e+00 1.444034957885742188e+01
1.969000053405761719e+01 1.410000038146972656e+01 1.157012367248535156e+01
1.023999977111816406e+01 1.939999961853027344e+01 1.852199745178222656e+01
1.227000045776367188e+01 1.979999923706054688e+01 2.108184432983398438e+01
7.119999885559082031e+00 2.750000000000000000e+01 2.538546371459960938e+01
5.889999866485595703e+00 2.660000038146972656e+01 2.409453773498535156e+01
1.344999980926513672e+01 1.970000076293945312e+01 1.811244201660156250e+01
4.849999904632568359e+00 3.509999847412109375e+01 3.255340957641601562e+01
1.885000038146972656e+01 1.539999961853027344e+01 1.686928176879882812e+01
5.989999771118164062e+00 2.450000000000000000e+01 2.387634277343750000e+01
2.323999977111816406e+01 1.389999961853027344e+01 1.083003616333007812e+01
4.690000057220458984e+00 3.050000000000000000e+01 2.590101814270019531e+01
5.210000038146972656e+00 2.870000076293945312e+01 2.361825180053710938e+01
2.968000030517578125e+01 8.100000381469726562e+00 1.571562099456787109e+01
1.243000030517578125e+01 2.289999961853027344e+01 1.710187721252441406e+01
8.199999809265136719e+00 2.200000000000000000e+01 1.968789100646972656e+01
3.080999946594238281e+01 7.199999809265136719e+00 3.821475505828857422e+00
8.100000381469726562e+00 3.650000000000000000e+01 2.199657630920410156e+01
