1.452000045776367188e+01 1.089999961853027344e+01 1.533566474914550781e+01
1.805999946594238281e+01 2.250000000000000000e+01 1.157735157012939453e+01
1.243000030517578125e+01 1.710000038146972656e+01 2.289543151855468750e+01
1.977000045776367188e+01 8.300000190734863281e+00 2.577027702331542969e+01
1.239999961853027344e+01 2.010000038146972656e+01 2.176731681823730469e+01
7.429999828338623047e+00 2.410000038146972656e+01 3.511847305297851562e+01
1.569999980926513672e+01 1.419999980926513672e+01 1.592544937133789062e+01
1.226000022888183594e+01 1.960000038146972656e+01 1.975623130798339844e+01
6.900000095367431641e+00 3.010000038146972656e+01 2.695380592346191406e+01
9.970000267028808594e+00 2.029999923706054688e+01 1.929881286621093750e+01
1.603000068664550781e+01 2.239999961853027344e+01 1.467085742950439453e+01
2.397999954223632812e+01 1.929999923706054688e+01 1.179592323303222656e+01
1.432999992370605469e+01 1.679999923706054688e+01 1.968578720092773438e+01
8.050000190734863281e+00 3.300000000000000000e+01 2.359351348876953125e+01
1.351000022888183594e+01 2.329999923706054688e+01 2.031541061401367188e+01
1.202999973297119141e+01 1.610000038146972656e+01 2.133563232421875000e+01
1.834000015258789062e+01 1.430000019073486328e+01 1.750406455993652344e+01
2.287999916076660156e+01 1.280000019073486328e+01 5.280751228332519531e+00
1.202999973297119141e+01 1.910000038146972656e+01 2.133563232421875000e+01
8.439999580383300781e+00 2.220000076293945312e+01 1.856773948669433594e+01
1.511999988555908203e+01 1.700000000000000000e+01 1.318962097167968750e+01
3.697999954223632812e+01 7.000000000000000000e+00 6.793716549873352051e-02
7.539999961853027344e+00 2.339999961853027344e+01 3.197213745117187500e+01
7.510000228881835938e+00 2.289999961853027344e+01 2.962922096252441406e+01
1.468999958038330078e+01 2.310000038146972656e+01 1.772898101806640625e+01
7.369999885559082031e+00 2.329999923706054688e+01 2.856085586547851562e+01
1.502000045776367188e+01 1.670000076293945312e+01 1.843041992187500000e+01
4.030000209808349609e+00 3.470000076293945312e+01 3.685564804077148438e+01
7.190000057220458984e+00 2.910000038146972656e+01 2.351361656188964844e+01
2.470000028610229492e+00 4.170000076293945312e+01 6.774543762207031250e+00
7.730000019073486328e+00 2.439999961853027344e+01 2.277841758728027344e+01
2.438999938964843750e+01 8.300000190734863281e+00 7.113560199737548828e+00
8.430000305175781250e+00 2.339999961853027344e+01 1.823404502868652344e+01
1.292000007629394531e+01 2.120000076293945312e+01 1.987316513061523438e+01
1.805999946594238281e+01 1.519999980926513672e+01 1.157735157012939453e+01
4.159999847412109375e+00 3.309999847412109375e+01 4.242636108398437500e+01
1.865999984741210938e+01 1.950000000000000000e+01 1.591907882690429688e+01
5.900000095367431641e+00 2.439999961853027344e+01 3.751355743408203125e+01
1.689999961853027344e+01 1.739999961853027344e+01 1.210771083831787109e+01
1.327000045776367188e+01 1.889999961853027344e+01 2.169959068298339844e+01
5.519999980926513672e+00 2.279999923706054688e+01 2.427122116088867188e+01
1.343999958038330078e+01 1.500000000000000000e+01 1.950148391723632812e+01
7.789999961853027344e+00 2.500000000000000000e+01 2.729757499694824219e+01
3.329999923706054688e+00 2.850000000000000000e+01 2.893647575378417969e+01
1.197000026702880859e+01 2.000000000000000000e+01 1.902148246765136719e+01
3.319999933242797852e+00 5.000000000000000000e+01 2.922601127624511719e+01
1.517000007629394531e+01 1.380000019073486328e+01 1.170063686370849609e+01
1.987999916076660156e+01 1.450000000000000000e+01 1.302465343475341797e+01
2.334000015258789062e+01 1.189999961853027344e+01 1.061173439025878906e+01
1.952000045776367188e+01 1.710000038146972656e+01 9.521308898925781250e+00
