2.397999954223632812e+01 1.180000019073486328e+01 1.892731666564941406e+01
2.327000045776367188e+01 1.339999961853027344e+01 1.293503856658935547e+01
1.327000045776367188e+01 1.889999961853027344e+01 1.970953941345214844e+01
1.197000026702880859e+01 2.000000000000000000e+01 2.030918312072753906e+01
1.227000045776367188e+01 1.979999923706054688e+01 1.957691574096679688e+01
1.343999958038330078e+01 1.500000000000000000e+01 1.930705451965332031e+01
7.829999923706054688e+00 1.939999961853027344e+01 2.288323783874511719e+01
1.481000041961669922e+01 1.660000038146972656e+01 1.180218696594238281e+01
2.904999923706054688e+01 7.199999809265136719e+00 3.755642175674438477e+00
3.759999990463256836e+00 4.540000152587890625e+01 4.839633941650390625e+01
9.510000228881835938e+00 2.479999923706054688e+01 2.381826782226562500e+01
7.699999809265136719e+00 2.039999961853027344e+01 2.513948822021484375e+01
1.469999980926513672e+01 2.000000000000000000e+01 1.236422157287597656e+01
9.520000457763671875e+00 2.450000000000000000e+01 2.418917846679687500e+01
1.803000068664550781e+01 1.460000038146972656e+01 1.688168716430664062e+01
1.322000026702880859e+01 2.139999961853027344e+01 1.842098236083984375e+01
1.050000000000000000e+01 2.300000000000000000e+01 1.831328201293945312e+01
1.812999916076660156e+01 1.410000038146972656e+01 1.408722496032714844e+01
1.635000038146972656e+01 1.269999980926513672e+01 1.526264190673828125e+01
9.090000152587890625e+00 1.979999923706054688e+01 1.997026824951171875e+01
7.789999961853027344e+00 1.860000038146972656e+01 2.496674156188964844e+01
2.940000057220458984e+00 3.340000152587890625e+01 4.473499679565429688e+01
1.714999961853027344e+01 1.900000000000000000e+01 1.048695850372314453e+01
7.880000114440917969e+00 1.189999961853027344e+01 2.166481208801269531e+01
1.568999958038330078e+01 1.019999980926513672e+01 1.442233848571777344e+01
9.880000114440917969e+00 2.170000076293945312e+01 2.520542335510253906e+01
1.977000045776367188e+01 8.300000190734863281e+00 2.609308433532714844e+01
1.664999961853027344e+01 1.560000038146972656e+01 1.361757659912109375e+01
1.232999992370605469e+01 2.010000038146972656e+01 2.077534294128417969e+01
8.159999847412109375e+00 2.289999961853027344e+01 2.331002426147460938e+01
5.500000000000000000e+00 2.700000000000000000e+01 2.384032440185546875e+01
2.996999931335449219e+01 6.300000190734863281e+00 2.805814743041992188e+00
1.620999908447265625e+01 1.879999923706054688e+01 1.436147880554199219e+01
9.550000190734863281e+00 2.120000076293945312e+01 2.667652130126953125e+01
7.199999809265136719e+00 2.379999923706054688e+01 2.725613021850585938e+01
1.510000038146972656e+01 1.750000000000000000e+01 1.656498908996582031e+01
1.226000022888183594e+01 1.960000038146972656e+01 1.956384086608886719e+01
1.576000022888183594e+01 1.829999923706054688e+01 1.977392387390136719e+01
3.950000047683715820e+00 4.829999923706054688e+01 3.174645423889160156e+01
2.828000068664550781e+01 1.050000000000000000e+01 1.476363372802734375e+01
5.039999961853027344e+00 3.720000076293945312e+01 3.166218376159667969e+01
8.430000305175781250e+00 2.339999961853027344e+01 2.150140762329101562e+01
1.334000015258789062e+01 2.060000038146972656e+01 2.155311965942382812e+01
1.464999961853027344e+01 1.770000076293945312e+01 1.392997550964355469e+01
5.519999980926513672e+00 2.279999923706054688e+01 2.263120460510253906e+01
5.889999866485595703e+00 2.660000038146972656e+01 2.508714866638183594e+01
3.198999977111816406e+01 7.400000095367431641e+00 2.365808933973312378e-02
2.639999961853027344e+01 1.720000076293945312e+01 1.411725616455078125e+01
8.810000419616699219e+00 2.260000038146972656e+01 1.970616149902343750e+01
1.243000030517578125e+01 2.289999961853027344e+01 1.710414314270019531e+01
