9.670000076293945312e+00 2.239999961853027344e+01 2.466950416564941406e+01
1.122000026702880859e+01 2.220000076293945312e+01 1.558349418640136719e+01
1.427000045776367188e+01 2.029999923706054688e+01 1.681225776672363281e+01
2.396999931335449219e+01 7.000000000000000000e+00 1.495864105224609375e+01
3.160000085830688477e+00 5.000000000000000000e+01 3.661904525756835938e+01
1.620999908447265625e+01 1.879999923706054688e+01 1.399998664855957031e+01
1.694000053405761719e+01 1.350000000000000000e+01 1.705528450012207031e+01
1.410000038146972656e+01 2.079999923706054688e+01 2.149688148498535156e+01
3.477000045776367188e+01 1.380000019073486328e+01 1.883648395538330078e+00
9.930000305175781250e+00 2.750000000000000000e+01 1.788489723205566406e+01
1.039999961853027344e+01 2.170000076293945312e+01 1.495778846740722656e+01
8.510000228881835938e+00 2.060000038146972656e+01 2.140606307983398438e+01
3.759999990463256836e+00 3.150000000000000000e+01 4.539976882934570312e+01
7.190000057220458984e+00 2.910000038146972656e+01 2.380942916870117188e+01
1.727000045776367188e+01 1.610000038146972656e+01 2.169245910644531250e+01
8.439999580383300781e+00 2.220000076293945312e+01 2.242040061950683594e+01
1.201000022888183594e+01 2.179999923706054688e+01 1.877529525756835938e+01
7.880000114440917969e+00 1.189999961853027344e+01 2.850159263610839844e+01
2.085000038146972656e+01 1.150000000000000000e+01 6.931983470916748047e+00
1.165999984741210938e+01 2.979999923706054688e+01 2.316116333007812500e+01
3.950000047683715820e+00 4.829999923706054688e+01 4.189058685302734375e+01
1.110000038146972656e+01 2.379999923706054688e+01 1.569896507263183594e+01
1.952000045776367188e+01 1.710000038146972656e+01 2.680201768875122070e+00
7.260000228881835938e+00 4.309999847412109375e+01 2.051796913146972656e+01
6.650000095367431641e+00 2.839999961853027344e+01 3.282158279418945312e+01
1.173999977111816406e+01 1.850000000000000000e+01 1.719544601440429688e+01
5.289999961853027344e+00 2.189999961853027344e+01 2.800121498107910156e+01
6.070000171661376953e+00 2.479999923706054688e+01 2.193562698364257812e+01
1.026000022888183594e+01 1.820000076293945312e+01 1.939498901367187500e+01
1.871999931335449219e+01 1.519999980926513672e+01 1.584844875335693359e+01
9.250000000000000000e+00 2.089999961853027344e+01 1.926703262329101562e+01
1.443999958038330078e+01 1.600000000000000000e+01 1.648905563354492188e+01
1.314999961853027344e+01 1.870000076293945312e+01 1.993870925903320312e+01
1.111999988555908203e+01 2.300000000000000000e+01 1.519946098327636719e+01
7.369999885559082031e+00 2.329999923706054688e+01 2.061786460876464844e+01
1.044999980926513672e+01 1.850000000000000000e+01 1.470305728912353516e+01
4.809999942779541016e+00 3.540000152587890625e+01 3.051452445983886719e+01
1.018999958038330078e+01 2.079999923706054688e+01 1.944740295410156250e+01
1.044999980926513672e+01 2.279999923706054688e+01 1.470305728912353516e+01
6.579999923706054688e+00 3.520000076293945312e+01 2.310071945190429688e+01
2.031999969482421875e+01 7.199999809265136719e+00 1.220390605926513672e+01
1.027000045776367188e+01 2.079999923706054688e+01 1.959891891479492188e+01
9.970000267028808594e+00 2.029999923706054688e+01 1.588260936737060547e+01
1.919999957084655762e+00 5.000000000000000000e+01 3.226087951660156250e+01
5.980000019073486328e+00 2.210000038146972656e+01 2.080070877075195312e+01
5.909999847412109375e+00 4.879999923706054688e+01 2.369564628601074219e+01
2.540999984741210938e+01 1.729999923706054688e+01 7.721692919731140137e-01
5.889999866485595703e+00 2.660000038146972656e+01 2.397288131713867188e+01
1.714999961853027344e+01 1.900000000000000000e+01 1.415721797943115234e+01
2.645000076293945312e+01 8.699999809265136719e+00 1.379052925109863281e+01
