1.870999908447265625e+01 1.489999961853027344e+01 1.543775177001953125e+01
4.820000171661376953e+00 3.790000152587890625e+01 3.226780319213867188e+01
2.211000061035156250e+01 1.050000000000000000e+01 8.017663359642028809e-01
1.568999958038330078e+01 1.019999980926513672e+01 1.956485366821289062e+01
8.430000305175781250e+00 2.339999961853027344e+01 2.095176887512207031e+01
1.293000030517578125e+01 2.010000038146972656e+01 2.068622589111328125e+01
3.759999990463256836e+00 4.540000152587890625e+01 3.158057022094726562e+01
6.679999828338623047e+00 3.200000000000000000e+01 2.562198257446289062e+01
3.319999933242797852e+00 5.000000000000000000e+01 3.079140090942382812e+01
8.010000228881835938e+00 2.110000038146972656e+01 2.472210502624511719e+01
4.500000000000000000e+00 3.010000038146972656e+01 2.894671058654785156e+01
1.327000045776367188e+01 1.889999961853027344e+01 2.168906402587890625e+01
7.010000228881835938e+00 2.500000000000000000e+01 2.434412574768066406e+01
6.590000152587890625e+00 2.520000076293945312e+01 3.013572120666503906e+01
5.099999904632568359e+00 3.700000000000000000e+01 3.676885604858398438e+01
7.440000057220458984e+00 2.470000076293945312e+01 4.953495788574218750e+01
2.490999984741210938e+01 1.200000000000000000e+01 8.605774044990539551e-01
1.469999980926513672e+01 2.000000000000000000e+01 1.729209518432617188e+01
8.050000190734863281e+00 1.820000076293945312e+01 3.097758865356445312e+01
1.468999958038330078e+01 2.310000038146972656e+01 1.726766777038574219e+01
1.272999954223632812e+01 2.100000000000000000e+01 1.852300453186035156e+01
8.159999847412109375e+00 2.289999961853027344e+01 2.283158302307128906e+01
8.810000419616699219e+00 2.260000038146972656e+01 2.578988265991210938e+01
1.584000015258789062e+01 2.029999923706054688e+01 1.646363639831542969e+01
1.629999923706054688e+01 1.560000038146972656e+01 1.202940177917480469e+01
1.992000007629394531e+01 8.500000000000000000e+00 1.208875942230224609e+01
2.407999992370605469e+01 9.500000000000000000e+00 1.275947761535644531e+01
1.576000022888183594e+01 1.829999923706054688e+01 1.917422866821289062e+01
1.147999954223632812e+01 2.270000076293945312e+01 1.756040954589843750e+01
9.590000152587890625e+00 3.379999923706054688e+01 2.180057525634765625e+01
6.360000133514404297e+00 2.370000076293945312e+01 2.733630371093750000e+01
1.088000011444091797e+01 2.400000000000000000e+01 2.204131126403808594e+01
5.769999980926513672e+00 2.470000076293945312e+01 2.400197982788085938e+01
3.080999946594238281e+01 1.439999961853027344e+01 7.189654350280761719e+00
1.646999931335449219e+01 1.950000000000000000e+01 1.261165714263916016e+01
1.629000091552734375e+01 1.989999961853027344e+01 1.215689468383789062e+01
1.327999973297119141e+01 1.960000038146972656e+01 2.152152442932128906e+01
1.712000083923339844e+01 1.310000038146972656e+01 1.592727661132812500e+01
1.569999980926513672e+01 1.419999980926513672e+01 2.054688453674316406e+01
1.351000022888183594e+01 2.329999923706054688e+01 1.836714744567871094e+01
3.529999971389770508e+00 2.960000038146972656e+01 3.232917022705078125e+01
8.939999580383300781e+00 2.139999961853027344e+01 2.709390640258789062e+01
3.730000019073486328e+00 5.000000000000000000e+01 3.941583251953125000e+01
1.805999946594238281e+01 2.250000000000000000e+01 1.503909301757812500e+01
1.027000045776367188e+01 2.079999923706054688e+01 1.872849655151367188e+01
1.039999961853027344e+01 2.170000076293945312e+01 2.158077430725097656e+01
1.502000045776367188e+01 1.560000038146972656e+01 1.672898101806640625e+01
1.202999973297119141e+01 1.610000038146972656e+01 1.914734077453613281e+01
8.579999923706054688e+00 2.389999961853027344e+01 2.547168922424316406e+01
3.198999977111816406e+01 7.400000095367431641e+00 3.046955971512943506e-04
