1.644000053405761719e+01 1.260000038146972656e+01 1.199184989929199219e+01
9.970000267028808594e+00 1.929999923706054688e+01 1.995285797119140625e+01
8.050000190734863281e+00 3.300000000000000000e+01 1.480867576599121094e+01
1.400000000000000000e+01 2.189999961853027344e+01 1.535686397552490234e+01
2.953000068664550781e+01 1.460000038146972656e+01 5.272258281707763672e+00
7.530000209808349609e+00 2.820000076293945312e+01 2.219823455810546875e+01
3.160000085830688477e+00 5.000000000000000000e+01 4.202499008178710938e+01
1.536999988555908203e+01 2.039999961853027344e+01 1.078121280670166016e+01
2.327000045776367188e+01 1.339999961853027344e+01 1.249465942382812500e+01
5.039999961853027344e+00 3.720000076293945312e+01 3.183261489868164062e+01
3.950000047683715820e+00 3.160000038146972656e+01 2.627207565307617188e+01
1.517000007629394531e+01 1.169999980926513672e+01 1.494227123260498047e+01
1.267000007629394531e+01 2.260000038146972656e+01 1.871731376647949219e+01
3.436999893188476562e+01 1.789999961853027344e+01 3.630155333667062223e-05
2.681999969482421875e+01 1.339999961853027344e+01 4.522967815399169922e+00
9.470000267028808594e+00 2.500000000000000000e+01 2.438210678100585938e+01
2.960000038146972656e+00 5.000000000000000000e+01 2.972974586486816406e+01
1.110000038146972656e+01 2.379999923706054688e+01 1.963629722595214844e+01
8.430000305175781250e+00 2.339999961853027344e+01 1.416718006134033203e+01
1.397999954223632812e+01 2.639999961853027344e+01 1.506870555877685547e+01
1.914999961853027344e+01 2.710000038146972656e+01 1.052198696136474609e+01
6.579999923706054688e+00 2.310000038146972656e+01 2.533135795593261719e+01
1.464000034332275391e+01 1.679999923706054688e+01 1.712182998657226562e+01
1.014999961853027344e+01 2.050000000000000000e+01 2.177628135681152344e+01
1.015999984741210938e+01 2.279999923706054688e+01 2.149557113647460938e+01
1.478999996185302734e+01 3.070000076293945312e+01 2.052865219116210938e+01
3.529999971389770508e+00 2.960000038146972656e+01 3.677951049804687500e+01
2.102000045776367188e+01 1.360000038146972656e+01 8.385494232177734375e+00
1.584000015258789062e+01 2.029999923706054688e+01 1.782824325561523438e+01
1.172000026702880859e+01 1.939999961853027344e+01 1.423797798156738281e+01
1.334000015258789062e+01 2.060000038146972656e+01 2.260213661193847656e+01
1.845999908447265625e+01 1.779999923706054688e+01 1.153495025634765625e+01
6.679999828338623047e+00 3.200000000000000000e+01 2.185486602783203125e+01
3.759999990463256836e+00 3.150000000000000000e+01 4.526909255981445312e+01
1.343999958038330078e+01 1.500000000000000000e+01 1.956900596618652344e+01
4.449999809265136719e+00 5.000000000000000000e+01 2.435385513305664062e+01
2.645000076293945312e+01 8.699999809265136719e+00 1.405940437316894531e+01
2.007999992370605469e+01 1.629999923706054688e+01 1.291011810302734375e+01
1.432999992370605469e+01 1.679999923706054688e+01 2.194790649414062500e+01
1.023999977111816406e+01 1.939999961853027344e+01 2.072709465026855469e+01
8.260000228881835938e+00 2.039999961853027344e+01 1.187728786468505859e+01
9.810000419616699219e+00 2.500000000000000000e+01 2.202966499328613281e+01
1.264000034332275391e+01 1.610000038146972656e+01 1.790191459655761719e+01
2.379000091552734375e+01 1.080000019073486328e+01 7.757938385009765625e+00
9.930000305175781250e+00 2.750000000000000000e+01 1.990181159973144531e+01
6.050000190734863281e+00 3.320000076293945312e+01 2.385056877136230469e+01
1.021000003814697266e+01 1.929999923706054688e+01 2.070166397094726562e+01
1.673999977111816406e+01 1.779999923706054688e+01 1.456110572814941406e+01
8.649999618530273438e+00 1.650000000000000000e+01 2.477806472778320312e+01
3.697999954223632812e+01 7.000000000000000000e+00 4.749817872351513870e-09
