1.835000038146972656e+01 1.310000038146972656e+01 1.736664581298828125e+01
1.695999908447265625e+01 1.810000038146972656e+01 1.229036998748779297e+01
1.300000000000000000e+01 2.110000038146972656e+01 2.061692619323730469e+01
7.670000076293945312e+00 2.650000000000000000e+01 2.166141510009765625e+01
1.622999954223632812e+01 1.489999961853027344e+01 1.433266448974609375e+01
1.409000015258789062e+01 2.039999961853027344e+01 2.131404685974121094e+01
1.059000015258789062e+01 2.060000038146972656e+01 1.915708541870117188e+01
1.603000068664550781e+01 2.239999961853027344e+01 9.705787658691406250e+00
1.805999946594238281e+01 1.519999980926513672e+01 2.242597198486328125e+01
1.418999958038330078e+01 1.989999961853027344e+01 1.914947509765625000e+01
6.360000133514404297e+00 2.310000038146972656e+01 2.760706710815429688e+01
3.759999990463256836e+00 3.150000000000000000e+01 4.315869903564453125e+01
7.139999866485595703e+00 2.320000076293945312e+01 2.618399047851562500e+01
2.211000061035156250e+01 1.050000000000000000e+01 2.305281877517700195e+00
2.779999923706054688e+01 1.380000019073486328e+01 8.652645111083984375e+00
1.343999958038330078e+01 1.929999923706054688e+01 1.794680023193359375e+01
4.840000152587890625e+00 2.660000038146972656e+01 3.204126739501953125e+01
7.389999866485595703e+00 2.710000038146972656e+01 2.335786247253417969e+01
3.319999933242797852e+00 5.000000000000000000e+01 2.883679389953613281e+01
1.010999965667724609e+01 1.500000000000000000e+01 2.332120132446289062e+01
2.031999969482421875e+01 7.199999809265136719e+00 1.824258923530578613e+00
1.056000041961669922e+01 1.850000000000000000e+01 2.001798248291015625e+01
8.010000228881835938e+00 2.110000038146972656e+01 2.593960189819335938e+01
1.772999954223632812e+01 1.519999980926513672e+01 1.280495738983154297e+01
1.511999988555908203e+01 1.700000000000000000e+01 1.246317863464355469e+01
5.079999923706054688e+00 2.460000038146972656e+01 3.484768295288085938e+01
3.059000015258789062e+01 5.000000000000000000e+00 7.375068187713623047e+00
1.689999961853027344e+01 1.739999961853027344e+01 1.240251445770263672e+01
8.470000267028808594e+00 1.989999961853027344e+01 1.807198143005371094e+01
2.273999977111816406e+01 8.399999618530273438e+00 7.286456584930419922e+00
6.860000133514404297e+00 2.329999923706054688e+01 2.715523338317871094e+01
8.789999961853027344e+00 2.089999961853027344e+01 3.253603744506835938e+01
2.645000076293945312e+01 8.699999809265136719e+00 1.439846229553222656e+01
1.969000053405761719e+01 1.410000038146972656e+01 1.153870964050292969e+01
1.023999977111816406e+01 1.939999961853027344e+01 1.857892608642578125e+01
1.227000045776367188e+01 1.979999923706054688e+01 2.105734062194824219e+01
7.119999885559082031e+00 2.750000000000000000e+01 2.541000366210937500e+01
5.889999866485595703e+00 2.660000038146972656e+01 2.409684944152832031e+01
1.344999980926513672e+01 1.970000076293945312e+01 1.808442497253417969e+01
4.849999904632568359e+00 3.509999847412109375e+01 3.249271392822265625e+01
1.885000038146972656e+01 1.539999961853027344e+01 1.682732772827148438e+01
5.989999771118164062e+00 2.450000000000000000e+01 2.386785888671875000e+01
2.323999977111816406e+01 1.389999961853027344e+01 1.080252170562744141e+01
4.690000057220458984e+00 3.050000000000000000e+01 2.601004219055175781e+01
5.210000038146972656e+00 2.870000076293945312e+01 2.367037010192871094e+01
2.968000030517578125e+01 8.100000381469726562e+00 1.567175674438476562e+01
1.243000030517578125e+01 2.289999961853027344e+01 1.711817741394042969e+01
8.199999809265136719e+00 2.200000000000000000e+01 1.968252372741699219e+01
3.080999946594238281e+01 7.199999809265136719e+00 3.811442613601684570e+00
8.100000381469726562e+00 3.650000000000000000e+01 2.201454734802246094e+01
