1.039999961853027344e+01 2.170000076293945312e+01 2.220395278930664062e+01
9.500000000000000000e+00 2.500000000000000000e+01 2.422669601440429688e+01
2.726000022888183594e+01 1.569999980926513672e+01 8.255864143371582031e+00
8.199999809265136719e+00 2.200000000000000000e+01 2.046934509277343750e+01
1.260000038146972656e+01 1.920000076293945312e+01 1.581821441650390625e+01
9.500000000000000000e+00 2.200000000000000000e+01 2.422669601440429688e+01
1.763999938964843750e+01 1.450000000000000000e+01 1.752801132202148438e+01
3.759999990463256836e+00 4.540000152587890625e+01 3.462308502197265625e+01
2.828000068664550781e+01 1.050000000000000000e+01 1.670870780944824219e+01
9.689999580383300781e+00 2.870000076293945312e+01 2.201794052124023438e+01
7.730000019073486328e+00 2.439999961853027344e+01 2.007653427124023438e+01
6.679999828338623047e+00 3.200000000000000000e+01 2.669881439208984375e+01
1.359000015258789062e+01 2.450000000000000000e+01 2.174261093139648438e+01
7.900000095367431641e+00 2.160000038146972656e+01 1.871966743469238281e+01
9.079999923706054688e+00 2.060000038146972656e+01 2.029049110412597656e+01
1.164999961853027344e+01 2.429999923706054688e+01 1.852163505554199219e+01
9.100000381469726562e+00 2.029999923706054688e+01 1.982824707031250000e+01
1.502000045776367188e+01 1.670000076293945312e+01 1.847367858886718750e+01
1.202999973297119141e+01 1.610000038146972656e+01 2.100506210327148438e+01
1.868000030517578125e+01 1.670000076293945312e+01 1.764166641235351562e+01
1.027000045776367188e+01 2.079999923706054688e+01 2.024292182922363281e+01
9.550000190734863281e+00 2.120000076293945312e+01 2.483692169189453125e+01
1.013000011444091797e+01 2.470000076293945312e+01 2.223846054077148438e+01
3.477000045776367188e+01 1.380000019073486328e+01 2.296235799789428711e+00
2.323999977111816406e+01 1.389999961853027344e+01 1.240940856933593750e+01
4.809999942779541016e+00 3.540000152587890625e+01 2.935726737976074219e+01
4.079999923706054688e+00 3.329999923706054688e+01 3.686790847778320312e+01
1.930999946594238281e+01 1.300000000000000000e+01 2.068434333801269531e+01
2.904999923706054688e+01 7.199999809265136719e+00 1.335149478912353516e+01
5.809999942779541016e+00 2.529999923706054688e+01 3.651640701293945312e+01
6.750000000000000000e+00 2.070000076293945312e+01 2.732991600036621094e+01
2.779999923706054688e+01 1.380000019073486328e+01 8.969120979309082031e+00
6.860000133514404297e+00 2.329999923706054688e+01 2.916179275512695312e+01
4.690000057220458984e+00 3.050000000000000000e+01 2.644992637634277344e+01
1.876000022888183594e+01 2.320000076293945312e+01 1.585659694671630859e+01
2.334000015258789062e+01 1.189999961853027344e+01 1.303777599334716797e+01
1.987999916076660156e+01 1.450000000000000000e+01 8.895032882690429688e+00
3.130000114440917969e+00 3.759999847412109375e+01 2.085959434509277344e+01
1.165999984741210938e+01 2.979999923706054688e+01 1.847947502136230469e+01
1.812999916076660156e+01 1.410000038146972656e+01 1.409936523437500000e+01
1.659000015258789062e+01 1.839999961853027344e+01 1.189313793182373047e+01
5.099999904632568359e+00 3.700000000000000000e+01 2.628191757202148438e+01
1.232999992370605469e+01 2.010000038146972656e+01 1.638515853881835938e+01
7.340000152587890625e+00 2.260000038146972656e+01 3.377699279785156250e+01
1.642000007629394531e+01 1.639999961853027344e+01 1.259435272216796875e+01
9.970000267028808594e+00 1.929999923706054688e+01 2.030065917968750000e+01
1.086999988555908203e+01 2.260000038146972656e+01 2.243393516540527344e+01
2.211000061035156250e+01 1.050000000000000000e+01 6.591804504394531250e+00
1.409000015258789062e+01 2.039999961853027344e+01 2.134430122375488281e+01
9.880000114440917969e+00 2.170000076293945312e+01 2.031083488464355469e+01
