9.670000076293945312e+00 2.239999961853027344e+01 2.464924049377441406e+01
1.122000026702880859e+01 2.220000076293945312e+01 1.557365894317626953e+01
1.427000045776367188e+01 2.029999923706054688e+01 1.682934570312500000e+01
2.396999931335449219e+01 7.000000000000000000e+00 1.490229034423828125e+01
3.160000085830688477e+00 5.000000000000000000e+01 3.664931869506835938e+01
1.620999908447265625e+01 1.879999923706054688e+01 1.400314426422119141e+01
1.694000053405761719e+01 1.350000000000000000e+01 1.703431320190429688e+01
1.410000038146972656e+01 2.079999923706054688e+01 2.147270202636718750e+01
3.477000045776367188e+01 1.380000019073486328e+01 1.880876421928405762e+00
9.930000305175781250e+00 2.750000000000000000e+01 1.787612724304199219e+01
1.039999961853027344e+01 2.170000076293945312e+01 1.495253086090087891e+01
8.510000228881835938e+00 2.060000038146972656e+01 2.140808677673339844e+01
3.759999990463256836e+00 3.150000000000000000e+01 4.542280578613281250e+01
7.190000057220458984e+00 2.910000038146972656e+01 2.379619407653808594e+01
1.727000045776367188e+01 1.610000038146972656e+01 2.163039970397949219e+01
8.439999580383300781e+00 2.220000076293945312e+01 2.239532852172851562e+01
1.201000022888183594e+01 2.179999923706054688e+01 1.879123115539550781e+01
7.880000114440917969e+00 1.189999961853027344e+01 2.845689964294433594e+01
2.085000038146972656e+01 1.150000000000000000e+01 6.921786785125732422e+00
1.165999984741210938e+01 2.979999923706054688e+01 2.311301612854003906e+01
3.950000047683715820e+00 4.829999923706054688e+01 4.182507324218750000e+01
1.110000038146972656e+01 2.379999923706054688e+01 1.567742061614990234e+01
1.952000045776367188e+01 1.710000038146972656e+01 2.786388874053955078e+00
7.260000228881835938e+00 4.309999847412109375e+01 2.059514999389648438e+01
6.650000095367431641e+00 2.839999961853027344e+01 3.274744415283203125e+01
1.173999977111816406e+01 1.850000000000000000e+01 1.719224166870117188e+01
5.289999961853027344e+00 2.189999961853027344e+01 2.800560760498046875e+01
6.070000171661376953e+00 2.479999923706054688e+01 2.190162658691406250e+01
1.026000022888183594e+01 1.820000076293945312e+01 1.937330818176269531e+01
1.871999931335449219e+01 1.519999980926513672e+01 1.586431789398193359e+01
9.250000000000000000e+00 2.089999961853027344e+01 1.925593757629394531e+01
1.443999958038330078e+01 1.600000000000000000e+01 1.648566246032714844e+01
1.314999961853027344e+01 1.870000076293945312e+01 1.988176345825195312e+01
1.111999988555908203e+01 2.300000000000000000e+01 1.518042373657226562e+01
7.369999885559082031e+00 2.329999923706054688e+01 2.091247177124023438e+01
1.044999980926513672e+01 1.850000000000000000e+01 1.469183444976806641e+01
4.809999942779541016e+00 3.540000152587890625e+01 3.046834564208984375e+01
1.018999958038330078e+01 2.079999923706054688e+01 1.942982673645019531e+01
1.044999980926513672e+01 2.279999923706054688e+01 1.469183444976806641e+01
6.579999923706054688e+00 3.520000076293945312e+01 2.320707702636718750e+01
2.031999969482421875e+01 7.199999809265136719e+00 1.219399356842041016e+01
1.027000045776367188e+01 2.079999923706054688e+01 1.957397079467773438e+01
9.970000267028808594e+00 2.029999923706054688e+01 1.588047885894775391e+01
1.919999957084655762e+00 5.000000000000000000e+01 3.220206451416015625e+01
5.980000019073486328e+00 2.210000038146972656e+01 2.077290344238281250e+01
5.909999847412109375e+00 4.879999923706054688e+01 2.366746520996093750e+01
2.540999984741210938e+01 1.729999923706054688e+01 7.697748541831970215e-01
5.889999866485595703e+00 2.660000038146972656e+01 2.393339729309082031e+01
1.714999961853027344e+01 1.900000000000000000e+01 1.418181037902832031e+01
2.645000076293945312e+01 8.699999809265136719e+00 1.381398963928222656e+01
