4.840000152587890625e+00 2.660000038146972656e+01 3.585403060913085938e+01
7.010000228881835938e+00 2.500000000000000000e+01 2.757427978515625000e+01
5.679999828338623047e+00 3.250000000000000000e+01 2.227714920043945312e+01
4.670000076293945312e+00 2.350000000000000000e+01 4.060864257812500000e+01
8.649999618530273438e+00 1.650000000000000000e+01 2.723011398315429688e+01
8.880000114440917969e+00 5.000000000000000000e+01 1.739896965026855469e+01
3.730000019073486328e+00 5.000000000000000000e+01 4.731842422485351562e+01
3.109999895095825195e+00 4.229999923706054688e+01 3.747356796264648438e+01
2.779999923706054688e+01 1.380000019073486328e+01 6.150014996528625488e-01
4.380000114440917969e+00 2.910000038146972656e+01 3.291750335693359375e+01
7.699999809265136719e+00 2.039999961853027344e+01 2.500061035156250000e+01
5.909999847412109375e+00 4.879999923706054688e+01 2.500375556945800781e+01
2.113999938964843750e+01 1.970000076293945312e+01 1.238861560821533203e+01
1.710000038146972656e+01 1.889999961853027344e+01 1.490435981750488281e+01
8.050000190734863281e+00 3.300000000000000000e+01 2.357846450805664062e+01
6.190000057220458984e+00 3.320000076293945312e+01 2.395440483093261719e+01
1.027000045776367188e+01 2.079999923706054688e+01 1.879724311828613281e+01
5.900000095367431641e+00 2.439999961853027344e+01 2.572081565856933594e+01
1.063000011444091797e+01 1.860000038146972656e+01 1.950183868408203125e+01
1.871999931335449219e+01 1.519999980926513672e+01 1.366578483581542969e+01
1.992000007629394531e+01 8.500000000000000000e+00 1.163181495666503906e+01
1.885000038146972656e+01 1.539999961853027344e+01 9.228905677795410156e+00
9.500000000000000000e+00 2.200000000000000000e+01 2.495590591430664062e+01
1.131999969482421875e+01 2.229999923706054688e+01 2.004683303833007812e+01
3.402000045776367188e+01 8.399999618530273438e+00 2.001085519790649414e+00
2.031999969482421875e+01 7.199999809265136719e+00 1.209029769897460938e+01
1.292000007629394531e+01 2.120000076293945312e+01 1.982728385925292969e+01
4.590000152587890625e+00 4.129999923706054688e+01 3.514515686035156250e+01
1.845999908447265625e+01 1.779999923706054688e+01 9.720848083496093750e+00
9.680000305175781250e+00 1.889999961853027344e+01 2.333526992797851562e+01
8.939999580383300781e+00 2.139999961853027344e+01 1.569343948364257812e+01
9.420000076293945312e+00 2.750000000000000000e+01 2.072090148925781250e+01
1.865999984741210938e+01 1.950000000000000000e+01 1.507502937316894531e+01
6.530000209808349609e+00 2.660000038146972656e+01 2.451111030578613281e+01
7.199999809265136719e+00 2.379999923706054688e+01 2.721621894836425781e+01
1.760000038146972656e+01 1.779999923706054688e+01 2.302312660217285156e+01
9.090000152587890625e+00 1.979999923706054688e+01 2.054265403747558594e+01
1.334000015258789062e+01 2.060000038146972656e+01 1.533114147186279297e+01
2.397999954223632812e+01 1.929999923706054688e+01 1.194424629211425781e+01
1.620999908447265625e+01 1.879999923706054688e+01 1.681443214416503906e+01
1.465999984741210938e+01 2.439999961853027344e+01 1.892493438720703125e+01
8.770000457763671875e+00 2.100000000000000000e+01 2.097226142883300781e+01
2.929000091552734375e+01 1.180000019073486328e+01 7.055267095565795898e-01
2.970000028610229492e+00 5.000000000000000000e+01 4.094633102416992188e+01
4.980000019073486328e+00 2.400000000000000000e+01 2.226235580444335938e+01
1.937000083923339844e+01 1.250000000000000000e+01 3.191136360168457031e+00
1.327000045776367188e+01 1.889999961853027344e+01 1.767181968688964844e+01
9.380000114440917969e+00 2.810000038146972656e+01 1.882496833801269531e+01
2.438999938964843750e+01 8.300000190734863281e+00 6.046491622924804688e+00
5.289999961853027344e+00 2.189999961853027344e+01 2.795094680786132812e+01
