6.679999828338623047e+00 3.200000000000000000e+01 2.744513893127441406e+01
3.062999916076660156e+01 8.800000190734863281e+00 9.982613563537597656e+00
2.869999885559082031e+00 3.640000152587890625e+01 3.152694129943847656e+01
6.730000019073486328e+00 2.220000076293945312e+01 2.403692054748535156e+01
1.517000007629394531e+01 1.169999980926513672e+01 1.380092430114746094e+01
2.107999992370605469e+01 1.089999961853027344e+01 6.406460762023925781e+00
1.834000015258789062e+01 1.430000019073486328e+01 1.752107238769531250e+01
1.292000007629394531e+01 2.120000076293945312e+01 2.079810905456542969e+01
9.739999771118164062e+00 1.900000000000000000e+01 2.526659774780273438e+01
4.320000171661376953e+00 3.079999923706054688e+01 2.667245674133300781e+01
2.369000053405761719e+01 1.310000038146972656e+01 9.843817710876464844e+00
1.013000011444091797e+01 2.470000076293945312e+01 2.224544906616210938e+01
8.229999542236328125e+00 2.200000000000000000e+01 1.646377754211425781e+01
1.977000045776367188e+01 8.300000190734863281e+00 2.624983596801757812e+01
8.100000381469726562e+00 3.650000000000000000e+01 2.199812698364257812e+01
5.119999885559082031e+00 5.000000000000000000e+01 2.339186859130859375e+01
9.550000190734863281e+00 2.120000076293945312e+01 4.407097625732421875e+01
1.073999977111816406e+01 2.300000000000000000e+01 1.723217773437500000e+01
1.644000053405761719e+01 1.260000038146972656e+01 1.759153556823730469e+01
6.190000057220458984e+00 3.320000076293945312e+01 2.407802581787109375e+01
1.481000041961669922e+01 1.660000038146972656e+01 2.141084289550781250e+01
1.835000038146972656e+01 1.310000038146972656e+01 1.728976440429687500e+01
1.555000019073486328e+01 1.939999961853027344e+01 1.046849536895751953e+01
7.260000228881835938e+00 4.309999847412109375e+01 2.185447120666503906e+01
2.297999954223632812e+01 5.000000000000000000e+00 1.232887077331542969e+01
6.050000190734863281e+00 3.320000076293945312e+01 2.338970184326171875e+01
2.645000076293945312e+01 8.699999809265136719e+00 1.350679588317871094e+01
1.845999908447265625e+01 1.850000000000000000e+01 1.779594802856445312e+01
1.502000045776367188e+01 1.560000038146972656e+01 1.670311546325683594e+01
1.930999946594238281e+01 1.300000000000000000e+01 1.022802925109863281e+01
1.629000091552734375e+01 1.989999961853027344e+01 1.392730331420898438e+01
2.996999931335449219e+01 6.300000190734863281e+00 1.350477504730224609e+01
9.880000114440917969e+00 2.170000076293945312e+01 2.461847877502441406e+01
1.164000034332275391e+01 2.270000076293945312e+01 1.874192810058593750e+01
1.110000038146972656e+01 2.379999923706054688e+01 1.662758255004882812e+01
5.900000095367431641e+00 2.439999961853027344e+01 4.632497406005859375e+01
5.809999942779541016e+00 2.529999923706054688e+01 2.979177284240722656e+01
1.480000019073486328e+01 1.889999961853027344e+01 2.601298713684082031e+01
1.709000015258789062e+01 1.870000076293945312e+01 1.817851257324218750e+01
7.389999866485595703e+00 2.710000038146972656e+01 2.281022644042968750e+01
2.880000114440917969e+00 5.000000000000000000e+01 3.318247985839843750e+01
1.914999961853027344e+01 2.710000038146972656e+01 8.774705886840820312e+00
9.619999885559082031e+00 2.389999961853027344e+01 2.679216766357421875e+01
6.650000095367431641e+00 2.839999961853027344e+01 3.068996238708496094e+01
3.059000015258789062e+01 5.000000000000000000e+00 8.865314483642578125e+00
1.727000045776367188e+01 1.610000038146972656e+01 2.169027900695800781e+01
1.343999958038330078e+01 1.929999923706054688e+01 1.951991653442382812e+01
1.026000022888183594e+01 1.820000076293945312e+01 2.027255249023437500e+01
1.870999908447265625e+01 1.489999961853027344e+01 7.138061523437500000e+00
7.599999904632568359e+00 2.229999923706054688e+01 3.010344314575195312e+01
