9.689999580383300781e+00 2.870000076293945312e+01 2.098250007629394531e+01
1.327999973297119141e+01 1.960000038146972656e+01 2.053339385986328125e+01
5.389999866485595703e+00 3.490000152587890625e+01 2.947510147094726562e+01
1.868000030517578125e+01 1.670000076293945312e+01 1.741968536376953125e+01
2.360000038146972656e+01 1.130000019073486328e+01 3.137729644775390625e+00
2.152000045776367188e+01 1.100000000000000000e+01 1.541086196899414062e+01
1.018999958038330078e+01 2.079999923706054688e+01 2.082590293884277344e+01
1.629000091552734375e+01 1.989999961853027344e+01 1.565851879119873047e+01
1.621999931335449219e+01 1.430000019073486328e+01 1.802310752868652344e+01
8.050000190734863281e+00 3.300000000000000000e+01 2.360041236877441406e+01
1.646999931335449219e+01 1.950000000000000000e+01 1.284444522857666016e+01
6.119999885559082031e+00 2.500000000000000000e+01 2.630987739562988281e+01
1.267000007629394531e+01 1.720000076293945312e+01 2.253838348388671875e+01
1.044999980926513672e+01 1.850000000000000000e+01 2.278578567504882812e+01
7.429999828338623047e+00 2.410000038146972656e+01 3.462181472778320312e+01
7.559999942779541016e+00 3.979999923706054688e+01 2.522320556640625000e+01
1.088000011444091797e+01 2.400000000000000000e+01 2.233412551879882812e+01
9.039999961853027344e+00 2.360000038146972656e+01 1.920833206176757812e+01
1.622999954223632812e+01 1.489999961853027344e+01 1.747182464599609375e+01
1.709000015258789062e+01 1.870000076293945312e+01 1.799883460998535156e+01
6.579999923706054688e+00 3.520000076293945312e+01 2.309950828552246094e+01
1.310999965667724609e+01 2.139999961853027344e+01 1.623047256469726562e+01
1.469999980926513672e+01 2.000000000000000000e+01 1.963909530639648438e+01
8.229999542236328125e+00 2.200000000000000000e+01 1.959739685058593750e+01
1.806999969482421875e+01 1.360000038146972656e+01 1.817826080322265625e+01
1.314999961853027344e+01 2.960000038146972656e+01 1.868548393249511719e+01
2.770999908447265625e+01 1.319999980926513672e+01 8.285940170288085938e+00
6.929999828338623047e+00 3.609999847412109375e+01 2.885775184631347656e+01
8.260000228881835938e+00 2.039999961853027344e+01 1.796475410461425781e+01
5.570000171661376953e+00 2.060000038146972656e+01 2.227162170410156250e+01
1.502999973297119141e+01 1.839999961853027344e+01 1.593381118774414062e+01
4.699999809265136719e+00 2.789999961853027344e+01 3.045832824707031250e+01
4.559999942779541016e+00 2.979999923706054688e+01 3.493425750732421875e+01
2.297999954223632812e+01 5.000000000000000000e+00 1.302417469024658203e+01
6.150000095367431641e+00 2.300000000000000000e+01 2.847243309020996094e+01
1.845999908447265625e+01 1.850000000000000000e+01 1.776594543457031250e+01
1.987999916076660156e+01 1.450000000000000000e+01 1.655646133422851562e+01
1.720999908447265625e+01 1.039999961853027344e+01 1.641690444946289062e+01
3.198999977111816406e+01 7.400000095367431641e+00 3.358109621331095695e-03
2.123999977111816406e+01 1.330000019073486328e+01 1.587780952453613281e+01
1.832999992370605469e+01 1.779999923706054688e+01 1.043100547790527344e+01
2.379000091552734375e+01 1.080000019073486328e+01 3.996684551239013672e+00
2.960000038146972656e+00 5.000000000000000000e+01 4.399515151977539062e+01
9.640000343322753906e+00 2.260000038146972656e+01 2.298789215087890625e+01
3.700000047683715820e+00 5.000000000000000000e+01 4.195400619506835938e+01
1.620999908447265625e+01 1.879999923706054688e+01 1.865138626098632812e+01
5.519999980926513672e+00 2.279999923706054688e+01 2.395372772216796875e+01
1.871999931335449219e+01 1.519999980926513672e+01 1.484564399719238281e+01
1.969000053405761719e+01 1.410000038146972656e+01 8.682613372802734375e+00
5.039999961853027344e+00 3.720000076293945312e+01 3.148090171813964844e+01
