1.510000038146972656e+01 1.750000000000000000e+01 1.421177101135253906e+01
1.689999961853027344e+01 1.739999961853027344e+01 7.790248394012451172e+00
2.960000038146972656e+00 5.000000000000000000e+01 3.669971084594726562e+01
1.443999958038330078e+01 1.600000000000000000e+01 1.909021186828613281e+01
1.835000038146972656e+01 1.310000038146972656e+01 1.417422676086425781e+01
1.664999961853027344e+01 1.560000038146972656e+01 1.488039398193359375e+01
2.642000007629394531e+01 1.560000038146972656e+01 3.795566260814666748e-01
3.062000083923339844e+01 1.019999980926513672e+01 7.984416961669921875e+00
6.530000209808349609e+00 2.660000038146972656e+01 2.818748664855957031e+01
2.993000030517578125e+01 1.650000000000000000e+01 3.321248292922973633e+00
3.559999942779541016e+00 3.729999923706054688e+01 4.048423767089843750e+01
4.210000038146972656e+00 3.870000076293945312e+01 3.103580284118652344e+01
5.980000019073486328e+00 2.289999961853027344e+01 3.867667007446289062e+01
9.289999961853027344e+00 1.870000076293945312e+01 1.777526855468750000e+01
1.459000015258789062e+01 1.710000038146972656e+01 1.639692878723144531e+01
5.699999809265136719e+00 2.870000076293945312e+01 3.042393112182617188e+01
2.145000076293945312e+01 1.539999961853027344e+01 5.798462390899658203e+00
6.360000133514404297e+00 3.160000038146972656e+01 2.610252189636230469e+01
1.280000019073486328e+01 1.839999961853027344e+01 1.966117858886718750e+01
4.699999809265136719e+00 2.789999961853027344e+01 3.009129524230957031e+01
1.125000000000000000e+01 3.100000000000000000e+01 2.005830764770507812e+01
1.010999965667724609e+01 1.500000000000000000e+01 2.320209693908691406e+01
7.440000057220458984e+00 5.000000000000000000e+01 2.382290840148925781e+01
1.413000011444091797e+01 1.989999961853027344e+01 2.026695442199707031e+01
2.770999908447265625e+01 1.319999980926513672e+01 9.668023109436035156e+00
1.476000022888183594e+01 2.010000038146972656e+01 2.794452285766601562e+01
1.278999996185302734e+01 2.220000076293945312e+01 1.930081367492675781e+01
1.343999958038330078e+01 1.929999923706054688e+01 1.960299682617187500e+01
2.980000019073486328e+00 3.200000000000000000e+01 4.021209335327148438e+01
1.865999984741210938e+01 1.950000000000000000e+01 1.635486602783203125e+01
8.579999923706054688e+00 2.389999961853027344e+01 1.679126358032226562e+01
5.190000057220458984e+00 2.370000076293945312e+01 3.886589050292968750e+01
7.730000019073486328e+00 2.439999961853027344e+01 2.057489585876464844e+01
3.477000045776367188e+01 1.380000019073486328e+01 4.341783523559570312e-01
2.929000091552734375e+01 1.180000019073486328e+01 5.688038825988769531e+00
9.880000114440917969e+00 2.170000076293945312e+01 2.563583564758300781e+01
1.834000015258789062e+01 1.430000019073486328e+01 1.392470169067382812e+01
8.260000228881835938e+00 2.039999961853027344e+01 2.418145179748535156e+01
3.920000076293945312e+00 4.670000076293945312e+01 3.275033569335937500e+01
7.010000228881835938e+00 2.500000000000000000e+01 2.278612899780273438e+01
9.250000000000000000e+00 2.089999961853027344e+01 1.747328186035156250e+01
1.757999992370605469e+01 1.879999923706054688e+01 1.330302906036376953e+01
7.880000114440917969e+00 1.189999961853027344e+01 2.080831146240234375e+01
2.034000015258789062e+01 1.350000000000000000e+01 1.103027629852294922e+01
9.590000152587890625e+00 3.379999923706054688e+01 3.210187530517578125e+01
7.219999790191650391e+00 2.389999961853027344e+01 2.707881736755371094e+01
9.449999809265136719e+00 3.620000076293945312e+01 2.367469596862792969e+01
5.329999923706054688e+00 3.620000076293945312e+01 2.674950981140136719e+01
3.130000114440917969e+00 3.759999847412109375e+01 4.134365463256835938e+01
4.969999790191650391e+00 2.250000000000000000e+01 3.019284248352050781e+01
