1.980000019073486328e+00 3.490000152587890625e+01 3.210380935668945312e+01
1.310999965667724609e+01 2.139999961853027344e+01 2.101762962341308594e+01
7.369999885559082031e+00 2.329999923706054688e+01 2.378572463989257812e+01
2.980000019073486328e+00 3.200000000000000000e+01 4.754389190673828125e+01
1.865999984741210938e+01 1.950000000000000000e+01 1.530194091796875000e+01
2.123999977111816406e+01 1.330000019073486328e+01 1.630709457397460938e+01
1.010999965667724609e+01 2.320000076293945312e+01 1.500165653228759766e+01
1.050000000000000000e+01 2.300000000000000000e+01 1.716395187377929688e+01
1.711000061035156250e+01 1.510000038146972656e+01 1.596205711364746094e+01
3.160000085830688477e+00 4.350000000000000000e+01 5.001626586914062500e+01
1.285999965667724609e+01 2.250000000000000000e+01 1.799954795837402344e+01
9.539999961853027344e+00 2.510000038146972656e+01 3.550379180908203125e+01
2.438999938964843750e+01 8.300000190734863281e+00 5.743724346160888672e+00
1.214000034332275391e+01 2.379999923706054688e+01 2.647291946411132812e+01
4.670000076293945312e+00 2.350000000000000000e+01 3.613450241088867188e+01
1.871999931335449219e+01 1.519999980926513672e+01 1.636951255798339844e+01
1.584000015258789062e+01 2.029999923706054688e+01 1.592449474334716797e+01
1.044999980926513672e+01 2.279999923706054688e+01 1.850054359436035156e+01
8.050000190734863281e+00 1.820000076293945312e+01 3.299869155883789062e+01
2.470000028610229492e+00 4.170000076293945312e+01 3.263909578323364258e+00
8.670000076293945312e+00 2.639999961853027344e+01 1.605041122436523438e+01
1.364999961853027344e+01 2.070000076293945312e+01 1.629894256591796875e+01
1.576000022888183594e+01 1.829999923706054688e+01 1.944759559631347656e+01
1.443000030517578125e+01 1.739999961853027344e+01 9.896792411804199219e+00
4.980000019073486328e+00 2.400000000000000000e+01 2.357772827148437500e+01
1.140999984741210938e+01 2.000000000000000000e+01 2.071793937683105469e+01
7.139999866485595703e+00 2.320000076293945312e+01 2.719892692565917969e+01
6.860000133514404297e+00 2.329999923706054688e+01 2.270850563049316406e+01
2.145000076293945312e+01 1.539999961853027344e+01 2.054447174072265625e+01
5.639999866485595703e+00 2.389999961853027344e+01 2.621335029602050781e+01
6.750000000000000000e+00 2.070000076293945312e+01 2.372396278381347656e+01
4.699999809265136719e+00 2.789999961853027344e+01 2.983088874816894531e+01
1.023999977111816406e+01 1.939999961853027344e+01 1.833705329895019531e+01
8.050000190734863281e+00 2.900000000000000000e+01 3.299869155883789062e+01
1.435999965667724609e+01 2.320000076293945312e+01 1.221271705627441406e+01
6.150000095367431641e+00 2.300000000000000000e+01 2.338772010803222656e+01
6.360000133514404297e+00 3.160000038146972656e+01 2.338820266723632812e+01
1.806999969482421875e+01 1.360000038146972656e+01 1.823163986206054688e+01
3.539999961853027344e+00 4.279999923706054688e+01 3.395646286010742188e+01
1.150000000000000000e+01 1.620000076293945312e+01 2.121567344665527344e+01
1.497999954223632812e+01 1.910000038146972656e+01 1.354836559295654297e+01
1.727000045776367188e+01 2.170000076293945312e+01 1.607399940490722656e+01
7.179999828338623047e+00 2.389999961853027344e+01 2.840239906311035156e+01
4.840000152587890625e+00 2.660000038146972656e+01 3.489054107666015625e+01
2.726000022888183594e+01 1.569999980926513672e+01 3.925089120864868164e+00
7.599999904632568359e+00 3.010000038146972656e+01 2.230975914001464844e+01
9.289999961853027344e+00 1.870000076293945312e+01 2.363237190246582031e+01
3.950000047683715820e+00 3.160000038146972656e+01 4.829636764526367188e+01
1.793000030517578125e+01 2.050000000000000000e+01 2.034540748596191406e+01
1.039999961853027344e+01 2.170000076293945312e+01 2.175093269348144531e+01
