5.119999885559082031e+00 5.000000000000000000e+01 2.217502593994140625e+01
8.789999961853027344e+00 2.089999961853027344e+01 1.721330070495605469e+01
1.469999980926513672e+01 2.000000000000000000e+01 1.813332939147949219e+01
2.152000045776367188e+01 1.100000000000000000e+01 1.751700973510742188e+01
3.080999946594238281e+01 7.199999809265136719e+00 1.405331492424011230e-01
6.780000209808349609e+00 2.410000038146972656e+01 2.357760429382324219e+01
3.198999977111816406e+01 7.400000095367431641e+00 2.028169110417366028e-03
1.651000022888183594e+01 1.389999961853027344e+01 1.283367538452148438e+01
2.329000091552734375e+01 1.339999961853027344e+01 1.021264553070068359e+01
1.039999961853027344e+01 2.170000076293945312e+01 2.099796485900878906e+01
8.930000305175781250e+00 2.839999961853027344e+01 1.241824817657470703e+01
1.987999916076660156e+01 1.450000000000000000e+01 1.940069007873535156e+01
4.860000133514404297e+00 3.309999847412109375e+01 3.409231948852539062e+01
4.590000152587890625e+00 3.540000152587890625e+01 4.105218887329101562e+01
2.007999992370605469e+01 1.629999923706054688e+01 1.027594375610351562e+01
8.050000190734863281e+00 1.820000076293945312e+01 3.125660514831542969e+01
6.860000133514404297e+00 2.329999923706054688e+01 2.732958412170410156e+01
7.789999961853027344e+00 1.860000038146972656e+01 2.244125366210937500e+01
2.779999923706054688e+01 1.380000019073486328e+01 1.915299773216247559e+00
1.164999961853027344e+01 2.429999923706054688e+01 1.584542655944824219e+01
5.039999961853027344e+00 3.720000076293945312e+01 2.350440025329589844e+01
7.739999771118164062e+00 2.370000076293945312e+01 2.397154617309570312e+01
3.529999971389770508e+00 3.240000152587890625e+01 1.252089595794677734e+01
3.062000083923339844e+01 1.019999980926513672e+01 2.780963480472564697e-01
1.712000083923339844e+01 1.310000038146972656e+01 1.881962585449218750e+01
1.571000003814697266e+01 2.170000076293945312e+01 9.839539527893066406e+00
8.260000228881835938e+00 2.039999961853027344e+01 2.082016754150390625e+01
2.287999916076660156e+01 1.280000019073486328e+01 6.459735393524169922e+00
1.278999996185302734e+01 2.220000076293945312e+01 1.705565261840820312e+01
1.343999958038330078e+01 1.500000000000000000e+01 2.045156097412109375e+01
1.478999996185302734e+01 3.070000076293945312e+01 1.791706275939941406e+01
2.379000091552734375e+01 1.080000019073486328e+01 9.378179550170898438e+00
8.810000419616699219e+00 2.260000038146972656e+01 1.629553222656250000e+01
2.396999931335449219e+01 7.000000000000000000e+00 1.505507755279541016e+01
1.332999992370605469e+01 2.310000038146972656e+01 1.864970397949218750e+01
2.360000038146972656e+01 1.130000019073486328e+01 7.786686897277832031e+00
1.063000011444091797e+01 1.860000038146972656e+01 2.063394165039062500e+01
6.719999790191650391e+00 2.420000076293945312e+01 2.285054588317871094e+01
1.410000038146972656e+01 2.079999923706054688e+01 1.996267318725585938e+01
1.452000045776367188e+01 1.089999961853027344e+01 1.566304969787597656e+01
1.310999965667724609e+01 2.139999961853027344e+01 2.219950294494628906e+01
8.229999542236328125e+00 2.200000000000000000e+01 2.118251228332519531e+01
3.809999942779541016e+00 4.850000000000000000e+01 1.775268936157226562e+01
2.645000076293945312e+01 8.699999809265136719e+00 1.773062586784362793e+00
3.062999916076660156e+01 8.800000190734863281e+00 2.682846486568450928e-01
1.280000019073486328e+01 1.839999961853027344e+01 1.728884124755859375e+01
9.039999961853027344e+00 2.360000038146972656e+01 1.093203926086425781e+01
1.300000000000000000e+01 2.170000076293945312e+01 1.920219421386718750e+01
1.201000022888183594e+01 2.179999923706054688e+01 2.077230453491210938e+01
2.639999961853027344e+01 1.720000076293945312e+01 1.483311295509338379e+00
