2.107999992370605469e+01 1.089999961853027344e+01 1.515986061096191406e+01
6.860000133514404297e+00 2.329999923706054688e+01 2.272943878173828125e+01
2.145000076293945312e+01 1.539999961853027344e+01 2.049811553955078125e+01
6.619999885559082031e+00 3.459999847412109375e+01 2.778605270385742188e+01
1.410000038146972656e+01 1.829999923706054688e+01 2.114649391174316406e+01
4.500000000000000000e+00 3.010000038146972656e+01 2.946078109741210938e+01
2.954999923706054688e+01 2.370000076293945312e+01 4.566316604614257812e+00
1.382999992370605469e+01 1.960000038146972656e+01 1.319075012207031250e+01
2.737999916076660156e+01 8.500000000000000000e+00 7.450394630432128906e+00
1.138000011444091797e+01 2.200000000000000000e+01 1.995189666748046875e+01
1.593999958038330078e+01 1.979999923706054688e+01 1.711156272888183594e+01
3.160000085830688477e+00 4.350000000000000000e+01 3.734220504760742188e+01
1.027000045776367188e+01 2.079999923706054688e+01 1.876607513427734375e+01
6.750000000000000000e+00 2.070000076293945312e+01 2.372013854980468750e+01
1.712000083923339844e+01 1.310000038146972656e+01 1.592207908630371094e+01
4.670000076293945312e+00 2.350000000000000000e+01 3.611837387084960938e+01
1.013000011444091797e+01 2.470000076293945312e+01 1.958919334411621094e+01
2.953000068664550781e+01 1.460000038146972656e+01 4.440095901489257812e+00
1.250000000000000000e+01 1.760000038146972656e+01 1.649538230895996094e+01
4.840000152587890625e+00 2.660000038146972656e+01 3.583938980102539062e+01
5.250000000000000000e+00 3.170000076293945312e+01 2.572432708740234375e+01
1.413000011444091797e+01 1.989999961853027344e+01 2.012899398803710938e+01
3.160000085830688477e+00 5.000000000000000000e+01 3.734220504760742188e+01
8.649999618530273438e+00 1.650000000000000000e+01 2.710360336303710938e+01
7.440000057220458984e+00 5.000000000000000000e+01 2.469614028930664062e+01
2.980000019073486328e+00 3.200000000000000000e+01 4.856806182861328125e+01
1.644000053405761719e+01 1.260000038146972656e+01 1.528898048400878906e+01
1.517000007629394531e+01 1.380000019073486328e+01 1.170118141174316406e+01
6.530000209808349609e+00 2.660000038146972656e+01 2.720814132690429688e+01
1.314999961853027344e+01 2.960000038146972656e+01 1.989061927795410156e+01
1.792000007629394531e+01 2.150000000000000000e+01 1.046237182617187500e+01
1.804999923706054688e+01 9.600000381469726562e+00 1.732475662231445312e+01
1.164000034332275391e+01 2.270000076293945312e+01 2.697858047485351562e+01
1.730999946594238281e+01 1.560000038146972656e+01 1.322706317901611328e+01
9.140000343322753906e+00 2.160000038146972656e+01 2.249277496337890625e+01
1.710000038146972656e+01 1.889999961853027344e+01 1.475161552429199219e+01
1.760000038146972656e+01 2.310000038146972656e+01 1.780302810668945312e+01
1.359000015258789062e+01 2.450000000000000000e+01 1.924695587158203125e+01
7.699999809265136719e+00 2.039999961853027344e+01 2.483210182189941406e+01
1.885000038146972656e+01 1.539999961853027344e+01 1.304926109313964844e+01
9.430000305175781250e+00 2.050000000000000000e+01 3.020164871215820312e+01
8.810000419616699219e+00 2.260000038146972656e+01 2.913817214965820312e+01
4.559999942779541016e+00 3.490000152587890625e+01 2.978422164916992188e+01
8.579999923706054688e+00 2.389999961853027344e+01 2.598869132995605469e+01
8.789999961853027344e+00 2.089999961853027344e+01 2.480341529846191406e+01
1.930999946594238281e+01 1.300000000000000000e+01 1.137392616271972656e+01
6.679999828338623047e+00 3.200000000000000000e+01 2.589716339111328125e+01
1.436999988555908203e+01 2.200000000000000000e+01 1.599590110778808594e+01
1.211999988555908203e+01 1.530000019073486328e+01 2.661953926086425781e+01
2.996999931335449219e+01 6.300000190734863281e+00 1.230853080749511719e+01
