1.459000015258789062e+01 1.710000038146972656e+01 1.427898311614990234e+01
8.100000381469726562e+00 2.200000000000000000e+01 2.172507667541503906e+01
5.889999866485595703e+00 2.660000038146972656e+01 2.277335548400878906e+01
1.413000011444091797e+01 1.989999961853027344e+01 1.756621742248535156e+01
6.150000095367431641e+00 2.300000000000000000e+01 2.771167564392089844e+01
9.380000114440917969e+00 2.810000038146972656e+01 2.486491394042968750e+01
3.009999990463256836e+00 4.600000000000000000e+01 3.220408248901367188e+01
1.584000015258789062e+01 2.029999923706054688e+01 1.016244602203369141e+01
1.293000030517578125e+01 2.010000038146972656e+01 2.091706848144531250e+01
1.300000000000000000e+01 2.110000038146972656e+01 2.169475364685058594e+01
9.220000267028808594e+00 1.960000038146972656e+01 1.995551300048828125e+01
2.642000007629394531e+01 1.560000038146972656e+01 2.391356945037841797e+00
1.250000000000000000e+01 1.760000038146972656e+01 1.671372413635253906e+01
9.689999580383300781e+00 2.870000076293945312e+01 2.094488525390625000e+01
7.730000019073486328e+00 2.439999961853027344e+01 2.271761894226074219e+01
1.555000019073486328e+01 1.939999961853027344e+01 1.191248035430908203e+01
1.885000038146972656e+01 1.539999961853027344e+01 1.341322135925292969e+01
3.730000019073486328e+00 5.000000000000000000e+01 3.533801269531250000e+01
1.110000038146972656e+01 2.379999923706054688e+01 1.269520473480224609e+01
1.621999931335449219e+01 1.430000019073486328e+01 1.812098121643066406e+01
1.659000015258789062e+01 1.839999961853027344e+01 1.334394645690917969e+01
1.264000034332275391e+01 1.610000038146972656e+01 1.562128067016601562e+01
7.789999961853027344e+00 2.500000000000000000e+01 3.599410247802734375e+01
1.792000007629394531e+01 2.150000000000000000e+01 1.086749458312988281e+01
8.880000114440917969e+00 5.000000000000000000e+01 2.398889923095703125e+01
2.540999984741210938e+01 1.729999923706054688e+01 1.555219054222106934e+00
1.715999984741210938e+01 1.169999980926513672e+01 1.873313331604003906e+01
2.645000076293945312e+01 8.699999809265136719e+00 2.897054672241210938e+00
6.719999790191650391e+00 2.479999923706054688e+01 2.257948303222656250e+01
2.045000076293945312e+01 1.500000000000000000e+01 8.035316467285156250e+00
5.389999866485595703e+00 3.490000152587890625e+01 2.675061416625976562e+01
8.010000228881835938e+00 2.110000038146972656e+01 1.880214500427246094e+01
4.590000152587890625e+00 3.540000152587890625e+01 4.127666854858398438e+01
1.712000083923339844e+01 1.310000038146972656e+01 1.595877075195312500e+01
1.835000038146972656e+01 1.310000038146972656e+01 1.348010063171386719e+01
9.470000267028808594e+00 2.500000000000000000e+01 3.181549835205078125e+01
1.593999958038330078e+01 1.979999923706054688e+01 7.386204719543457031e+00
2.030999946594238281e+01 1.210000038146972656e+01 1.198425579071044922e+01
1.057999992370605469e+01 2.120000076293945312e+01 1.980663681030273438e+01
1.243000030517578125e+01 1.710000038146972656e+01 2.289501953125000000e+01
1.992000007629394531e+01 8.500000000000000000e+00 7.481810569763183594e+00
2.490999984741210938e+01 1.200000000000000000e+01 1.162102222442626953e+00
1.409000015258789062e+01 2.039999961853027344e+01 1.994074630737304688e+01
1.086999988555908203e+01 2.260000038146972656e+01 1.128036403656005859e+01
4.380000114440917969e+00 2.910000038146972656e+01 3.242337799072265625e+01
2.993000030517578125e+01 1.650000000000000000e+01 5.516710758209228516e+00
1.202999973297119141e+01 1.610000038146972656e+01 2.174529647827148438e+01
1.805999946594238281e+01 1.519999980926513672e+01 1.361633110046386719e+01
1.260000038146972656e+01 1.920000076293945312e+01 1.454632472991943359e+01
1.427000045776367188e+01 2.029999923706054688e+01 1.418445968627929688e+01
