3.440999984741210938e+01 1.439999961853027344e+01 3.339070320129394531e+00
2.737999916076660156e+01 8.500000000000000000e+00 2.981034517288208008e+00
2.880000114440917969e+00 5.000000000000000000e+01 3.658226394653320312e+01
1.728000068664550781e+01 1.480000019073486328e+01 1.799798202514648438e+01
1.539000034332275391e+01 1.800000000000000000e+01 6.825929164886474609e+00
7.599999904632568359e+00 2.229999923706054688e+01 3.412173461914062500e+01
1.073999977111816406e+01 2.300000000000000000e+01 1.882167816162109375e+01
1.937000083923339844e+01 1.250000000000000000e+01 1.656558418273925781e+01
7.599999904632568359e+00 3.010000038146972656e+01 3.412173461914062500e+01
7.789999961853027344e+00 1.860000038146972656e+01 3.040654945373535156e+01
3.009999990463256836e+00 4.600000000000000000e+01 3.347631072998046875e+01
2.970000028610229492e+00 5.000000000000000000e+01 4.058312988281250000e+01
2.645000076293945312e+01 8.699999809265136719e+00 1.389221668243408203e+01
7.010000228881835938e+00 2.500000000000000000e+01 2.667381477355957031e+01
5.980000019073486328e+00 2.210000038146972656e+01 2.290395545959472656e+01
5.519999980926513672e+00 2.279999923706054688e+01 2.605988121032714844e+01
1.300000000000000000e+01 2.110000038146972656e+01 1.618506240844726562e+01
6.780000209808349609e+00 2.410000038146972656e+01 2.160791587829589844e+01
5.190000057220458984e+00 2.370000076293945312e+01 2.920836257934570312e+01
1.059000015258789062e+01 2.060000038146972656e+01 2.075642395019531250e+01
8.050000190734863281e+00 2.900000000000000000e+01 3.285977172851562500e+01
2.770999908447265625e+01 1.319999980926513672e+01 9.703883171081542969e+00
5.909999847412109375e+00 4.879999923706054688e+01 2.407149696350097656e+01
1.571000003814697266e+01 2.170000076293945312e+01 7.664265632629394531e+00
6.360000133514404297e+00 2.310000038146972656e+01 2.850304603576660156e+01
9.449999809265136719e+00 3.620000076293945312e+01 2.586072921752929688e+01
2.396999931335449219e+01 7.000000000000000000e+00 1.860285949707031250e+01
2.470000028610229492e+00 4.170000076293945312e+01 1.204084014892578125e+01
5.210000038146972656e+00 2.870000076293945312e+01 2.802016258239746094e+01
9.430000305175781250e+00 2.050000000000000000e+01 2.686846351623535156e+01
1.026000022888183594e+01 1.820000076293945312e+01 2.079812431335449219e+01
3.700000047683715820e+00 5.000000000000000000e+01 2.661870956420898438e+01
2.831999969482421875e+01 1.779999923706054688e+01 8.988507270812988281e+00
1.497999954223632812e+01 1.910000038146972656e+01 1.483467674255371094e+01
1.621999931335449219e+01 1.430000019073486328e+01 1.337795639038085938e+01
2.397999954223632812e+01 1.180000019073486328e+01 1.924848175048828125e+01
8.260000228881835938e+00 2.039999961853027344e+01 2.114215278625488281e+01
1.593999958038330078e+01 1.979999923706054688e+01 1.596971607208251953e+01
1.464000034332275391e+01 1.679999923706054688e+01 1.719919586181640625e+01
1.111999988555908203e+01 2.300000000000000000e+01 2.315281677246093750e+01
1.502999973297119141e+01 1.839999961853027344e+01 1.550877571105957031e+01
2.327000045776367188e+01 1.339999961853027344e+01 1.247799110412597656e+01
8.930000305175781250e+00 2.839999961853027344e+01 4.000265502929687500e+01
4.559999942779541016e+00 2.979999923706054688e+01 3.497137451171875000e+01
9.550000190734863281e+00 2.120000076293945312e+01 2.465356826782226562e+01
1.144999980926513672e+01 2.060000038146972656e+01 2.127364158630371094e+01
1.659000015258789062e+01 1.839999961853027344e+01 1.635036659240722656e+01
6.900000095367431641e+00 3.010000038146972656e+01 2.816943168640136719e+01
1.344999980926513672e+01 1.970000076293945312e+01 1.795052146911621094e+01
2.993000030517578125e+01 1.650000000000000000e+01 3.609950542449951172e+00
