1.779000091552734375e+01 1.489999961853027344e+01 1.347483253479003906e+01
1.140999984741210938e+01 2.000000000000000000e+01 2.073803520202636719e+01
7.010000228881835938e+00 2.500000000000000000e+01 2.496067810058593750e+01
3.809999942779541016e+00 4.850000000000000000e+01 3.453857040405273438e+01
1.871999931335449219e+01 1.519999980926513672e+01 1.633444595336914062e+01
1.300000000000000000e+01 2.170000076293945312e+01 2.105860710144042969e+01
1.213000011444091797e+01 2.789999961853027344e+01 1.947646141052246094e+01
5.329999923706054688e+00 3.620000076293945312e+01 2.937732696533203125e+01
2.737999916076660156e+01 8.500000000000000000e+00 6.678281307220458984e+00
1.992000007629394531e+01 8.500000000000000000e+00 1.232876014709472656e+01
2.960000038146972656e+00 5.000000000000000000e+01 4.349715423583984375e+01
1.744000053405761719e+01 1.339999961853027344e+01 1.031437301635742188e+01
2.287999916076660156e+01 1.280000019073486328e+01 4.248763561248779297e+00
2.107999992370605469e+01 1.089999961853027344e+01 1.483886814117431641e+01
7.389999866485595703e+00 2.329999923706054688e+01 2.704928207397460938e+01
4.690000057220458984e+00 3.050000000000000000e+01 2.624592781066894531e+01
1.042000007629394531e+01 2.179999923706054688e+01 2.170262336730957031e+01
2.929000091552734375e+01 1.180000019073486328e+01 3.076250553131103516e+00
4.500000000000000000e+00 3.010000038146972656e+01 2.912059020996093750e+01
8.770000457763671875e+00 2.100000000000000000e+01 2.042696189880371094e+01
2.045000076293945312e+01 1.500000000000000000e+01 7.061382293701171875e+00
4.139999866485595703e+00 4.479999923706054688e+01 3.187408638000488281e+01
7.599999904632568359e+00 2.229999923706054688e+01 2.177795219421386719e+01
1.620999908447265625e+01 1.879999923706054688e+01 1.677162933349609375e+01
7.599999904632568359e+00 3.010000038146972656e+01 2.177795219421386719e+01
1.919999957084655762e+00 5.000000000000000000e+01 2.755410194396972656e+01
2.178000068664550781e+01 1.019999980926513672e+01 2.046698570251464844e+00
1.728000068664550781e+01 1.480000019073486328e+01 1.785801887512207031e+01
1.327000045776367188e+01 2.170000076293945312e+01 1.891245841979980469e+01
6.190000057220458984e+00 3.320000076293945312e+01 2.370873832702636719e+01
7.440000057220458984e+00 5.000000000000000000e+01 2.468386840820312500e+01
6.860000133514404297e+00 2.329999923706054688e+01 2.263188743591308594e+01
5.989999771118164062e+00 2.450000000000000000e+01 2.351512527465820312e+01
1.173999977111816406e+01 1.850000000000000000e+01 1.724394416809082031e+01
4.030000209808349609e+00 3.470000076293945312e+01 3.156407737731933594e+01
1.360999965667724609e+01 1.929999923706054688e+01 2.262403297424316406e+01
7.559999942779541016e+00 3.979999923706054688e+01 2.234314155578613281e+01
9.449999809265136719e+00 3.620000076293945312e+01 2.250062561035156250e+01
1.044999980926513672e+01 1.850000000000000000e+01 2.278449440002441406e+01
1.144999980926513672e+01 2.060000038146972656e+01 2.099198913574218750e+01
1.023999977111816406e+01 1.939999961853027344e+01 1.830115509033203125e+01
8.229999542236328125e+00 2.200000000000000000e+01 2.057420539855957031e+01
1.334000015258789062e+01 2.060000038146972656e+01 2.150896835327148438e+01
3.529999971389770508e+00 2.960000038146972656e+01 3.270514678955078125e+01
1.015999984741210938e+01 2.279999923706054688e+01 2.038804817199707031e+01
8.100000381469726562e+00 3.650000000000000000e+01 2.200606346130371094e+01
9.680000305175781250e+00 1.889999961853027344e+01 2.545627021789550781e+01
4.559999942779541016e+00 3.490000152587890625e+01 2.985556030273437500e+01
6.469999790191650391e+00 3.340000152587890625e+01 2.216588592529296875e+01
1.226000022888183594e+01 1.960000038146972656e+01 1.932854270935058594e+01
