1.015999984741210938e+01 2.279999923706054688e+01 2.038906669616699219e+01
2.642000007629394531e+01 1.560000038146972656e+01 1.351735115051269531e+01
1.138000011444091797e+01 2.200000000000000000e+01 1.932054710388183594e+01
2.579000091552734375e+01 7.500000000000000000e+00 4.077290058135986328e+00
4.380000114440917969e+00 2.910000038146972656e+01 3.125390625000000000e+01
1.865999984741210938e+01 1.950000000000000000e+01 1.504358768463134766e+01
1.214000034332275391e+01 2.379999923706054688e+01 2.615989685058593750e+01
1.469999980926513672e+01 2.000000000000000000e+01 2.220648384094238281e+01
8.930000305175781250e+00 2.839999961853027344e+01 2.567019081115722656e+01
2.034000015258789062e+01 1.350000000000000000e+01 7.875224113464355469e+00
2.007999992370605469e+01 1.629999923706054688e+01 4.003982067108154297e+00
7.730000019073486328e+00 2.439999961853027344e+01 2.265136337280273438e+01
5.519999980926513672e+00 2.279999923706054688e+01 2.320066261291503906e+01
1.465999984741210938e+01 2.439999961853027344e+01 1.755447006225585938e+01
1.335000038146972656e+01 2.010000038146972656e+01 1.969651412963867188e+01
1.140999984741210938e+01 2.000000000000000000e+01 1.911009788513183594e+01
5.389999866485595703e+00 3.490000152587890625e+01 2.414227485656738281e+01
1.760000038146972656e+01 1.779999923706054688e+01 2.302320098876953125e+01
5.679999828338623047e+00 2.220000076293945312e+01 3.242486953735351562e+01
2.178000068664550781e+01 1.019999980926513672e+01 2.051284074783325195e+00
3.539999961853027344e+00 4.279999923706054688e+01 3.294029998779296875e+01
5.329999923706054688e+00 3.620000076293945312e+01 2.935097503662109375e+01
2.737999916076660156e+01 8.500000000000000000e+00 6.689557552337646484e+00
3.319999933242797852e+00 5.000000000000000000e+01 3.087305068969726562e+01
1.364999961853027344e+01 2.070000076293945312e+01 1.584500980377197266e+01
2.131999969482421875e+01 1.910000038146972656e+01 1.329206752777099609e+01
2.970000028610229492e+00 5.000000000000000000e+01 4.094094085693359375e+01
8.260000228881835938e+00 2.039999961853027344e+01 1.916339683532714844e+01
9.500000000000000000e+00 2.500000000000000000e+01 2.203307342529296875e+01
8.579999923706054688e+00 2.389999961853027344e+01 2.566993141174316406e+01
6.920000076293945312e+00 2.989999961853027344e+01 3.382658386230468750e+01
1.629000091552734375e+01 1.989999961853027344e+01 1.519100570678710938e+01
1.727000045776367188e+01 1.610000038146972656e+01 2.149706649780273438e+01
6.360000133514404297e+00 2.310000038146972656e+01 2.763007926940917969e+01
2.145000076293945312e+01 1.539999961853027344e+01 2.029269981384277344e+01
1.172000026702880859e+01 1.939999961853027344e+01 1.881195068359375000e+01
1.023999977111816406e+01 1.939999961853027344e+01 1.830270195007324219e+01
6.289999961853027344e+00 2.460000038146972656e+01 2.713327980041503906e+01
1.879999923706054688e+01 1.660000038146972656e+01 1.849503517150878906e+01
1.232999992370605469e+01 2.010000038146972656e+01 2.058716201782226562e+01
8.649999618530273438e+00 1.650000000000000000e+01 2.695000267028808594e+01
9.100000381469726562e+00 2.029999923706054688e+01 1.990568351745605469e+01
1.511999988555908203e+01 1.700000000000000000e+01 1.563755989074707031e+01
1.694000053405761719e+01 1.350000000000000000e+01 1.739454460144042969e+01
1.459000015258789062e+01 1.710000038146972656e+01 1.287857723236083984e+01
1.719000053405761719e+01 1.620000076293945312e+01 1.078075122833251953e+01
3.759999990463256836e+00 3.150000000000000000e+01 4.541819763183593750e+01
1.730000019073486328e+00 5.000000000000000000e+01 1.072179031372070312e+01
4.809999942779541016e+00 3.540000152587890625e+01 3.597195434570312500e+01
7.849999904632568359e+00 3.220000076293945312e+01 1.613716697692871094e+01
