7.730000019073486328e+00 2.439999961853027344e+01 2.724442672729492188e+01
2.415999984741210938e+01 1.400000000000000000e+01 7.948165416717529297e+00
1.727000045776367188e+01 1.610000038146972656e+01 1.120894527435302734e+01
1.695999908447265625e+01 1.810000038146972656e+01 9.466111183166503906e+00
2.030999946594238281e+01 1.210000038146972656e+01 1.279549980163574219e+01
1.410000038146972656e+01 1.829999923706054688e+01 1.497162628173828125e+01
9.380000114440917969e+00 2.810000038146972656e+01 2.014035415649414062e+01
1.351000022888183594e+01 2.329999923706054688e+01 1.793226623535156250e+01
5.699999809265136719e+00 2.870000076293945312e+01 2.255408668518066406e+01
4.079999923706054688e+00 3.329999923706054688e+01 3.050028038024902344e+01
2.121999931335449219e+01 1.720000076293945312e+01 1.163809871673583984e+01
8.470000267028808594e+00 1.989999961853027344e+01 2.502345466613769531e+01
7.219999790191650391e+00 2.389999961853027344e+01 2.229030990600585938e+01
1.876000022888183594e+01 2.320000076293945312e+01 1.419780921936035156e+01
9.510000228881835938e+00 2.479999923706054688e+01 2.144662475585937500e+01
7.199999809265136719e+00 2.379999923706054688e+01 2.234157371520996094e+01
1.834000015258789062e+01 1.430000019073486328e+01 1.311351585388183594e+01
1.644000053405761719e+01 1.260000038146972656e+01 4.617369174957275391e+00
9.970000267028808594e+00 1.929999923706054688e+01 2.578535270690917969e+01
4.610000133514404297e+00 3.120000076293945312e+01 3.429800415039062500e+01
1.260000038146972656e+01 1.920000076293945312e+01 1.780881881713867188e+01
1.476000022888183594e+01 2.010000038146972656e+01 1.844496917724609375e+01
1.879999923706054688e+01 1.660000038146972656e+01 1.370429897308349609e+01
6.050000190734863281e+00 3.320000076293945312e+01 2.263672256469726562e+01
1.497999954223632812e+01 1.910000038146972656e+01 1.443448829650878906e+01
2.329000091552734375e+01 1.339999961853027344e+01 2.027162313461303711e+00
5.889999866485595703e+00 2.660000038146972656e+01 2.187235260009765625e+01
9.590000152587890625e+00 3.379999923706054688e+01 2.305705261230468750e+01
6.719999790191650391e+00 2.420000076293945312e+01 2.213803672790527344e+01
8.260000228881835938e+00 2.039999961853027344e+01 2.203673171997070312e+01
5.679999828338623047e+00 3.250000000000000000e+01 2.284988784790039062e+01
1.343999958038330078e+01 1.500000000000000000e+01 1.968195152282714844e+01
3.440999984741210938e+01 1.439999961853027344e+01 1.631925201416015625e+01
6.570000171661376953e+00 2.189999961853027344e+01 2.211267471313476562e+01
1.937000083923339844e+01 1.250000000000000000e+01 1.859923934936523438e+01
9.970000267028808594e+00 2.029999923706054688e+01 2.578535270690917969e+01
2.397999954223632812e+01 1.929999923706054688e+01 7.625388145446777344e+00
1.214000034332275391e+01 2.379999923706054688e+01 1.584201335906982422e+01
2.779999923706054688e+01 1.380000019073486328e+01 1.256629347801208496e+00
1.464000034332275391e+01 1.679999923706054688e+01 1.806875419616699219e+01
1.327000045776367188e+01 1.889999961853027344e+01 2.169884300231933594e+01
5.500000000000000000e+00 2.360000038146972656e+01 2.758421325683593750e+01
1.728000068664550781e+01 1.480000019073486328e+01 1.135605812072753906e+01
1.578999996185302734e+01 1.939999961853027344e+01 8.074544906616210938e+00
3.920000076293945312e+00 4.670000076293945312e+01 3.567077636718750000e+01
9.079999923706054688e+00 2.060000038146972656e+01 2.314518547058105469e+01
1.711000061035156250e+01 1.510000038146972656e+01 1.277506065368652344e+01
1.150000000000000000e+01 1.620000076293945312e+01 1.795958900451660156e+01
2.334000015258789062e+01 1.189999961853027344e+01 2.181331396102905273e+00
5.079999923706054688e+00 2.460000038146972656e+01 2.518761062622070312e+01
