1.173999977111816406e+01 1.850000000000000000e+01 1.908345603942871094e+01
1.711000061035156250e+01 1.510000038146972656e+01 1.883045768737792969e+01
1.122000026702880859e+01 2.220000076293945312e+01 2.756465148925781250e+01
3.080999946594238281e+01 7.199999809265136719e+00 1.439526844024658203e+01
5.519999980926513672e+00 2.279999923706054688e+01 2.270541000366210938e+01
5.809999942779541016e+00 2.529999923706054688e+01 1.816553306579589844e+01
2.397999954223632812e+01 1.929999923706054688e+01 1.179843044281005859e+01
1.360999965667724609e+01 1.929999923706054688e+01 2.056628990173339844e+01
2.980000019073486328e+00 3.200000000000000000e+01 4.140344619750976562e+01
9.680000305175781250e+00 1.889999961853027344e+01 2.553003311157226562e+01
2.145999908447265625e+01 2.170000076293945312e+01 1.468402767181396484e+01
1.327000045776367188e+01 1.889999961853027344e+01 2.170161056518554688e+01
1.267000007629394531e+01 1.720000076293945312e+01 2.259584617614746094e+01
1.197999954223632812e+01 2.100000000000000000e+01 1.949509429931640625e+01
9.710000038146972656e+00 2.670000076293945312e+01 2.648214721679687500e+01
1.436999988555908203e+01 2.200000000000000000e+01 1.616586112976074219e+01
6.480000019073486328e+00 2.200000000000000000e+01 3.195808982849121094e+01
1.719000053405761719e+01 1.620000076293945312e+01 1.406282997131347656e+01
2.642000007629394531e+01 1.560000038146972656e+01 1.577295970916748047e+01
8.789999961853027344e+00 2.089999961853027344e+01 2.256039047241210938e+01
6.360000133514404297e+00 2.310000038146972656e+01 2.781855010986328125e+01
8.510000228881835938e+00 2.060000038146972656e+01 2.095680046081542969e+01
1.727000045776367188e+01 1.610000038146972656e+01 2.169035720825195312e+01
6.429999828338623047e+00 2.429999923706054688e+01 3.047954177856445312e+01
1.642000007629394531e+01 1.639999961853027344e+01 1.608639526367187500e+01
1.712000083923339844e+01 1.310000038146972656e+01 1.881056594848632812e+01
1.992000007629394531e+01 8.500000000000000000e+00 8.589375495910644531e+00
1.410000038146972656e+01 2.150000000000000000e+01 1.830124473571777344e+01
1.264000034332275391e+01 1.610000038146972656e+01 2.043735885620117188e+01
2.470000028610229492e+00 4.170000076293945312e+01 9.395444869995117188e+00
1.728000068664550781e+01 1.480000019073486328e+01 2.091791343688964844e+01
1.243000030517578125e+01 1.710000038146972656e+01 1.465004348754882812e+01
2.085000038146972656e+01 1.150000000000000000e+01 4.228291988372802734e+00
9.880000114440917969e+00 2.170000076293945312e+01 1.522829532623291016e+01
1.292000007629394531e+01 2.120000076293945312e+01 1.973180580139160156e+01
2.407999992370605469e+01 9.500000000000000000e+00 1.201306629180908203e+01
1.468999958038330078e+01 2.310000038146972656e+01 1.912297821044921875e+01
1.459000015258789062e+01 1.710000038146972656e+01 1.319562053680419922e+01
8.930000305175781250e+00 2.839999961853027344e+01 2.122832870483398438e+01
5.699999809265136719e+00 2.870000076293945312e+01 2.111371231079101562e+01
4.739999771118164062e+00 2.900000000000000000e+01 3.195843505859375000e+01
8.199999809265136719e+00 2.200000000000000000e+01 2.133421707153320312e+01
7.440000057220458984e+00 2.470000076293945312e+01 2.428171920776367188e+01
1.813999938964843750e+01 1.380000019073486328e+01 1.285331726074218750e+01
7.179999828338623047e+00 2.389999961853027344e+01 2.869342231750488281e+01
2.540999984741210938e+01 1.729999923706054688e+01 3.057918310165405273e+00
8.100000381469726562e+00 3.650000000000000000e+01 2.200515365600585938e+01
4.690000057220458984e+00 3.050000000000000000e+01 2.588377571105957031e+01
1.465999984741210938e+01 2.439999961853027344e+01 1.684803581237792969e+01
7.599999904632568359e+00 3.010000038146972656e+01 2.097988319396972656e+01
