1.760000038146972656e+01 1.779999923706054688e+01 2.299099159240722656e+01
9.680000305175781250e+00 1.889999961853027344e+01 2.547360038757324219e+01
6.619999885559082031e+00 3.459999847412109375e+01 2.534771728515625000e+01
1.303999996185302734e+01 1.450000000000000000e+01 2.041630554199218750e+01
6.269999980926513672e+00 2.860000038146972656e+01 2.333589553833007812e+01
1.584000015258789062e+01 2.029999923706054688e+01 1.539378166198730469e+01
7.440000057220458984e+00 5.000000000000000000e+01 2.466521263122558594e+01
8.229999542236328125e+00 2.200000000000000000e+01 2.040052223205566406e+01
3.080999946594238281e+01 1.439999961853027344e+01 3.361873388290405273e+00
3.109999895095825195e+00 4.400000000000000000e+01 4.225038909912109375e+01
1.569999980926513672e+01 1.419999980926513672e+01 1.590607166290283203e+01
9.539999961853027344e+00 2.510000038146972656e+01 2.223161125183105469e+01
1.335000038146972656e+01 2.010000038146972656e+01 2.001197242736816406e+01
1.015999984741210938e+01 2.279999923706054688e+01 1.964625740051269531e+01
9.810000419616699219e+00 2.500000000000000000e+01 1.898534393310546875e+01
5.030000209808349609e+00 3.110000038146972656e+01 2.337003707885742188e+01
8.430000305175781250e+00 2.339999961853027344e+01 2.149973297119140625e+01
9.039999961853027344e+00 2.360000038146972656e+01 1.947967720031738281e+01
2.323999977111816406e+01 1.389999961853027344e+01 1.141396427154541016e+01
1.622999954223632812e+01 1.489999961853027344e+01 1.498810768127441406e+01
1.014999961853027344e+01 2.050000000000000000e+01 1.940517807006835938e+01
1.806999969482421875e+01 1.360000038146972656e+01 2.091608428955078125e+01
5.289999961853027344e+00 2.800000000000000000e+01 2.646145248413085938e+01
1.468999958038330078e+01 2.310000038146972656e+01 1.910445594787597656e+01
2.438999938964843750e+01 8.300000190734863281e+00 5.825405597686767578e+00
1.122000026702880859e+01 2.220000076293945312e+01 2.777808570861816406e+01
8.880000114440917969e+00 5.000000000000000000e+01 2.046292877197265625e+01
5.980000019073486328e+00 2.210000038146972656e+01 2.303640174865722656e+01
9.289999961853027344e+00 1.870000076293945312e+01 2.383469009399414062e+01
8.199999809265136719e+00 2.200000000000000000e+01 2.103572845458984375e+01
1.710000038146972656e+01 1.889999961853027344e+01 1.675223159790039062e+01
1.871999931335449219e+01 1.519999980926513672e+01 1.646849060058593750e+01
4.739999771118164062e+00 2.900000000000000000e+01 3.156584167480468750e+01
1.879999923706054688e+01 1.660000038146972656e+01 1.955178451538085938e+01
1.980000019073486328e+00 3.490000152587890625e+01 3.634801101684570312e+01
1.845999908447265625e+01 1.850000000000000000e+01 1.777026939392089844e+01
3.062999916076660156e+01 8.800000190734863281e+00 9.436758041381835938e+00
1.719000053405761719e+01 1.620000076293945312e+01 1.081957721710205078e+01
6.590000152587890625e+00 2.520000076293945312e+01 2.311067962646484375e+01
5.679999828338623047e+00 3.250000000000000000e+01 2.228964042663574219e+01
1.127999973297119141e+01 1.820000076293945312e+01 2.697286987304687500e+01
1.026000022888183594e+01 1.820000076293945312e+01 1.690848922729492188e+01
1.013000011444091797e+01 2.470000076293945312e+01 1.912038040161132812e+01
8.510000228881835938e+00 2.060000038146972656e+01 2.039225959777832031e+01
6.579999923706054688e+00 3.520000076293945312e+01 2.250797653198242188e+01
1.727000045776367188e+01 2.170000076293945312e+01 1.403022193908691406e+01
1.969000053405761719e+01 1.410000038146972656e+01 6.322391986846923828e+00
1.322000026702880859e+01 2.139999961853027344e+01 1.776771926879882812e+01
2.831999969482421875e+01 1.779999923706054688e+01 7.779297232627868652e-01
1.620999908447265625e+01 1.879999923706054688e+01 1.680982589721679688e+01
