8.199999809265136719e+00 2.200000000000000000e+01 2.186745452880859375e+01
1.382999992370605469e+01 1.960000038146972656e+01 1.476068592071533203e+01
5.289999961853027344e+00 2.189999961853027344e+01 2.731603050231933594e+01
3.198999977111816406e+01 7.400000095367431641e+00 2.330629713833332062e-02
1.267000007629394531e+01 2.260000038146972656e+01 1.761943435668945312e+01
2.131999969482421875e+01 1.330000019073486328e+01 1.907137680053710938e+01
1.727000045776367188e+01 2.170000076293945312e+01 1.609541893005371094e+01
1.125000000000000000e+01 3.100000000000000000e+01 2.012994384765625000e+01
7.670000076293945312e+00 2.650000000000000000e+01 3.593359375000000000e+01
5.809999942779541016e+00 2.529999923706054688e+01 2.625018692016601562e+01
1.711000061035156250e+01 1.510000038146972656e+01 1.856876754760742188e+01
2.880000114440917969e+00 5.000000000000000000e+01 4.207890319824218750e+01
1.140999984741210938e+01 2.000000000000000000e+01 2.146396064758300781e+01
6.119999885559082031e+00 2.500000000000000000e+01 2.782453536987304688e+01
6.269999980926513672e+00 2.860000038146972656e+01 2.614982223510742188e+01
8.510000228881835938e+00 2.060000038146972656e+01 2.031224822998046875e+01
1.459000015258789062e+01 1.710000038146972656e+01 1.775144577026367188e+01
2.152000045776367188e+01 1.100000000000000000e+01 1.815941619873046875e+01
1.364999961853027344e+01 2.070000076293945312e+01 1.757772064208984375e+01
4.739999771118164062e+00 2.900000000000000000e+01 2.964453315734863281e+01
2.828000068664550781e+01 1.050000000000000000e+01 1.574108886718750000e+01
9.250000000000000000e+00 2.089999961853027344e+01 2.032686424255371094e+01
1.517000007629394531e+01 1.169999980926513672e+01 1.342464637756347656e+01
2.726000022888183594e+01 1.569999980926513672e+01 8.506599068641662598e-01
1.327999973297119141e+01 1.960000038146972656e+01 2.070665550231933594e+01
2.490999984741210938e+01 1.200000000000000000e+01 7.565109729766845703e+00
1.969000053405761719e+01 1.410000038146972656e+01 5.279700279235839844e+00
2.211000061035156250e+01 1.050000000000000000e+01 4.174895763397216797e+00
1.871999931335449219e+01 1.519999980926513672e+01 2.103684806823730469e+01
1.292000007629394531e+01 2.120000076293945312e+01 1.981503295898437500e+01
3.759999990463256836e+00 3.150000000000000000e+01 4.538474273681640625e+01
1.059000015258789062e+01 2.060000038146972656e+01 1.984729766845703125e+01
4.449999809265136719e+00 3.290000152587890625e+01 2.147550010681152344e+01
4.320000171661376953e+00 3.079999923706054688e+01 2.180463218688964844e+01
5.039999961853027344e+00 3.720000076293945312e+01 2.971796989440917969e+01
1.868000030517578125e+01 1.670000076293945312e+01 1.922486114501953125e+01
2.045000076293945312e+01 1.500000000000000000e+01 5.607112884521484375e+00
1.267000007629394531e+01 1.720000076293945312e+01 1.761943435668945312e+01
5.500000000000000000e+00 2.700000000000000000e+01 2.361712837219238281e+01
1.812999916076660156e+01 1.410000038146972656e+01 1.374886226654052734e+01
2.178000068664550781e+01 1.019999980926513672e+01 8.691674232482910156e+00
6.360000133514404297e+00 3.160000038146972656e+01 2.706664466857910156e+01
2.145000076293945312e+01 1.539999961853027344e+01 2.134915542602539062e+01
3.950000047683715820e+00 4.829999923706054688e+01 4.309169387817382812e+01
1.173999977111816406e+01 1.850000000000000000e+01 2.517885208129882812e+01
1.409000015258789062e+01 2.039999961853027344e+01 1.841946220397949219e+01
7.599999904632568359e+00 2.229999923706054688e+01 3.815394973754882812e+01
1.469999980926513672e+01 2.000000000000000000e+01 2.251913070678710938e+01
1.987999916076660156e+01 1.450000000000000000e+01 3.634311914443969727e+00
1.744000053405761719e+01 1.339999961853027344e+01 1.632463455200195312e+01
