3.950000047683715820e+00 3.160000038146972656e+01 4.144282531738281250e+01
9.090000152587890625e+00 1.979999923706054688e+01 2.075292778015136719e+01
1.435999965667724609e+01 2.320000076293945312e+01 1.491515159606933594e+01
1.712000083923339844e+01 1.310000038146972656e+01 1.868650436401367188e+01
4.690000057220458984e+00 3.050000000000000000e+01 3.062007522583007812e+01
1.314999961853027344e+01 1.870000076293945312e+01 2.021536636352539062e+01
1.164000034332275391e+01 2.270000076293945312e+01 2.328970909118652344e+01
5.329999923706054688e+00 3.620000076293945312e+01 2.928118896484375000e+01
1.260000038146972656e+01 1.920000076293945312e+01 1.529249095916748047e+01
1.727000045776367188e+01 1.610000038146972656e+01 2.161011886596679688e+01
9.380000114440917969e+00 2.810000038146972656e+01 2.438540077209472656e+01
1.536999988555908203e+01 2.039999961853027344e+01 4.756543159484863281e+00
1.267000007629394531e+01 1.720000076293945312e+01 2.253402328491210938e+01
1.243000030517578125e+01 1.710000038146972656e+01 1.479161071777343750e+01
4.559999942779541016e+00 3.490000152587890625e+01 3.276145935058593750e+01
3.569999933242797852e+00 4.379999923706054688e+01 3.079766464233398438e+01
5.329999923706054688e+00 2.939999961853027344e+01 2.928118896484375000e+01
5.679999828338623047e+00 3.250000000000000000e+01 2.219350051879882812e+01
1.659000015258789062e+01 1.839999961853027344e+01 1.212289714813232422e+01
1.243000030517578125e+01 2.289999961853027344e+01 1.479161071777343750e+01
1.360999965667724609e+01 1.929999923706054688e+01 2.188681030273437500e+01
9.689999580383300781e+00 2.870000076293945312e+01 2.146468734741210938e+01
7.119999885559082031e+00 2.750000000000000000e+01 2.255486679077148438e+01
1.760000038146972656e+01 2.310000038146972656e+01 1.779121398925781250e+01
2.379000091552734375e+01 1.080000019073486328e+01 5.331445217132568359e+00
7.829999923706054688e+00 1.939999961853027344e+01 2.928126716613769531e+01
1.885000038146972656e+01 1.539999961853027344e+01 9.335253715515136719e+00
3.062999916076660156e+01 8.800000190734863281e+00 9.554762840270996094e+00
1.397999954223632812e+01 2.639999961853027344e+01 1.855640411376953125e+01
1.443000030517578125e+01 1.739999961853027344e+01 1.262013149261474609e+01
1.202999973297119141e+01 1.610000038146972656e+01 1.914987182617187500e+01
2.970000028610229492e+00 5.000000000000000000e+01 4.097228240966796875e+01
7.010000228881835938e+00 2.500000000000000000e+01 2.575046348571777344e+01
4.539999961853027344e+00 2.279999923706054688e+01 3.163162803649902344e+01
4.739999771118164062e+00 2.900000000000000000e+01 2.924548339843750000e+01
7.190000057220458984e+00 2.910000038146972656e+01 1.992738342285156250e+01
2.145000076293945312e+01 1.539999961853027344e+01 2.058898735046386719e+01
8.880000114440917969e+00 5.000000000000000000e+01 2.422898864746093750e+01
6.920000076293945312e+00 2.989999961853027344e+01 3.355256271362304688e+01
1.481000041961669922e+01 1.660000038146972656e+01 2.131210517883300781e+01
1.344999980926513672e+01 1.970000076293945312e+01 1.961993598937988281e+01
6.360000133514404297e+00 3.160000038146972656e+01 2.369616508483886719e+01
2.770999908447265625e+01 1.319999980926513672e+01 1.169734477996826172e+00
1.502999973297119141e+01 1.839999961853027344e+01 1.281504344940185547e+01
7.789999961853027344e+00 1.860000038146972656e+01 2.500764656066894531e+01
2.297999954223632812e+01 5.000000000000000000e+00 1.313843059539794922e+01
1.937000083923339844e+01 1.250000000000000000e+01 9.186167716979980469e+00
1.620000076293945312e+01 1.939999961853027344e+01 1.411316871643066406e+01
8.260000228881835938e+00 2.039999961853027344e+01 1.947915267944335938e+01
9.970000267028808594e+00 2.029999923706054688e+01 1.184635734558105469e+01
