3.160000085830688477e+00 4.350000000000000000e+01 4.310509872436523438e+01
1.044999980926513672e+01 1.850000000000000000e+01 2.279668998718261719e+01
3.402000045776367188e+01 8.399999618530273438e+00 5.477540194988250732e-03
3.259999990463256836e+00 5.000000000000000000e+01 4.544265365600585938e+01
3.477000045776367188e+01 1.380000019073486328e+01 3.004455938935279846e-03
7.789999961853027344e+00 2.500000000000000000e+01 2.791884231567382812e+01
1.264000034332275391e+01 1.610000038146972656e+01 1.897694396972656250e+01
3.130000114440917969e+00 3.759999847412109375e+01 4.348189926147460938e+01
9.449999809265136719e+00 3.620000076293945312e+01 2.545360755920410156e+01
1.804999923706054688e+01 9.600000381469726562e+00 1.406588935852050781e+01
1.635000038146972656e+01 1.269999980926513672e+01 1.780516433715820312e+01
1.481000041961669922e+01 1.660000038146972656e+01 1.862966537475585938e+01
3.950000047683715820e+00 3.160000038146972656e+01 4.828985977172851562e+01
6.619999885559082031e+00 3.459999847412109375e+01 2.004386329650878906e+01
1.014999961853027344e+01 2.050000000000000000e+01 2.237245368957519531e+01
8.199999809265136719e+00 2.200000000000000000e+01 2.079675292968750000e+01
2.929000091552734375e+01 1.180000019073486328e+01 6.442305088043212891e+00
8.609999656677246094e+00 3.029999923706054688e+01 1.525572204589843750e+01
3.009999990463256836e+00 4.600000000000000000e+01 4.652547454833984375e+01
1.711000061035156250e+01 1.510000038146972656e+01 1.849931526184082031e+01
1.744000053405761719e+01 1.339999961853027344e+01 1.459857273101806641e+01
1.772999954223632812e+01 1.519999980926513672e+01 1.504728603363037109e+01
8.579999923706054688e+00 2.389999961853027344e+01 1.477600193023681641e+01
1.122000026702880859e+01 2.220000076293945312e+01 2.891316795349121094e+01
1.073999977111816406e+01 2.300000000000000000e+01 1.935661125183105469e+01
1.052999973297119141e+01 1.750000000000000000e+01 2.126617240905761719e+01
1.845999908447265625e+01 1.850000000000000000e+01 1.779755592346191406e+01
2.940000057220458984e+00 3.340000152587890625e+01 4.739319610595703125e+01
3.700000047683715820e+00 5.000000000000000000e+01 4.276623916625976562e+01
1.243000030517578125e+01 2.289999961853027344e+01 1.834426879882812500e+01
7.119999885559082031e+00 2.750000000000000000e+01 2.282327079772949219e+01
9.930000305175781250e+00 2.750000000000000000e+01 2.008226776123046875e+01
7.389999866485595703e+00 2.329999923706054688e+01 3.573167037963867188e+01
9.529999732971191406e+00 5.000000000000000000e+01 2.427706336975097656e+01
1.464999961853027344e+01 1.770000076293945312e+01 2.327087211608886719e+01
8.010000228881835938e+00 2.110000038146972656e+01 2.007748985290527344e+01
9.289999961853027344e+00 1.870000076293945312e+01 2.239833259582519531e+01
8.670000076293945312e+00 2.639999961853027344e+01 1.674792098999023438e+01
1.410000038146972656e+01 1.829999923706054688e+01 2.079681205749511719e+01
7.730000019073486328e+00 2.439999961853027344e+01 2.493469429016113281e+01
4.159999847412109375e+00 3.309999847412109375e+01 3.002341842651367188e+01
7.789999961853027344e+00 1.860000038146972656e+01 2.791884231567382812e+01
6.469999790191650391e+00 3.340000152587890625e+01 2.198509025573730469e+01
1.901000022888183594e+01 1.269999980926513672e+01 1.066121578216552734e+01
1.335000038146972656e+01 2.010000038146972656e+01 2.225741767883300781e+01
1.478999996185302734e+01 3.070000076293945312e+01 1.912337684631347656e+01
1.360999965667724609e+01 1.929999923706054688e+01 1.945302200317382812e+01
6.289999961853027344e+00 2.460000038146972656e+01 2.346081733703613281e+01
1.168999958038330078e+01 2.020000076293945312e+01 2.710847091674804688e+01
1.980000019073486328e+00 3.490000152587890625e+01 4.250221633911132812e+01
