2.968000030517578125e+01 8.100000381469726562e+00 6.696007847785949707e-01
5.900000095367431641e+00 2.439999961853027344e+01 4.699567031860351562e+01
1.310999965667724609e+01 2.139999961853027344e+01 1.525913238525390625e+01
3.759999990463256836e+00 4.540000152587890625e+01 4.534210586547851562e+01
6.730000019073486328e+00 2.220000076293945312e+01 2.386330413818359375e+01
1.793000030517578125e+01 2.050000000000000000e+01 1.359635925292968750e+01
1.213000011444091797e+01 2.789999961853027344e+01 1.515875434875488281e+01
1.635000038146972656e+01 1.269999980926513672e+01 1.616630935668945312e+01
1.409000015258789062e+01 2.039999961853027344e+01 2.054227828979492188e+01
1.044999980926513672e+01 1.850000000000000000e+01 1.988373756408691406e+01
3.436999893188476562e+01 1.789999961853027344e+01 3.480517119169235229e-02
5.679999828338623047e+00 3.250000000000000000e+01 2.219864273071289062e+01
1.239999961853027344e+01 2.010000038146972656e+01 1.535788345336914062e+01
1.131999969482421875e+01 2.229999923706054688e+01 2.132686996459960938e+01
1.410000038146972656e+01 1.829999923706054688e+01 2.079676055908203125e+01
2.062000083923339844e+01 8.800000190734863281e+00 7.077041625976562500e+00
1.035999965667724609e+01 2.310000038146972656e+01 2.100217819213867188e+01
4.210000038146972656e+00 3.870000076293945312e+01 3.209836196899414062e+01
1.845999908447265625e+01 1.850000000000000000e+01 1.779830932617187500e+01
1.621999931335449219e+01 1.430000019073486328e+01 1.389394283294677734e+01
1.173999977111816406e+01 1.850000000000000000e+01 2.553307914733886719e+01
1.760000038146972656e+01 1.779999923706054688e+01 1.154823684692382812e+01
6.360000133514404297e+00 3.160000038146972656e+01 2.339646911621093750e+01
1.629999923706054688e+01 1.560000038146972656e+01 1.514028835296630859e+01
2.131999969482421875e+01 1.910000038146972656e+01 1.333443927764892578e+01
7.340000152587890625e+00 2.260000038146972656e+01 3.290093994140625000e+01
2.030999946594238281e+01 1.210000038146972656e+01 4.050832271575927734e+00
5.079999923706054688e+00 2.460000038146972656e+01 3.475247192382812500e+01
1.467000007629394531e+01 1.750000000000000000e+01 1.735353469848632812e+01
1.435999965667724609e+01 2.320000076293945312e+01 2.180802154541015625e+01
1.309000015258789062e+01 1.739999961853027344e+01 1.500455856323242188e+01
8.930000305175781250e+00 2.839999961853027344e+01 2.040411949157714844e+01
3.950000047683715820e+00 4.829999923706054688e+01 3.586086273193359375e+01
2.540999984741210938e+01 1.729999923706054688e+01 6.728478074073791504e-01
3.259999990463256836e+00 5.000000000000000000e+01 4.520603179931640625e+01
3.529999971389770508e+00 2.960000038146972656e+01 2.934468078613281250e+01
1.834000015258789062e+01 1.430000019073486328e+01 1.547853469848632812e+01
6.469999790191650391e+00 3.340000152587890625e+01 2.200419616699218750e+01
1.879999923706054688e+01 1.660000038146972656e+01 2.120842170715332031e+01
1.584000015258789062e+01 2.029999923706054688e+01 1.252181339263916016e+01
1.806999969482421875e+01 1.360000038146972656e+01 1.365862751007080078e+01
2.287999916076660156e+01 1.280000019073486328e+01 1.269618701934814453e+01
1.812999916076660156e+01 1.410000038146972656e+01 1.409920501708984375e+01
1.901000022888183594e+01 1.269999980926513672e+01 1.332178401947021484e+01
7.139999866485595703e+00 2.320000076293945312e+01 3.424021911621093750e+01
1.414999961853027344e+01 2.000000000000000000e+01 2.044504928588867188e+01
3.529999971389770508e+00 3.240000152587890625e+01 2.934468078613281250e+01
7.219999790191650391e+00 2.389999961853027344e+01 3.981692886352539062e+01
1.197999954223632812e+01 2.100000000000000000e+01 1.746453285217285156e+01
2.993000030517578125e+01 1.650000000000000000e+01 1.149512171745300293e+00
