5.289999961853027344e+00 2.800000000000000000e+01 2.536903381347656250e+01
1.969000053405761719e+01 1.410000038146972656e+01 2.273959541320800781e+01
4.699999809265136719e+00 2.789999961853027344e+01 3.196246147155761719e+01
1.468999958038330078e+01 2.310000038146972656e+01 1.237642192840576172e+01
1.063000011444091797e+01 1.860000038146972656e+01 8.615462303161621094e+00
2.940000057220458984e+00 3.340000152587890625e+01 3.755693817138671875e+01
3.109999895095825195e+00 4.229999923706054688e+01 4.589025497436523438e+01
9.590000152587890625e+00 3.379999923706054688e+01 2.005842208862304688e+01
1.502999973297119141e+01 1.839999961853027344e+01 1.102033615112304688e+01
1.511999988555908203e+01 1.700000000000000000e+01 9.893206596374511719e+00
1.278999996185302734e+01 2.220000076293945312e+01 1.795293617248535156e+01
9.039999961853027344e+00 2.360000038146972656e+01 1.911006736755371094e+01
1.571000003814697266e+01 2.170000076293945312e+01 1.637533760070800781e+01
1.876000022888183594e+01 2.320000076293945312e+01 5.012028217315673828e+00
1.835000038146972656e+01 1.310000038146972656e+01 8.468485832214355469e+00
2.297999954223632812e+01 5.000000000000000000e+00 2.414504289627075195e-01
1.293000030517578125e+01 2.010000038146972656e+01 1.615558052062988281e+01
6.190000057220458984e+00 3.320000076293945312e+01 2.810122299194335938e+01
2.828000068664550781e+01 1.050000000000000000e+01 2.884602844715118408e-01
1.052999973297119141e+01 1.750000000000000000e+01 9.982095718383789062e+00
1.111999988555908203e+01 2.300000000000000000e+01 1.008601665496826172e+01
2.360000038146972656e+01 1.130000019073486328e+01 7.013610750436782837e-02
9.810000419616699219e+00 2.500000000000000000e+01 1.747659492492675781e+01
6.679999828338623047e+00 3.200000000000000000e+01 1.948076057434082031e+01
1.870999908447265625e+01 1.489999961853027344e+01 5.080955505371093750e+00
8.229999542236328125e+00 2.200000000000000000e+01 2.685419654846191406e+01
5.190000057220458984e+00 2.370000076293945312e+01 3.053780746459960938e+01
1.635000038146972656e+01 1.269999980926513672e+01 6.004573822021484375e+00
1.410000038146972656e+01 1.829999923706054688e+01 5.249397277832031250e+00
2.490999984741210938e+01 1.200000000000000000e+01 7.430932521820068359e-01
2.121999931335449219e+01 1.720000076293945312e+01 6.504483699798583984e+00
6.590000152587890625e+00 2.520000076293945312e+01 1.924576568603515625e+01
1.023999977111816406e+01 1.939999961853027344e+01 1.842925643920898438e+01
1.343999958038330078e+01 1.500000000000000000e+01 1.602681732177734375e+01
1.027000045776367188e+01 2.079999923706054688e+01 1.716194534301757812e+01
1.021000003814697266e+01 1.929999923706054688e+01 1.981143951416015625e+01
1.303999996185302734e+01 1.450000000000000000e+01 1.575408458709716797e+01
1.409000015258789062e+01 2.039999961853027344e+01 5.257747173309326172e+00
1.168999958038330078e+01 2.020000076293945312e+01 1.370234870910644531e+01
3.198999977111816406e+01 7.400000095367431641e+00 1.914019958348944783e-05
2.030999946594238281e+01 1.210000038146972656e+01 1.369785690307617188e+01
1.267000007629394531e+01 2.260000038146972656e+01 1.354898929595947266e+01
1.476000022888183594e+01 2.010000038146972656e+01 1.466143608093261719e+01
4.980000019073486328e+00 2.400000000000000000e+01 3.422862243652343750e+01
1.300000000000000000e+01 2.170000076293945312e+01 1.574717712402343750e+01
1.286999988555908203e+01 1.960000038146972656e+01 1.694137954711914062e+01
5.030000209808349609e+00 3.110000038146972656e+01 3.495183563232421875e+01
1.267000007629394531e+01 1.720000076293945312e+01 1.354898929595947266e+01
4.739999771118164062e+00 2.900000000000000000e+01 3.212708282470703125e+01
7.440000057220458984e+00 5.000000000000000000e+01 2.387419509887695312e+01
