4.840000152587890625e+00 2.660000038146972656e+01 3.579222869873046875e+01
2.980000019073486328e+00 3.200000000000000000e+01 4.856089782714843750e+01
1.410000038146972656e+01 2.079999923706054688e+01 2.149639320373535156e+01
7.559999942779541016e+00 3.979999923706054688e+01 2.375095748901367188e+01
1.502999973297119141e+01 1.839999961853027344e+01 1.645543289184570312e+01
1.172000026702880859e+01 1.939999961853027344e+01 1.883943367004394531e+01
9.420000076293945312e+00 2.750000000000000000e+01 2.176867866516113281e+01
1.629999923706054688e+01 1.560000038146972656e+01 1.844609069824218750e+01
1.517000007629394531e+01 1.169999980926513672e+01 1.379969787597656250e+01
1.202999973297119141e+01 1.910000038146972656e+01 1.611324691772460938e+01
1.147999954223632812e+01 2.270000076293945312e+01 1.763648414611816406e+01
2.273999977111816406e+01 8.399999618530273438e+00 7.741841793060302734e+00
2.152000045776367188e+01 1.100000000000000000e+01 1.432427406311035156e+01
5.250000000000000000e+00 3.170000076293945312e+01 2.562939834594726562e+01
4.380000114440917969e+00 2.910000038146972656e+01 3.162036705017089844e+01
9.619999885559082031e+00 2.389999961853027344e+01 2.658420753479003906e+01
1.646999931335449219e+01 1.950000000000000000e+01 1.270056056976318359e+01
2.726000022888183594e+01 1.569999980926513672e+01 3.732345104217529297e+00
1.039999961853027344e+01 2.170000076293945312e+01 2.170849227905273438e+01
1.056000041961669922e+01 1.850000000000000000e+01 2.089056968688964844e+01
1.885000038146972656e+01 1.539999961853027344e+01 1.281347274780273438e+01
1.052999973297119141e+01 1.750000000000000000e+01 2.136535453796386719e+01
1.719000053405761719e+01 1.620000076293945312e+01 1.073150062561035156e+01
7.530000209808349609e+00 2.820000076293945312e+01 2.309376144409179688e+01
1.727000045776367188e+01 2.170000076293945312e+01 1.610145759582519531e+01
1.327000045776367188e+01 2.170000076293945312e+01 1.889907073974609375e+01
6.869999885559082031e+00 2.310000038146972656e+01 2.477369117736816406e+01
8.010000228881835938e+00 2.110000038146972656e+01 2.249664306640625000e+01
1.164999961853027344e+01 2.429999923706054688e+01 2.616692352294921875e+01
1.502000045776367188e+01 1.560000038146972656e+01 1.669975662231445312e+01
8.930000305175781250e+00 2.839999961853027344e+01 3.623439407348632812e+01
5.489999771118164062e+00 2.410000038146972656e+01 3.275954055786132812e+01
1.097000026702880859e+01 2.439999961853027344e+01 1.634551811218261719e+01
1.497999954223632812e+01 1.910000038146972656e+01 1.427753448486328125e+01
8.430000305175781250e+00 2.339999961853027344e+01 2.115353584289550781e+01
7.670000076293945312e+00 2.650000000000000000e+01 2.077723884582519531e+01
1.300000000000000000e+01 2.110000038146972656e+01 2.169409751892089844e+01
1.760000038146972656e+01 2.310000038146972656e+01 1.779956817626953125e+01
8.199999809265136719e+00 2.200000000000000000e+01 2.160165977478027344e+01
4.079999923706054688e+00 3.329999923706054688e+01 3.599783325195312500e+01
1.476000022888183594e+01 2.010000038146972656e+01 2.577354431152343750e+01
1.014999961853027344e+01 2.050000000000000000e+01 2.328947257995605469e+01
1.987999916076660156e+01 1.450000000000000000e+01 1.217083549499511719e+01
6.480000019073486328e+00 2.200000000000000000e+01 3.182868766784667969e+01
7.199999809265136719e+00 2.379999923706054688e+01 2.722645950317382812e+01
1.131999969482421875e+01 2.229999923706054688e+01 1.986604118347167969e+01
5.389999866485595703e+00 3.490000152587890625e+01 2.768440055847167969e+01
1.359000015258789062e+01 2.450000000000000000e+01 1.791903686523437500e+01
1.664999961853027344e+01 1.560000038146972656e+01 1.558698654174804688e+01
8.510000228881835938e+00 2.060000038146972656e+01 1.966200637817382812e+01
