6.679999828338623047e+00 3.200000000000000000e+01 2.738684463500976562e+01
3.062999916076660156e+01 8.800000190734863281e+00 9.936964035034179688e+00
2.869999885559082031e+00 3.640000152587890625e+01 3.157658195495605469e+01
6.730000019073486328e+00 2.220000076293945312e+01 2.403114891052246094e+01
1.517000007629394531e+01 1.169999980926513672e+01 1.380991077423095703e+01
2.107999992370605469e+01 1.089999961853027344e+01 6.404017925262451172e+00
1.834000015258789062e+01 1.430000019073486328e+01 1.750191497802734375e+01
1.292000007629394531e+01 2.120000076293945312e+01 2.078100204467773438e+01
9.739999771118164062e+00 1.900000000000000000e+01 2.505235481262207031e+01
4.320000171661376953e+00 3.079999923706054688e+01 2.670844459533691406e+01
2.369000053405761719e+01 1.310000038146972656e+01 9.828293800354003906e+00
1.013000011444091797e+01 2.470000076293945312e+01 2.221317672729492188e+01
8.229999542236328125e+00 2.200000000000000000e+01 1.644989395141601562e+01
1.977000045776367188e+01 8.300000190734863281e+00 2.610958480834960938e+01
8.100000381469726562e+00 3.650000000000000000e+01 2.199091529846191406e+01
5.119999885559082031e+00 5.000000000000000000e+01 2.339176940917968750e+01
9.550000190734863281e+00 2.120000076293945312e+01 4.373135757446289062e+01
1.073999977111816406e+01 2.300000000000000000e+01 1.721677398681640625e+01
1.644000053405761719e+01 1.260000038146972656e+01 1.753859901428222656e+01
6.190000057220458984e+00 3.320000076293945312e+01 2.406616020202636719e+01
1.481000041961669922e+01 1.660000038146972656e+01 2.151359367370605469e+01
1.835000038146972656e+01 1.310000038146972656e+01 1.726438903808593750e+01
1.555000019073486328e+01 1.939999961853027344e+01 1.052247238159179688e+01
7.260000228881835938e+00 4.309999847412109375e+01 2.184532737731933594e+01
2.297999954223632812e+01 5.000000000000000000e+00 1.230595397949218750e+01
6.050000190734863281e+00 3.320000076293945312e+01 2.333474349975585938e+01
2.645000076293945312e+01 8.699999809265136719e+00 1.346097850799560547e+01
1.845999908447265625e+01 1.850000000000000000e+01 1.776418876647949219e+01
1.502000045776367188e+01 1.560000038146972656e+01 1.674061584472656250e+01
1.930999946594238281e+01 1.300000000000000000e+01 1.021085166931152344e+01
1.629000091552734375e+01 1.989999961853027344e+01 1.389947319030761719e+01
2.996999931335449219e+01 6.300000190734863281e+00 1.348337078094482422e+01
9.880000114440917969e+00 2.170000076293945312e+01 2.451835250854492188e+01
1.164000034332275391e+01 2.270000076293945312e+01 1.871851730346679688e+01
1.110000038146972656e+01 2.379999923706054688e+01 1.659893417358398438e+01
5.900000095367431641e+00 2.439999961853027344e+01 4.615683746337890625e+01
5.809999942779541016e+00 2.529999923706054688e+01 2.976700973510742188e+01
1.480000019073486328e+01 1.889999961853027344e+01 2.597808647155761719e+01
1.709000015258789062e+01 1.870000076293945312e+01 1.812891578674316406e+01
7.389999866485595703e+00 2.710000038146972656e+01 2.281539916992187500e+01
2.880000114440917969e+00 5.000000000000000000e+01 3.327816009521484375e+01
1.914999961853027344e+01 2.710000038146972656e+01 8.759049415588378906e+00
9.619999885559082031e+00 2.389999961853027344e+01 2.674453544616699219e+01
6.650000095367431641e+00 2.839999961853027344e+01 3.051329994201660156e+01
3.059000015258789062e+01 5.000000000000000000e+00 8.848859786987304688e+00
1.727000045776367188e+01 1.610000038146972656e+01 2.161321067810058594e+01
1.343999958038330078e+01 1.929999923706054688e+01 1.951799392700195312e+01
1.026000022888183594e+01 1.820000076293945312e+01 2.027014160156250000e+01
1.870999908447265625e+01 1.489999961853027344e+01 7.128782749176025391e+00
7.599999904632568359e+00 2.229999923706054688e+01 3.004004669189453125e+01
