5.889999866485595703e+00 2.660000038146972656e+01 4.246192169189453125e+01
5.250000000000000000e+00 3.170000076293945312e+01 2.571780204772949219e+01
2.145999908447265625e+01 2.170000076293945312e+01 1.452245044708251953e+01
8.199999809265136719e+00 2.200000000000000000e+01 2.029772186279296875e+01
1.314999961853027344e+01 2.960000038146972656e+01 1.869798469543457031e+01
1.088000011444091797e+01 2.400000000000000000e+01 2.154401016235351562e+01
1.015999984741210938e+01 2.279999923706054688e+01 2.040913391113281250e+01
7.699999809265136719e+00 2.039999961853027344e+01 2.483872222900390625e+01
1.173999977111816406e+01 1.850000000000000000e+01 1.541287422180175781e+01
2.121999931335449219e+01 1.720000076293945312e+01 1.215687179565429688e+01
9.430000305175781250e+00 2.050000000000000000e+01 2.671219635009765625e+01
4.969999790191650391e+00 2.250000000000000000e+01 2.403186607360839844e+01
8.159999847412109375e+00 2.289999961853027344e+01 1.957025527954101562e+01
3.009999990463256836e+00 4.600000000000000000e+01 3.107365226745605469e+01
3.700000047683715820e+00 5.000000000000000000e+01 4.131444931030273438e+01
1.694000053405761719e+01 1.350000000000000000e+01 1.748614883422851562e+01
5.989999771118164062e+00 2.450000000000000000e+01 2.362924194335937500e+01
1.410000038146972656e+01 2.079999923706054688e+01 1.990302848815917969e+01
1.359000015258789062e+01 2.450000000000000000e+01 1.923859024047851562e+01
6.269999980926513672e+00 2.860000038146972656e+01 2.392903137207031250e+01
1.497999954223632812e+01 1.910000038146972656e+01 1.396802711486816406e+01
6.469999790191650391e+00 3.340000152587890625e+01 2.221038627624511719e+01
2.030999946594238281e+01 1.210000038146972656e+01 7.818268775939941406e+00
3.809999942779541016e+00 4.850000000000000000e+01 3.554339599609375000e+01
2.034000015258789062e+01 1.350000000000000000e+01 8.490772247314453125e+00
4.210000038146972656e+00 3.870000076293945312e+01 2.821656417846679688e+01
8.770000457763671875e+00 2.100000000000000000e+01 2.065354919433593750e+01
6.579999923706054688e+00 3.520000076293945312e+01 2.315589904785156250e+01
3.062999916076660156e+01 8.800000190734863281e+00 9.962969779968261719e+00
8.579999923706054688e+00 2.389999961853027344e+01 1.463558769226074219e+01
5.329999923706054688e+00 2.939999961853027344e+01 3.620427322387695312e+01
1.413000011444091797e+01 1.989999961853027344e+01 1.964032363891601562e+01
1.469999980926513672e+01 2.000000000000000000e+01 2.326059913635253906e+01
2.031999969482421875e+01 7.199999809265136719e+00 7.999022483825683594e+00
7.340000152587890625e+00 2.260000038146972656e+01 2.676301193237304688e+01
1.097000026702880859e+01 2.439999961853027344e+01 1.683709335327148438e+01
1.343999958038330078e+01 1.500000000000000000e+01 1.930010986328125000e+01
1.197999954223632812e+01 2.100000000000000000e+01 1.824369239807128906e+01
1.467000007629394531e+01 1.750000000000000000e+01 2.383512878417968750e+01
1.992000007629394531e+01 8.500000000000000000e+00 1.267218875885009766e+01
2.113999938964843750e+01 1.970000076293945312e+01 1.009219646453857422e+01
7.190000057220458984e+00 2.910000038146972656e+01 2.377506637573242188e+01
1.659000015258789062e+01 1.839999961853027344e+01 1.313843250274658203e+01
3.329999923706054688e+00 2.850000000000000000e+01 4.711764144897460938e+01
1.267000007629394531e+01 1.720000076293945312e+01 2.259462547302246094e+01
1.644000053405761719e+01 1.260000038146972656e+01 1.735132026672363281e+01
2.397999954223632812e+01 1.929999923706054688e+01 1.178986263275146484e+01
8.609999656677246094e+00 3.029999923706054688e+01 1.494888687133789062e+01
2.438999938964843750e+01 8.300000190734863281e+00 5.777140617370605469e+00
6.360000133514404297e+00 2.310000038146972656e+01 2.765286064147949219e+01
