1.712000083923339844e+01 1.310000038146972656e+01 1.811718750000000000e+01
1.214000034332275391e+01 2.379999923706054688e+01 1.737572860717773438e+01
1.280000019073486328e+01 1.839999961853027344e+01 2.011581802368164062e+01
1.018999958038330078e+01 2.079999923706054688e+01 1.730514526367187500e+01
4.969999790191650391e+00 2.250000000000000000e+01 3.264616012573242188e+01
3.109999895095825195e+00 4.400000000000000000e+01 2.721376419067382812e+00
1.779000091552734375e+01 1.489999961853027344e+01 1.879837036132812500e+01
7.789999961853027344e+00 1.860000038146972656e+01 2.271727180480957031e+01
1.469999980926513672e+01 2.000000000000000000e+01 2.066713333129882812e+01
7.849999904632568359e+00 3.220000076293945312e+01 2.463265419006347656e+01
1.086999988555908203e+01 2.260000038146972656e+01 2.219829750061035156e+01
8.609999656677246094e+00 3.029999923706054688e+01 2.118572425842285156e+01
6.429999828338623047e+00 2.429999923706054688e+01 2.403430747985839844e+01
1.073999977111816406e+01 2.300000000000000000e+01 2.055868911743164062e+01
1.584000015258789062e+01 2.029999923706054688e+01 1.619798278808593750e+01
1.410000038146972656e+01 1.829999923706054688e+01 1.854160690307617188e+01
9.880000114440917969e+00 2.170000076293945312e+01 1.121274089813232422e+01
7.900000095367431641e+00 2.160000038146972656e+01 2.647668457031250000e+01
4.449999809265136719e+00 3.290000152587890625e+01 3.540744018554687500e+01
1.870999908447265625e+01 1.489999961853027344e+01 7.763561248779296875e+00
7.429999828338623047e+00 2.410000038146972656e+01 1.594455146789550781e+01
1.010999965667724609e+01 2.320000076293945312e+01 1.525176620483398438e+01
1.715999984741210938e+01 1.169999980926513672e+01 1.744175529479980469e+01
5.119999885559082031e+00 5.000000000000000000e+01 2.966986274719238281e+01
9.739999771118164062e+00 1.900000000000000000e+01 9.867793083190917969e+00
2.953000068664550781e+01 1.460000038146972656e+01 7.450397968292236328e+00
5.489999771118164062e+00 2.410000038146972656e+01 3.108930015563964844e+01
1.539000034332275391e+01 1.800000000000000000e+01 1.619795417785644531e+01
9.449999809265136719e+00 3.620000076293945312e+01 9.300199508666992188e+00
6.860000133514404297e+00 2.329999923706054688e+01 2.085477638244628906e+01
2.831999969482421875e+01 1.779999923706054688e+01 9.951807022094726562e+00
1.211999988555908203e+01 1.530000019073486328e+01 1.762893676757812500e+01
2.323999977111816406e+01 1.389999961853027344e+01 1.952797532081604004e+00
1.125000000000000000e+01 3.100000000000000000e+01 1.772139930725097656e+01
1.569999980926513672e+01 1.419999980926513672e+01 1.707789039611816406e+01
1.213000011444091797e+01 2.789999961853027344e+01 1.749912452697753906e+01
1.436999988555908203e+01 2.200000000000000000e+01 1.263516044616699219e+01
3.062000083923339844e+01 1.019999980926513672e+01 9.240540266036987305e-01
1.593999958038330078e+01 1.979999923706054688e+01 1.628680419921875000e+01
8.579999923706054688e+00 2.389999961853027344e+01 2.144098281860351562e+01
1.502000045776367188e+01 1.670000076293945312e+01 1.442949104309082031e+01
1.278999996185302734e+01 2.220000076293945312e+01 2.021890068054199219e+01
7.369999885559082031e+00 2.329999923706054688e+01 1.556478023529052734e+01
2.996999931335449219e+01 6.300000190734863281e+00 3.207863092422485352e+00
1.042000007629394531e+01 2.179999923706054688e+01 2.195012664794921875e+01
9.039999961853027344e+00 2.360000038146972656e+01 1.365886783599853516e+01
8.470000267028808594e+00 1.989999961853027344e+01 2.299156951904296875e+01
3.589999914169311523e+00 2.479999923706054688e+01 6.822545528411865234e+00
1.056000041961669922e+01 1.850000000000000000e+01 2.039501571655273438e+01
6.750000000000000000e+00 2.070000076293945312e+01 2.430783843994140625e+01
