2.470000028610229492e+00 4.170000076293945312e+01 1.746712088584899902e+00
5.039999961853027344e+00 3.720000076293945312e+01 2.937877655029296875e+01
1.168999958038330078e+01 2.020000076293945312e+01 2.381175613403320312e+01
1.397999954223632812e+01 2.639999961853027344e+01 1.859511184692382812e+01
1.097000026702880859e+01 2.439999961853027344e+01 1.648442077636718750e+01
5.980000019073486328e+00 2.210000038146972656e+01 2.296171569824218750e+01
2.663999938964843750e+01 1.039999961853027344e+01 3.324217081069946289e+00
7.670000076293945312e+00 2.650000000000000000e+01 2.051310348510742188e+01
9.739999771118164062e+00 1.900000000000000000e+01 2.285571861267089844e+01
1.027000045776367188e+01 2.079999923706054688e+01 1.873107910156250000e+01
3.059000015258789062e+01 5.000000000000000000e+00 7.880422115325927734e+00
9.520000457763671875e+00 2.450000000000000000e+01 4.087950515747070312e+01
8.260000228881835938e+00 2.039999961853027344e+01 1.892072677612304688e+01
1.343999958038330078e+01 1.500000000000000000e+01 1.929857254028320312e+01
1.476000022888183594e+01 2.010000038146972656e+01 1.776691246032714844e+01
1.443000030517578125e+01 1.739999961853027344e+01 1.647125816345214844e+01
1.035999965667724609e+01 2.310000038146972656e+01 1.903589630126953125e+01
5.210000038146972656e+00 2.870000076293945312e+01 2.560650444030761719e+01
9.380000114440917969e+00 2.810000038146972656e+01 2.202089309692382812e+01
1.226000022888183594e+01 1.960000038146972656e+01 1.927514266967773438e+01
1.744000053405761719e+01 1.339999961853027344e+01 9.858181953430175781e+00
1.711000061035156250e+01 1.510000038146972656e+01 1.594387245178222656e+01
1.478999996185302734e+01 3.070000076293945312e+01 1.841621971130371094e+01
5.389999866485595703e+00 3.490000152587890625e+01 2.551603507995605469e+01
1.517000007629394531e+01 1.380000019073486328e+01 1.170048809051513672e+01
4.980000019073486328e+00 2.400000000000000000e+01 2.347614479064941406e+01
3.109999895095825195e+00 4.229999923706054688e+01 3.630918121337890625e+01
7.219999790191650391e+00 2.389999961853027344e+01 2.932553863525390625e+01
1.502000045776367188e+01 1.560000038146972656e+01 1.671071243286132812e+01
9.279999732971191406e+00 2.379999923706054688e+01 1.903888130187988281e+01
1.467000007629394531e+01 1.750000000000000000e+01 2.305593490600585938e+01
2.968000030517578125e+01 8.100000381469726562e+00 9.503365516662597656e+00
1.202999973297119141e+01 1.610000038146972656e+01 1.910028457641601562e+01
7.789999961853027344e+00 1.860000038146972656e+01 3.048555755615234375e+01
7.139999866485595703e+00 2.320000076293945312e+01 2.556313514709472656e+01
1.673999977111816406e+01 1.779999923706054688e+01 1.040918350219726562e+01
3.920000076293945312e+00 4.670000076293945312e+01 3.722763442993164062e+01
1.468999958038330078e+01 2.310000038146972656e+01 2.086468315124511719e+01
1.203999996185302734e+01 2.120000076293945312e+01 1.819211959838867188e+01
1.285999965667724609e+01 2.250000000000000000e+01 1.902432060241699219e+01
1.901000022888183594e+01 1.269999980926513672e+01 1.132874584197998047e+01
2.145999908447265625e+01 2.170000076293945312e+01 1.445098495483398438e+01
7.440000057220458984e+00 2.470000076293945312e+01 4.995313644409179688e+01
1.805999946594238281e+01 2.250000000000000000e+01 1.513027381896972656e+01
1.760000038146972656e+01 2.310000038146972656e+01 1.778795623779296875e+01
5.289999961853027344e+00 2.800000000000000000e+01 2.190600585937500000e+01
7.530000209808349609e+00 2.820000076293945312e+01 2.307831001281738281e+01
1.714999961853027344e+01 1.900000000000000000e+01 1.192479515075683594e+01
9.510000228881835938e+00 2.479999923706054688e+01 3.208000183105468750e+01
3.109999895095825195e+00 4.400000000000000000e+01 3.630918121337890625e+01
