3.198999977111816406e+01 7.400000095367431641e+00 1.204689219594001770e-02
5.809999942779541016e+00 2.529999923706054688e+01 2.379134178161621094e+01
9.800000190734863281e+00 1.950000000000000000e+01 2.385909461975097656e+01
1.845999908447265625e+01 1.850000000000000000e+01 1.069667816162109375e+01
8.260000228881835938e+00 2.039999961853027344e+01 1.968607521057128906e+01
4.590000152587890625e+00 3.540000152587890625e+01 4.040296554565429688e+01
2.415999984741210938e+01 1.400000000000000000e+01 3.211484909057617188e+00
7.199999809265136719e+00 2.379999923706054688e+01 2.377900695800781250e+01
2.287999916076660156e+01 1.280000019073486328e+01 4.337959289550781250e+00
6.590000152587890625e+00 2.520000076293945312e+01 2.893751907348632812e+01
1.432999992370605469e+01 1.679999923706054688e+01 1.731129264831542969e+01
1.414999961853027344e+01 2.000000000000000000e+01 1.919624900817871094e+01
5.289999961853027344e+00 2.800000000000000000e+01 2.202991104125976562e+01
1.728000068664550781e+01 1.480000019073486328e+01 1.585955619812011719e+01
1.760000038146972656e+01 2.310000038146972656e+01 1.283508014678955078e+01
6.719999790191650391e+00 2.479999923706054688e+01 2.421047592163085938e+01
1.201000022888183594e+01 2.179999923706054688e+01 1.501906013488769531e+01
2.540999984741210938e+01 1.729999923706054688e+01 1.982367753982543945e+00
1.140999984741210938e+01 2.000000000000000000e+01 1.986341667175292969e+01
1.110000038146972656e+01 2.379999923706054688e+01 1.150454616546630859e+01
1.267000007629394531e+01 2.260000038146972656e+01 1.716488647460937500e+01
6.050000190734863281e+00 3.320000076293945312e+01 2.194358825683593750e+01
1.314999961853027344e+01 2.960000038146972656e+01 2.032075119018554688e+01
7.730000019073486328e+00 2.439999961853027344e+01 1.912920951843261719e+01
1.360999965667724609e+01 1.929999923706054688e+01 1.994382286071777344e+01
3.160000085830688477e+00 5.000000000000000000e+01 3.897287750244140625e+01
2.407999992370605469e+01 9.500000000000000000e+00 4.102329730987548828e+00
1.243000030517578125e+01 2.289999961853027344e+01 1.863485336303710938e+01
2.954999923706054688e+01 2.370000076293945312e+01 3.975228786468505859e+00
1.793000030517578125e+01 2.050000000000000000e+01 2.018906784057617188e+01
6.119999885559082031e+00 2.500000000000000000e+01 2.527342605590820312e+01
5.329999923706054688e+00 2.939999961853027344e+01 3.605421066284179688e+01
7.530000209808349609e+00 2.820000076293945312e+01 3.437029266357421875e+01
1.343999958038330078e+01 1.929999923706054688e+01 1.961696243286132812e+01
1.138000011444091797e+01 2.200000000000000000e+01 2.008268356323242188e+01
3.697999954223632812e+01 7.000000000000000000e+00 2.368095374549739063e-05
1.147999954223632812e+01 2.270000076293945312e+01 1.934938430786132812e+01
7.789999961853027344e+00 1.860000038146972656e+01 1.846503067016601562e+01
1.901000022888183594e+01 1.269999980926513672e+01 7.582400321960449219e+00
1.620000076293945312e+01 1.939999961853027344e+01 1.371098423004150391e+01
1.122000026702880859e+01 2.220000076293945312e+01 1.424629306793212891e+01
5.639999866485595703e+00 2.389999961853027344e+01 2.682114219665527344e+01
1.832999992370605469e+01 1.779999923706054688e+01 1.267817592620849609e+01
4.559999942779541016e+00 2.979999923706054688e+01 3.490959548950195312e+01
1.436999988555908203e+01 2.200000000000000000e+01 1.661039924621582031e+01
3.759999990463256836e+00 3.150000000000000000e+01 4.542560195922851562e+01
1.398999977111816406e+01 1.950000000000000000e+01 2.408165168762207031e+01
2.438999938964843750e+01 8.300000190734863281e+00 4.880877017974853516e+00
6.619999885559082031e+00 3.459999847412109375e+01 2.897629928588867188e+01
9.590000152587890625e+00 3.379999923706054688e+01 2.317804527282714844e+01
