1.629999923706054688e+01 1.560000038146972656e+01 1.922410583496093750e+01
1.805999946594238281e+01 2.250000000000000000e+01 1.386102008819580078e+01
2.121999931335449219e+01 1.720000076293945312e+01 1.252911090850830078e+01
1.443000030517578125e+01 1.739999961853027344e+01 1.289974117279052734e+01
6.719999790191650391e+00 2.420000076293945312e+01 2.485795593261718750e+01
5.210000038146972656e+00 2.870000076293945312e+01 2.847516059875488281e+01
3.559999942779541016e+00 3.729999923706054688e+01 2.644555282592773438e+01
4.610000133514404297e+00 3.120000076293945312e+01 4.538351821899414062e+01
1.044999980926513672e+01 1.850000000000000000e+01 2.102926445007324219e+01
1.478999996185302734e+01 3.070000076293945312e+01 1.699217987060546875e+01
9.279999732971191406e+00 2.379999923706054688e+01 2.228858375549316406e+01
3.759999990463256836e+00 4.540000152587890625e+01 4.695203399658203125e+01
1.832999992370605469e+01 1.779999923706054688e+01 1.613569641113281250e+01
6.269999980926513672e+00 2.860000038146972656e+01 2.471924400329589844e+01
9.539999961853027344e+00 2.510000038146972656e+01 2.432195281982421875e+01
6.050000190734863281e+00 3.320000076293945312e+01 3.380338668823242188e+01
1.309000015258789062e+01 1.739999961853027344e+01 1.929430580139160156e+01
6.210000038146972656e+00 2.500000000000000000e+01 2.577008438110351562e+01
2.980000019073486328e+00 3.200000000000000000e+01 4.830622100830078125e+01
2.379000091552734375e+01 1.080000019073486328e+01 5.571955204010009766e+00
8.649999618530273438e+00 1.650000000000000000e+01 2.551762008666992188e+01
1.435999965667724609e+01 2.320000076293945312e+01 1.303576278686523438e+01
3.797000122070312500e+01 1.380000019073486328e+01 2.632838189601898193e-01
2.407999992370605469e+01 9.500000000000000000e+00 9.354314804077148438e+00
2.273999977111816406e+01 8.399999618530273438e+00 1.141346645355224609e+01
6.579999923706054688e+00 3.520000076293945312e+01 2.885976791381835938e+01
8.010000228881835938e+00 2.110000038146972656e+01 2.735017776489257812e+01
9.289999961853027344e+00 1.870000076293945312e+01 2.220774078369140625e+01
1.360999965667724609e+01 1.929999923706054688e+01 2.352274131774902344e+01
1.689999961853027344e+01 1.739999961853027344e+01 1.384234809875488281e+01
2.940000057220458984e+00 3.340000152587890625e+01 4.653520965576171875e+01
1.202999973297119141e+01 1.610000038146972656e+01 1.497735595703125000e+01
2.438999938964843750e+01 8.300000190734863281e+00 8.724794387817382812e+00
7.730000019073486328e+00 2.439999961853027344e+01 2.341783905029296875e+01
8.470000267028808594e+00 1.989999961853027344e+01 2.285353660583496094e+01
4.849999904632568359e+00 3.509999847412109375e+01 2.610156440734863281e+01
2.369000053405761719e+01 1.310000038146972656e+01 5.545025825500488281e+00
1.110000038146972656e+01 2.379999923706054688e+01 1.967886161804199219e+01
2.031999969482421875e+01 7.199999809265136719e+00 1.172711086273193359e+01
1.536999988555908203e+01 2.039999961853027344e+01 1.099686050415039062e+01
5.190000057220458984e+00 2.370000076293945312e+01 2.970495796203613281e+01
1.620000076293945312e+01 1.939999961853027344e+01 1.534109878540039062e+01
2.779999923706054688e+01 1.380000019073486328e+01 2.701324462890625000e+00
2.880000114440917969e+00 5.000000000000000000e+01 3.772305679321289062e+01
4.449999809265136719e+00 3.290000152587890625e+01 3.175263977050781250e+01
9.680000305175781250e+00 1.889999961853027344e+01 2.557896041870117188e+01
1.027000045776367188e+01 2.079999923706054688e+01 1.863620758056640625e+01
1.023999977111816406e+01 1.939999961853027344e+01 1.888800048828125000e+01
2.954999923706054688e+01 2.370000076293945312e+01 5.210824966430664062e+00
1.555000019073486328e+01 1.939999961853027344e+01 1.163719367980957031e+01
