1.644000053405761719e+01 1.260000038146972656e+01 1.200442409515380859e+01
9.970000267028808594e+00 1.929999923706054688e+01 1.998515129089355469e+01
8.050000190734863281e+00 3.300000000000000000e+01 1.483369636535644531e+01
1.400000000000000000e+01 2.189999961853027344e+01 1.538012313842773438e+01
2.953000068664550781e+01 1.460000038146972656e+01 5.287160873413085938e+00
7.530000209808349609e+00 2.820000076293945312e+01 2.224218368530273438e+01
3.160000085830688477e+00 5.000000000000000000e+01 4.208801269531250000e+01
1.536999988555908203e+01 2.039999961853027344e+01 1.079537105560302734e+01
2.327000045776367188e+01 1.339999961853027344e+01 1.252280426025390625e+01
5.039999961853027344e+00 3.720000076293945312e+01 3.182049560546875000e+01
3.950000047683715820e+00 3.160000038146972656e+01 2.633018684387207031e+01
1.517000007629394531e+01 1.169999980926513672e+01 1.495969676971435547e+01
1.267000007629394531e+01 2.260000038146972656e+01 1.875363731384277344e+01
3.436999893188476562e+01 1.789999961853027344e+01 6.029432188370265067e-05
2.681999969482421875e+01 1.339999961853027344e+01 4.537248134613037109e+00
9.470000267028808594e+00 2.500000000000000000e+01 2.408117866516113281e+01
2.960000038146972656e+00 5.000000000000000000e+01 2.977808189392089844e+01
1.110000038146972656e+01 2.379999923706054688e+01 1.970529174804687500e+01
8.430000305175781250e+00 2.339999961853027344e+01 1.419867706298828125e+01
1.397999954223632812e+01 2.639999961853027344e+01 1.509195899963378906e+01
1.914999961853027344e+01 2.710000038146972656e+01 1.052617835998535156e+01
6.579999923706054688e+00 2.310000038146972656e+01 2.535660743713378906e+01
1.464000034332275391e+01 1.679999923706054688e+01 1.712058258056640625e+01
1.014999961853027344e+01 2.050000000000000000e+01 2.179318428039550781e+01
1.015999984741210938e+01 2.279999923706054688e+01 2.150701713562011719e+01
1.478999996185302734e+01 3.070000076293945312e+01 2.056424903869628906e+01
3.529999971389770508e+00 2.960000038146972656e+01 3.686053466796875000e+01
2.102000045776367188e+01 1.360000038146972656e+01 8.408096313476562500e+00
1.584000015258789062e+01 2.029999923706054688e+01 1.786325263977050781e+01
1.172000026702880859e+01 1.939999961853027344e+01 1.425445556640625000e+01
1.334000015258789062e+01 2.060000038146972656e+01 2.265099525451660156e+01
1.845999908447265625e+01 1.779999923706054688e+01 1.155688571929931641e+01
6.679999828338623047e+00 3.200000000000000000e+01 2.185229110717773438e+01
3.759999990463256836e+00 3.150000000000000000e+01 4.538697052001953125e+01
1.343999958038330078e+01 1.500000000000000000e+01 1.960956954956054688e+01
4.449999809265136719e+00 5.000000000000000000e+01 2.435169219970703125e+01
2.645000076293945312e+01 8.699999809265136719e+00 1.409951686859130859e+01
2.007999992370605469e+01 1.629999923706054688e+01 1.294042205810546875e+01
1.432999992370605469e+01 1.679999923706054688e+01 2.199776458740234375e+01
1.023999977111816406e+01 1.939999961853027344e+01 2.073351669311523438e+01
8.260000228881835938e+00 2.039999961853027344e+01 1.190153121948242188e+01
9.810000419616699219e+00 2.500000000000000000e+01 2.206207847595214844e+01
1.264000034332275391e+01 1.610000038146972656e+01 1.793549346923828125e+01
2.379000091552734375e+01 1.080000019073486328e+01 7.778993606567382812e+00
9.930000305175781250e+00 2.750000000000000000e+01 1.993447303771972656e+01
6.050000190734863281e+00 3.320000076293945312e+01 2.389362907409667969e+01
1.021000003814697266e+01 1.929999923706054688e+01 2.070127677917480469e+01
1.673999977111816406e+01 1.779999923706054688e+01 1.458378219604492188e+01
8.649999618530273438e+00 1.650000000000000000e+01 2.483864784240722656e+01
3.697999954223632812e+01 7.000000000000000000e+00 6.830112511124752928e-07
