1.497999954223632812e+01 1.910000038146972656e+01 1.429261779785156250e+01
1.730999946594238281e+01 1.560000038146972656e+01 1.402616310119628906e+01
1.127999973297119141e+01 1.820000076293945312e+01 2.683989524841308594e+01
8.789999961853027344e+00 2.089999961853027344e+01 2.513345146179199219e+01
1.432999992370605469e+01 1.679999923706054688e+01 2.144501113891601562e+01
1.879999923706054688e+01 1.660000038146972656e+01 1.433335876464843750e+01
2.131999969482421875e+01 1.910000038146972656e+01 1.461616802215576172e+01
1.044999980926513672e+01 1.850000000000000000e+01 2.157724380493164062e+01
2.869999885559082031e+00 3.640000152587890625e+01 4.728081512451171875e+01
9.500000000000000000e+00 2.200000000000000000e+01 2.642385482788085938e+01
5.980000019073486328e+00 2.289999961853027344e+01 3.386456298828125000e+01
1.122000026702880859e+01 2.220000076293945312e+01 2.754763984680175781e+01
4.030000209808349609e+00 3.470000076293945312e+01 3.305276870727539062e+01
1.710000038146972656e+01 1.889999961853027344e+01 1.485906600952148438e+01
1.203999996185302734e+01 2.120000076293945312e+01 1.777668380737304688e+01
1.147999954223632812e+01 2.270000076293945312e+01 1.907780456542968750e+01
1.030000019073486328e+01 1.920000076293945312e+01 2.035601425170898438e+01
3.477000045776367188e+01 1.380000019073486328e+01 1.433234095573425293e+00
1.621999931335449219e+01 1.430000019073486328e+01 1.795069122314453125e+01
1.382999992370605469e+01 1.960000038146972656e+01 8.467067718505859375e+00
1.150000000000000000e+01 1.620000076293945312e+01 1.845974731445312500e+01
2.211000061035156250e+01 1.050000000000000000e+01 1.768340229988098145e+00
2.123999977111816406e+01 1.330000019073486328e+01 1.616259193420410156e+01
6.579999923706054688e+00 2.310000038146972656e+01 3.526494979858398438e+01
5.389999866485595703e+00 3.490000152587890625e+01 2.229277420043945312e+01
8.050000190734863281e+00 1.820000076293945312e+01 2.899422836303710938e+01
2.062000083923339844e+01 8.800000190734863281e+00 4.687878131866455078e+00
1.876000022888183594e+01 2.320000076293945312e+01 1.455152511596679688e+01
1.622999954223632812e+01 1.489999961853027344e+01 1.717214775085449219e+01
2.960000038146972656e+00 5.000000000000000000e+01 4.922682189941406250e+01
1.131999969482421875e+01 2.229999923706054688e+01 2.282842826843261719e+01
8.810000419616699219e+00 2.260000038146972656e+01 2.967140769958496094e+01
8.470000267028808594e+00 1.989999961853027344e+01 2.099932861328125000e+01
3.589999914169311523e+00 2.479999923706054688e+01 3.729685211181640625e+01
6.190000057220458984e+00 3.320000076293945312e+01 2.088944244384765625e+01
1.481000041961669922e+01 2.139999961853027344e+01 1.660788536071777344e+01
1.232999992370605469e+01 2.010000038146972656e+01 1.833131217956542969e+01
1.267000007629394531e+01 1.720000076293945312e+01 2.259466361999511719e+01
7.699999809265136719e+00 2.039999961853027344e+01 2.498461723327636719e+01
2.369000053405761719e+01 1.310000038146972656e+01 6.557039260864257812e+00
2.007999992370605469e+01 1.629999923706054688e+01 4.283181190490722656e+00
1.018999958038330078e+01 2.079999923706054688e+01 2.044023704528808594e+01
2.579000091552734375e+01 7.500000000000000000e+00 4.998154163360595703e+00
2.954999923706054688e+01 2.370000076293945312e+01 5.234675407409667969e+00
5.329999923706054688e+00 2.939999961853027344e+01 2.452083778381347656e+01
1.400000000000000000e+01 2.189999961853027344e+01 1.171711730957031250e+01
7.880000114440917969e+00 1.189999961853027344e+01 2.551490402221679688e+01
2.407999992370605469e+01 9.500000000000000000e+00 1.317290782928466797e+01
2.045000076293945312e+01 1.500000000000000000e+01 7.299413681030273438e+00
2.415999984741210938e+01 1.400000000000000000e+01 9.523377418518066406e+00
