1.629999923706054688e+01 1.560000038146972656e+01 1.928070831298828125e+01
1.805999946594238281e+01 2.250000000000000000e+01 1.383293342590332031e+01
2.121999931335449219e+01 1.720000076293945312e+01 1.251918506622314453e+01
1.443000030517578125e+01 1.739999961853027344e+01 1.289224624633789062e+01
6.719999790191650391e+00 2.420000076293945312e+01 2.480753898620605469e+01
5.210000038146972656e+00 2.870000076293945312e+01 2.845512962341308594e+01
3.559999942779541016e+00 3.729999923706054688e+01 2.636588287353515625e+01
4.610000133514404297e+00 3.120000076293945312e+01 4.556582260131835938e+01
1.044999980926513672e+01 1.850000000000000000e+01 2.105454635620117188e+01
1.478999996185302734e+01 3.070000076293945312e+01 1.692283058166503906e+01
9.279999732971191406e+00 2.379999923706054688e+01 2.234654808044433594e+01
3.759999990463256836e+00 4.540000152587890625e+01 4.703731536865234375e+01
1.832999992370605469e+01 1.779999923706054688e+01 1.616522598266601562e+01
6.269999980926513672e+00 2.860000038146972656e+01 2.473638343811035156e+01
9.539999961853027344e+00 2.510000038146972656e+01 2.438709640502929688e+01
6.050000190734863281e+00 3.320000076293945312e+01 3.387979888916015625e+01
1.309000015258789062e+01 1.739999961853027344e+01 1.932474899291992188e+01
6.210000038146972656e+00 2.500000000000000000e+01 2.580077743530273438e+01
2.980000019073486328e+00 3.200000000000000000e+01 4.840708923339843750e+01
2.379000091552734375e+01 1.080000019073486328e+01 5.475273132324218750e+00
8.649999618530273438e+00 1.650000000000000000e+01 2.556442451477050781e+01
1.435999965667724609e+01 2.320000076293945312e+01 1.303108596801757812e+01
3.797000122070312500e+01 1.380000019073486328e+01 2.640906870365142822e-01
2.407999992370605469e+01 9.500000000000000000e+00 9.526647567749023438e+00
2.273999977111816406e+01 8.399999618530273438e+00 1.144038391113281250e+01
6.579999923706054688e+00 3.520000076293945312e+01 2.887323760986328125e+01
8.010000228881835938e+00 2.110000038146972656e+01 2.736018180847167969e+01
9.289999961853027344e+00 1.870000076293945312e+01 2.226598930358886719e+01
1.360999965667724609e+01 1.929999923706054688e+01 2.356697654724121094e+01
1.689999961853027344e+01 1.739999961853027344e+01 1.384658241271972656e+01
2.940000057220458984e+00 3.340000152587890625e+01 4.659545898437500000e+01
1.202999973297119141e+01 1.610000038146972656e+01 1.501821517944335938e+01
2.438999938964843750e+01 8.300000190734863281e+00 8.776131629943847656e+00
7.730000019073486328e+00 2.439999961853027344e+01 2.342525100708007812e+01
8.470000267028808594e+00 1.989999961853027344e+01 2.288004493713378906e+01
4.849999904632568359e+00 3.509999847412109375e+01 2.613000106811523438e+01
2.369000053405761719e+01 1.310000038146972656e+01 5.477314949035644531e+00
1.110000038146972656e+01 2.379999923706054688e+01 1.970913505554199219e+01
2.031999969482421875e+01 7.199999809265136719e+00 1.174799537658691406e+01
1.536999988555908203e+01 2.039999961853027344e+01 1.100718688964843750e+01
5.190000057220458984e+00 2.370000076293945312e+01 2.969854164123535156e+01
1.620000076293945312e+01 1.939999961853027344e+01 1.534963798522949219e+01
2.779999923706054688e+01 1.380000019073486328e+01 2.709599018096923828e+00
2.880000114440917969e+00 5.000000000000000000e+01 3.772720336914062500e+01
4.449999809265136719e+00 3.290000152587890625e+01 3.167247009277343750e+01
9.680000305175781250e+00 1.889999961853027344e+01 2.570442962646484375e+01
1.027000045776367188e+01 2.079999923706054688e+01 1.862615585327148438e+01
1.023999977111816406e+01 1.939999961853027344e+01 1.887197685241699219e+01
2.954999923706054688e+01 2.370000076293945312e+01 5.227017879486083984e+00
1.555000019073486328e+01 1.939999961853027344e+01 1.165231609344482422e+01
