1.870999908447265625e+01 1.489999961853027344e+01 1.542199802398681641e+01
4.820000171661376953e+00 3.790000152587890625e+01 3.212859344482421875e+01
2.211000061035156250e+01 1.050000000000000000e+01 8.038732409477233887e-01
1.568999958038330078e+01 1.019999980926513672e+01 1.959097290039062500e+01
8.430000305175781250e+00 2.339999961853027344e+01 2.098833465576171875e+01
1.293000030517578125e+01 2.010000038146972656e+01 2.070451354980468750e+01
3.759999990463256836e+00 4.540000152587890625e+01 3.156016349792480469e+01
6.679999828338623047e+00 3.200000000000000000e+01 2.561674690246582031e+01
3.319999933242797852e+00 5.000000000000000000e+01 3.078031158447265625e+01
8.010000228881835938e+00 2.110000038146972656e+01 2.475412750244140625e+01
4.500000000000000000e+00 3.010000038146972656e+01 2.891011428833007812e+01
1.327000045776367188e+01 1.889999961853027344e+01 2.169866943359375000e+01
7.010000228881835938e+00 2.500000000000000000e+01 2.437348556518554688e+01
6.590000152587890625e+00 2.520000076293945312e+01 3.017335319519042969e+01
5.099999904632568359e+00 3.700000000000000000e+01 3.677071380615234375e+01
7.440000057220458984e+00 2.470000076293945312e+01 5.004169845581054688e+01
2.490999984741210938e+01 1.200000000000000000e+01 8.625809550285339355e-01
1.469999980926513672e+01 2.000000000000000000e+01 1.723324775695800781e+01
8.050000190734863281e+00 1.820000076293945312e+01 3.100045776367187500e+01
1.468999958038330078e+01 2.310000038146972656e+01 1.720263481140136719e+01
1.272999954223632812e+01 2.100000000000000000e+01 1.855822563171386719e+01
8.159999847412109375e+00 2.289999961853027344e+01 2.284294128417968750e+01
8.810000419616699219e+00 2.260000038146972656e+01 2.579236602783203125e+01
1.584000015258789062e+01 2.029999923706054688e+01 1.647752571105957031e+01
1.629999923706054688e+01 1.560000038146972656e+01 1.203808879852294922e+01
1.992000007629394531e+01 8.500000000000000000e+00 1.209462356567382812e+01
2.407999992370605469e+01 9.500000000000000000e+00 1.275768089294433594e+01
1.576000022888183594e+01 1.829999923706054688e+01 1.919499015808105469e+01
1.147999954223632812e+01 2.270000076293945312e+01 1.756773185729980469e+01
9.590000152587890625e+00 3.379999923706054688e+01 2.178107261657714844e+01
6.360000133514404297e+00 2.370000076293945312e+01 2.734924697875976562e+01
1.088000011444091797e+01 2.400000000000000000e+01 2.206213378906250000e+01
5.769999980926513672e+00 2.470000076293945312e+01 2.401959228515625000e+01
3.080999946594238281e+01 1.439999961853027344e+01 7.197971343994140625e+00
1.646999931335449219e+01 1.950000000000000000e+01 1.259998989105224609e+01
1.629000091552734375e+01 1.989999961853027344e+01 1.216989517211914062e+01
1.327999973297119141e+01 1.960000038146972656e+01 2.153394699096679688e+01
1.712000083923339844e+01 1.310000038146972656e+01 1.590001296997070312e+01
1.569999980926513672e+01 1.419999980926513672e+01 2.057422065734863281e+01
1.351000022888183594e+01 2.329999923706054688e+01 1.840936470031738281e+01
3.529999971389770508e+00 2.960000038146972656e+01 3.258884811401367188e+01
8.939999580383300781e+00 2.139999961853027344e+01 2.706410980224609375e+01
3.730000019073486328e+00 5.000000000000000000e+01 3.943978118896484375e+01
1.805999946594238281e+01 2.250000000000000000e+01 1.532003307342529297e+01
1.027000045776367188e+01 2.079999923706054688e+01 1.873032569885253906e+01
1.039999961853027344e+01 2.170000076293945312e+01 2.159575843811035156e+01
1.502000045776367188e+01 1.560000038146972656e+01 1.670153999328613281e+01
1.202999973297119141e+01 1.610000038146972656e+01 1.910485839843750000e+01
8.579999923706054688e+00 2.389999961853027344e+01 2.553184318542480469e+01
3.198999977111816406e+01 7.400000095367431641e+00 4.291294317226856947e-04
