1.164999961853027344e+01 2.429999923706054688e+01 1.467705821990966797e+01
5.489999771118164062e+00 3.270000076293945312e+01 2.380844688415527344e+01
6.579999923706054688e+00 3.520000076293945312e+01 2.308936691284179688e+01
1.226000022888183594e+01 1.960000038146972656e+01 1.936856842041015625e+01
1.812999916076660156e+01 1.910000038146972656e+01 1.409342384338378906e+01
7.880000114440917969e+00 1.189999961853027344e+01 2.120543289184570312e+01
7.530000209808349609e+00 2.820000076293945312e+01 2.044818687438964844e+01
1.027000045776367188e+01 2.079999923706054688e+01 1.836365890502929688e+01
6.780000209808349609e+00 2.410000038146972656e+01 2.059589004516601562e+01
2.007999992370605469e+01 1.629999923706054688e+01 2.385792493820190430e+00
3.080999946594238281e+01 1.439999961853027344e+01 5.760634899139404297e+00
3.797000122070312500e+01 1.380000019073486328e+01 1.854092943176510744e-06
2.297999954223632812e+01 5.000000000000000000e+00 1.518097496032714844e+01
7.559999942779541016e+00 3.979999923706054688e+01 2.016511726379394531e+01
1.028999996185302734e+01 2.020000076293945312e+01 1.865707969665527344e+01
9.449999809265136719e+00 3.620000076293945312e+01 2.553389358520507812e+01
1.727000045776367188e+01 2.170000076293945312e+01 6.734048366546630859e+00
1.481000041961669922e+01 2.139999961853027344e+01 1.864775085449218750e+01
2.273999977111816406e+01 8.399999618530273438e+00 8.609294891357421875e+00
1.760000038146972656e+01 2.310000038146972656e+01 1.316304683685302734e+01
1.464000034332275391e+01 1.679999923706054688e+01 1.550587463378906250e+01
8.810000419616699219e+00 2.260000038146972656e+01 2.731305694580078125e+01
1.322000026702880859e+01 2.139999961853027344e+01 2.064826583862304688e+01
1.030000019073486328e+01 1.920000076293945312e+01 1.882137489318847656e+01
1.023999977111816406e+01 1.939999961853027344e+01 1.889273071289062500e+01
9.930000305175781250e+00 2.750000000000000000e+01 2.070831108093261719e+01
7.179999828338623047e+00 2.389999961853027344e+01 3.357358169555664062e+01
2.968000030517578125e+01 8.100000381469726562e+00 2.188039779663085938e+00
9.510000228881835938e+00 2.479999923706054688e+01 2.297879791259765625e+01
5.030000209808349609e+00 3.110000038146972656e+01 2.877604866027832031e+01
2.579000091552734375e+01 7.500000000000000000e+00 9.103835225105285645e-01
6.679999828338623047e+00 3.200000000000000000e+01 2.387106132507324219e+01
1.835000038146972656e+01 1.310000038146972656e+01 1.390410423278808594e+01
1.779000091552734375e+01 1.489999961853027344e+01 1.297304916381835938e+01
2.211000061035156250e+01 1.050000000000000000e+01 4.156628131866455078e+00
1.710000038146972656e+01 1.889999961853027344e+01 5.514998912811279297e+00
1.168999958038330078e+01 2.020000076293945312e+01 1.399412727355957031e+01
1.197999954223632812e+01 2.100000000000000000e+01 1.313891887664794922e+01
3.730000019073486328e+00 5.000000000000000000e+01 3.014359283447265625e+01
5.679999828338623047e+00 3.250000000000000000e+01 2.385566329956054688e+01
1.714999961853027344e+01 1.900000000000000000e+01 5.758699417114257812e+00
1.131999969482421875e+01 2.229999923706054688e+01 2.026194000244140625e+01
2.379000091552734375e+01 1.080000019073486328e+01 6.447636127471923828e+00
8.430000305175781250e+00 2.339999961853027344e+01 1.715282058715820312e+01
1.314999961853027344e+01 1.870000076293945312e+01 1.974094009399414062e+01
9.810000419616699219e+00 2.500000000000000000e+01 2.325436973571777344e+01
1.303999996185302734e+01 1.450000000000000000e+01 1.957621955871582031e+01
1.937000083923339844e+01 1.250000000000000000e+01 1.403780460357666016e+00
6.860000133514404297e+00 2.329999923706054688e+01 2.076299095153808594e+01
1.272999954223632812e+01 2.100000000000000000e+01 1.829507446289062500e+01
