1.805999946594238281e+01 2.250000000000000000e+01 1.504829788208007812e+01
1.292000007629394531e+01 2.120000076293945312e+01 1.959538841247558594e+01
1.264000034332275391e+01 1.610000038146972656e+01 1.770955276489257812e+01
9.930000305175781250e+00 2.750000000000000000e+01 1.912185668945312500e+01
9.970000267028808594e+00 2.029999923706054688e+01 1.927678298950195312e+01
4.809999942779541016e+00 3.540000152587890625e+01 3.668441390991210938e+01
1.555000019073486328e+01 1.939999961853027344e+01 9.963088989257812500e+00
8.229999542236328125e+00 2.200000000000000000e+01 2.088520240783691406e+01
5.989999771118164062e+00 2.450000000000000000e+01 2.348110198974609375e+01
8.810000419616699219e+00 2.260000038146972656e+01 1.637170219421386719e+01
1.397999954223632812e+01 2.639999961853027344e+01 1.868839645385742188e+01
1.286999988555908203e+01 1.960000038146972656e+01 1.807323837280273438e+01
1.468999958038330078e+01 2.310000038146972656e+01 2.231402778625488281e+01
1.314999961853027344e+01 2.960000038146972656e+01 1.868279075622558594e+01
5.489999771118164062e+00 3.270000076293945312e+01 2.410024833679199219e+01
1.779000091552734375e+01 1.489999961853027344e+01 1.515770721435546875e+01
7.199999809265136719e+00 2.379999923706054688e+01 2.719810867309570312e+01
2.121999931335449219e+01 1.720000076293945312e+01 1.246504402160644531e+01
5.980000019073486328e+00 2.289999961853027344e+01 2.220203208923339844e+01
4.849999904632568359e+00 3.509999847412109375e+01 3.303757476806640625e+01
6.900000095367431641e+00 3.010000038146972656e+01 2.914963150024414062e+01
3.477000045776367188e+01 1.380000019073486328e+01 1.862714767456054688e+00
9.279999732971191406e+00 2.379999923706054688e+01 2.144990730285644531e+01
1.056000041961669922e+01 1.850000000000000000e+01 1.951459503173828125e+01
5.500000000000000000e+00 2.360000038146972656e+01 2.359060478210449219e+01
1.571000003814697266e+01 2.170000076293945312e+01 1.230440902709960938e+01
3.436999893188476562e+01 1.789999961853027344e+01 1.180526447296142578e+01
5.809999942779541016e+00 2.529999923706054688e+01 2.415724182128906250e+01
1.613999938964843750e+01 1.310000038146972656e+01 1.634725189208984375e+01
1.278999996185302734e+01 2.220000076293945312e+01 1.857914352416992188e+01
7.260000228881835938e+00 4.309999847412109375e+01 2.233164787292480469e+01
1.730000019073486328e+00 5.000000000000000000e+01 7.308556139469146729e-02
7.699999809265136719e+00 2.039999961853027344e+01 2.506839752197265625e+01
1.028999996185302734e+01 2.020000076293945312e+01 1.965615081787109375e+01
2.178000068664550781e+01 1.019999980926513672e+01 2.635753154754638672e+00
1.646999931335449219e+01 1.950000000000000000e+01 1.453018379211425781e+01
2.131999969482421875e+01 1.330000019073486328e+01 1.366911888122558594e+01
2.968000030517578125e+01 8.100000381469726562e+00 9.202769279479980469e+00
6.469999790191650391e+00 3.340000152587890625e+01 2.425297927856445312e+01
2.470000028610229492e+00 4.170000076293945312e+01 4.865731239318847656e+00
1.502999973297119141e+01 1.839999961853027344e+01 1.613752746582031250e+01
1.226000022888183594e+01 1.960000038146972656e+01 1.990806388854980469e+01
8.930000305175781250e+00 2.839999961853027344e+01 1.650749588012695312e+01
1.013000011444091797e+01 2.470000076293945312e+01 1.766193199157714844e+01
1.812999916076660156e+01 1.410000038146972656e+01 1.408612823486328125e+01
2.869999885559082031e+00 3.640000152587890625e+01 4.720135879516601562e+01
1.980000019073486328e+00 3.490000152587890625e+01 3.018820285797119141e-01
2.407999992370605469e+01 9.500000000000000000e+00 1.147614479064941406e+01
2.102000045776367188e+01 1.360000038146972656e+01 9.477601051330566406e+00
1.382999992370605469e+01 1.960000038146972656e+01 1.204248905181884766e+01
