4.210000038146972656e+00 3.870000076293945312e+01 2.602195358276367188e+01
1.760000038146972656e+01 2.310000038146972656e+01 1.369038200378417969e+01
1.131999969482421875e+01 2.229999923706054688e+01 2.018470573425292969e+01
5.039999961853027344e+00 3.720000076293945312e+01 2.965792083740234375e+01
1.728000068664550781e+01 1.480000019073486328e+01 1.098355865478515625e+01
3.436999893188476562e+01 1.789999961853027344e+01 1.190497889183461666e-03
4.820000171661376953e+00 3.790000152587890625e+01 2.703700828552246094e+01
1.978000068664550781e+01 2.750000000000000000e+01 1.086513137817382812e+01
4.610000133514404297e+00 3.120000076293945312e+01 3.070520591735839844e+01
9.880000114440917969e+00 2.170000076293945312e+01 2.178000831604003906e+01
1.314999961853027344e+01 1.870000076293945312e+01 2.951454734802246094e+01
9.079999923706054688e+00 2.060000038146972656e+01 1.629434013366699219e+01
1.464999961853027344e+01 1.770000076293945312e+01 1.727641105651855469e+01
7.849999904632568359e+00 3.220000076293945312e+01 1.399464893341064453e+01
2.107999992370605469e+01 1.089999961853027344e+01 1.623579788208007812e+01
7.599999904632568359e+00 2.229999923706054688e+01 3.099394798278808594e+01
1.845999908447265625e+01 1.850000000000000000e+01 1.032169151306152344e+01
5.679999828338623047e+00 3.250000000000000000e+01 2.291040611267089844e+01
7.539999961853027344e+00 2.339999961853027344e+01 3.646670913696289062e+01
1.303999996185302734e+01 1.450000000000000000e+01 2.263455963134765625e+01
5.289999961853027344e+00 2.800000000000000000e+01 3.172477531433105469e+01
2.031999969482421875e+01 7.199999809265136719e+00 1.254280376434326172e+01
6.619999885559082031e+00 3.459999847412109375e+01 2.324727821350097656e+01
1.664999961853027344e+01 1.560000038146972656e+01 1.159564685821533203e+01
8.159999847412109375e+00 2.289999961853027344e+01 2.556593704223632812e+01
1.088000011444091797e+01 2.400000000000000000e+01 1.598878955841064453e+01
1.432999992370605469e+01 1.679999923706054688e+01 2.195879745483398438e+01
1.930999946594238281e+01 1.300000000000000000e+01 1.056966209411621094e+01
1.502000045776367188e+01 1.560000038146972656e+01 1.448148822784423828e+01
6.360000133514404297e+00 2.310000038146972656e+01 2.480846405029296875e+01
3.160000085830688477e+00 5.000000000000000000e+01 3.503641891479492188e+01
1.410000038146972656e+01 2.150000000000000000e+01 1.846050453186035156e+01
1.427000045776367188e+01 2.029999923706054688e+01 2.041052627563476562e+01
2.639999961853027344e+01 1.720000076293945312e+01 1.452646827697753906e+01
4.699999809265136719e+00 2.789999961853027344e+01 3.009916114807128906e+01
3.697999954223632812e+01 7.000000000000000000e+00 8.264742490382559481e-08
5.329999923706054688e+00 2.939999961853027344e+01 3.243970108032226562e+01
1.039999961853027344e+01 2.170000076293945312e+01 2.019025993347167969e+01
6.719999790191650391e+00 2.479999923706054688e+01 2.087225341796875000e+01
1.465999984741210938e+01 2.439999961853027344e+01 1.776238822937011719e+01
3.539999961853027344e+00 4.279999923706054688e+01 2.870878410339355469e+01
1.871999931335449219e+01 1.519999980926513672e+01 1.439775466918945312e+01
1.901000022888183594e+01 1.269999980926513672e+01 7.616292953491210938e+00
5.489999771118164062e+00 3.270000076293945312e+01 2.751285743713378906e+01
9.619999885559082031e+00 2.389999961853027344e+01 2.912318420410156250e+01
6.579999923706054688e+00 2.310000038146972656e+01 2.504996871948242188e+01
3.009999990463256836e+00 4.600000000000000000e+01 3.243754959106445312e+01
4.730000019073486328e+00 3.150000000000000000e+01 2.920946502685546875e+01
7.559999942779541016e+00 3.979999923706054688e+01 3.445987319946289062e+01
1.980000019073486328e+00 3.490000152587890625e+01 2.527232933044433594e+01
