1.719000053405761719e+01 1.620000076293945312e+01 1.956796455383300781e+01
1.300000000000000000e+01 2.110000038146972656e+01 1.530222320556640625e+01
2.779999923706054688e+01 1.380000019073486328e+01 1.236875820159912109e+01
1.264000034332275391e+01 1.610000038146972656e+01 2.065181732177734375e+01
1.710000038146972656e+01 1.889999961853027344e+01 1.729611396789550781e+01
1.803000068664550781e+01 1.460000038146972656e+01 9.956523895263671875e+00
1.793000030517578125e+01 2.050000000000000000e+01 1.174534130096435547e+01
3.160000085830688477e+00 4.350000000000000000e+01 4.995646667480468750e+01
7.429999828338623047e+00 2.410000038146972656e+01 2.308781051635742188e+01
2.145000076293945312e+01 1.539999961853027344e+01 6.478185653686523438e+00
9.710000038146972656e+00 2.670000076293945312e+01 1.919728851318359375e+01
4.699999809265136719e+00 2.789999961853027344e+01 3.655088806152343750e+01
1.806999969482421875e+01 1.360000038146972656e+01 9.810726165771484375e+00
2.880000114440917969e+00 5.000000000000000000e+01 4.623152923583984375e+01
4.730000019073486328e+00 3.150000000000000000e+01 3.608549880981445312e+01
1.930999946594238281e+01 1.300000000000000000e+01 2.171810722351074219e+01
1.147999954223632812e+01 2.270000076293945312e+01 2.037535095214843750e+01
1.243000030517578125e+01 2.289999961853027344e+01 2.034785079956054688e+01
5.079999923706054688e+00 2.460000038146972656e+01 3.238433837890625000e+01
9.420000076293945312e+00 2.750000000000000000e+01 1.902062225341796875e+01
5.679999828338623047e+00 2.220000076293945312e+01 2.425710678100585938e+01
5.039999961853027344e+00 3.720000076293945312e+01 3.265082931518554688e+01
4.139999866485595703e+00 4.479999923706054688e+01 2.886584854125976562e+01
1.173999977111816406e+01 1.850000000000000000e+01 1.973753547668457031e+01
1.168999958038330078e+01 2.020000076293945312e+01 1.978163719177246094e+01
1.086999988555908203e+01 2.260000038146972656e+01 2.051703643798828125e+01
1.164999961853027344e+01 2.429999923706054688e+01 1.984365463256835938e+01
1.711000061035156250e+01 1.510000038146972656e+01 1.754292488098144531e+01
8.430000305175781250e+00 2.339999961853027344e+01 2.472605323791503906e+01
1.056000041961669922e+01 1.850000000000000000e+01 1.878334426879882812e+01
2.034000015258789062e+01 1.350000000000000000e+01 7.132825374603271484e+00
1.360999965667724609e+01 1.929999923706054688e+01 1.871184730529785156e+01
2.726000022888183594e+01 1.569999980926513672e+01 8.825603485107421875e+00
1.459000015258789062e+01 1.710000038146972656e+01 1.762807273864746094e+01
4.860000133514404297e+00 3.309999847412109375e+01 3.434159469604492188e+01
5.280000209808349609e+00 2.500000000000000000e+01 3.082992362976074219e+01
1.969000053405761719e+01 1.410000038146972656e+01 1.048879718780517578e+01
4.079999923706054688e+00 3.329999923706054688e+01 2.837147521972656250e+01
7.789999961853027344e+00 2.500000000000000000e+01 2.549359703063964844e+01
4.630000114440917969e+00 5.000000000000000000e+01 3.773293304443359375e+01
1.260000038146972656e+01 1.920000076293945312e+01 2.054156303405761719e+01
3.059000015258789062e+01 5.000000000000000000e+00 3.677119731903076172e+00
1.987999916076660156e+01 1.450000000000000000e+01 8.433797836303710938e+00
1.978000068664550781e+01 2.750000000000000000e+01 8.314676284790039062e+00
5.909999847412109375e+00 4.879999923706054688e+01 2.666103935241699219e+01
9.680000305175781250e+00 1.889999961853027344e+01 1.912321472167968750e+01
5.500000000000000000e+00 2.360000038146972656e+01 2.701551628112792969e+01
2.145999908447265625e+01 2.170000076293945312e+01 6.498490810394287109e+00
2.540999984741210938e+01 1.729999923706054688e+01 6.719280242919921875e+00
5.699999809265136719e+00 2.870000076293945312e+01 2.444245147705078125e+01
