1.695999908447265625e+01 1.810000038146972656e+01 1.717169380187988281e+01
3.436999893188476562e+01 1.789999961853027344e+01 9.358749724924564362e-03
1.202999973297119141e+01 1.910000038146972656e+01 1.445504283905029297e+01
7.119999885559082031e+00 2.750000000000000000e+01 2.026073074340820312e+01
7.389999866485595703e+00 2.710000038146972656e+01 4.249780654907226562e+01
1.397999954223632812e+01 2.639999961853027344e+01 1.619053840637207031e+01
4.079999923706054688e+00 3.329999923706054688e+01 2.697402191162109375e+01
3.797000122070312500e+01 1.380000019073486328e+01 3.894890596711775288e-07
7.389999866485595703e+00 2.329999923706054688e+01 4.249780654907226562e+01
9.739999771118164062e+00 1.900000000000000000e+01 2.489988517761230469e+01
6.469999790191650391e+00 3.340000152587890625e+01 2.438683509826660156e+01
3.700000047683715820e+00 5.000000000000000000e+01 3.092838096618652344e+01
1.651000022888183594e+01 1.389999961853027344e+01 6.076005935668945312e+00
9.500000000000000000e+00 2.500000000000000000e+01 2.339055252075195312e+01
6.269999980926513672e+00 2.860000038146972656e+01 2.686484146118164062e+01
2.145000076293945312e+01 1.539999961853027344e+01 9.013024330139160156e+00
8.789999961853027344e+00 2.089999961853027344e+01 1.097536754608154297e+01
2.904999923706054688e+01 7.199999809265136719e+00 3.796902894973754883e+00
9.079999923706054688e+00 2.060000038146972656e+01 1.927523803710937500e+01
1.088000011444091797e+01 2.400000000000000000e+01 9.399771690368652344e+00
6.719999790191650391e+00 2.420000076293945312e+01 1.622078132629394531e+01
1.806999969482421875e+01 1.360000038146972656e+01 1.413192462921142578e+01
1.835000038146972656e+01 1.310000038146972656e+01 1.157834911346435547e+01
4.500000000000000000e+00 3.010000038146972656e+01 3.706607055664062500e+01
5.039999961853027344e+00 3.720000076293945312e+01 9.893595695495605469e+00
7.190000057220458984e+00 2.910000038146972656e+01 2.326322364807128906e+01
2.677000045776367188e+01 5.599999904632568359e+00 5.830987453460693359e+00
1.343999958038330078e+01 1.500000000000000000e+01 1.526548671722412109e+01
7.599999904632568359e+00 3.010000038146972656e+01 3.623949432373046875e+01
1.511999988555908203e+01 1.700000000000000000e+01 1.430662918090820312e+01
3.402000045776367188e+01 8.399999618530273438e+00 2.495314180850982666e-02
2.007999992370605469e+01 1.629999923706054688e+01 1.688487052917480469e+00
4.590000152587890625e+00 4.129999923706054688e+01 4.499893188476562500e+01
4.699999809265136719e+00 2.789999961853027344e+01 2.215410423278808594e+01
2.968000030517578125e+01 8.100000381469726562e+00 9.556777000427246094e+00
1.728000068664550781e+01 1.480000019073486328e+01 1.210585594177246094e+01
1.327999973297119141e+01 1.960000038146972656e+01 2.114816284179687500e+01
2.369000053405761719e+01 1.310000038146972656e+01 8.746466636657714844e+00
1.476000022888183594e+01 2.010000038146972656e+01 1.783711051940917969e+01
6.619999885559082031e+00 3.459999847412109375e+01 1.836489486694335938e+01
8.159999847412109375e+00 2.289999961853027344e+01 1.899157524108886719e+01
7.829999923706054688e+00 1.939999961853027344e+01 2.552549362182617188e+01
5.519999980926513672e+00 2.279999923706054688e+01 8.292818069458007812e+00
9.289999961853027344e+00 1.870000076293945312e+01 1.840092086791992188e+01
1.517000007629394531e+01 1.380000019073486328e+01 1.246945476531982422e+01
4.690000057220458984e+00 3.050000000000000000e+01 2.274788475036621094e+01
9.810000419616699219e+00 2.500000000000000000e+01 2.060086059570312500e+01
1.267000007629394531e+01 1.720000076293945312e+01 1.626934242248535156e+01
2.323999977111816406e+01 1.389999961853027344e+01 4.179684162139892578e+00
7.880000114440917969e+00 1.189999961853027344e+01 2.471297264099121094e+01
