9.039999961853027344e+00 2.360000038146972656e+01 1.788797950744628906e+01
1.695999908447265625e+01 1.810000038146972656e+01 1.379735755920410156e+01
5.679999828338623047e+00 2.220000076293945312e+01 2.339957618713378906e+01
1.278999996185302734e+01 2.220000076293945312e+01 1.867517089843750000e+01
5.889999866485595703e+00 2.660000038146972656e+01 4.435404205322265625e+01
3.062000083923339844e+01 1.019999980926513672e+01 8.471594810485839844e+00
1.250000000000000000e+01 1.760000038146972656e+01 1.690402984619140625e+01
1.977000045776367188e+01 8.300000190734863281e+00 3.105393409729003906e+00
7.260000228881835938e+00 4.309999847412109375e+01 2.287076759338378906e+01
8.010000228881835938e+00 2.110000038146972656e+01 2.595429801940917969e+01
4.590000152587890625e+00 4.129999923706054688e+01 3.543229293823242188e+01
5.489999771118164062e+00 3.270000076293945312e+01 2.439429473876953125e+01
8.050000190734863281e+00 3.300000000000000000e+01 2.890838813781738281e+01
3.809999942779541016e+00 4.850000000000000000e+01 3.444443511962890625e+01
1.015999984741210938e+01 2.279999923706054688e+01 1.969695281982421875e+01
1.400000000000000000e+01 2.189999961853027344e+01 1.920855903625488281e+01
8.229999542236328125e+00 2.200000000000000000e+01 2.102818679809570312e+01
2.970000028610229492e+00 5.000000000000000000e+01 4.251005935668945312e+01
1.409000015258789062e+01 2.039999961853027344e+01 1.826057052612304688e+01
4.210000038146972656e+00 3.870000076293945312e+01 2.624665451049804688e+01
4.449999809265136719e+00 3.290000152587890625e+01 2.749286460876464844e+01
3.080999946594238281e+01 1.439999961853027344e+01 4.128790378570556641e+00
8.880000114440917969e+00 5.000000000000000000e+01 2.114052391052246094e+01
1.014999961853027344e+01 2.050000000000000000e+01 1.940856933593750000e+01
1.010999965667724609e+01 2.320000076293945312e+01 1.859244346618652344e+01
5.190000057220458984e+00 2.370000076293945312e+01 3.298159790039062500e+01
4.610000133514404297e+00 3.120000076293945312e+01 4.242573165893554688e+01
6.719999790191650391e+00 2.479999923706054688e+01 2.409240913391113281e+01
1.772999954223632812e+01 1.519999980926513672e+01 1.628298759460449219e+01
1.644000053405761719e+01 1.260000038146972656e+01 1.619898414611816406e+01
7.440000057220458984e+00 5.000000000000000000e+01 2.465568733215332031e+01
1.397999954223632812e+01 2.639999961853027344e+01 1.923680686950683594e+01
5.500000000000000000e+00 2.700000000000000000e+01 2.361192893981933594e+01
1.845999908447265625e+01 1.850000000000000000e+01 1.167850971221923828e+01
7.599999904632568359e+00 3.010000038146972656e+01 3.293811798095703125e+01
3.730000019073486328e+00 5.000000000000000000e+01 2.934754943847656250e+01
2.178000068664550781e+01 1.019999980926513672e+01 6.108106136322021484e+00
7.789999961853027344e+00 1.860000038146972656e+01 2.088830566406250000e+01
1.952000045776367188e+01 1.710000038146972656e+01 5.742838859558105469e+00
1.239999961853027344e+01 2.010000038146972656e+01 1.766057205200195312e+01
1.310999965667724609e+01 2.139999961853027344e+01 1.770958328247070312e+01
1.334000015258789062e+01 2.060000038146972656e+01 2.155526924133300781e+01
1.865999984741210938e+01 1.950000000000000000e+01 1.571267223358154297e+01
9.520000457763671875e+00 2.450000000000000000e+01 2.339636993408203125e+01
1.481000041961669922e+01 1.660000038146972656e+01 2.135575675964355469e+01
1.211999988555908203e+01 1.530000019073486328e+01 2.698221778869628906e+01
1.879999923706054688e+01 1.660000038146972656e+01 1.096518230438232422e+01
4.139999866485595703e+00 4.479999923706054688e+01 2.896303367614746094e+01
1.427000045776367188e+01 2.029999923706054688e+01 1.989286613464355469e+01
1.919999957084655762e+00 5.000000000000000000e+01 2.564031600952148438e+01
