1.436999988555908203e+01 2.200000000000000000e+01 2.201948928833007812e+01
1.664999961853027344e+01 1.560000038146972656e+01 1.607004737854003906e+01
1.359000015258789062e+01 2.450000000000000000e+01 1.816165542602539062e+01
2.287999916076660156e+01 1.280000019073486328e+01 7.133386611938476562e+00
8.100000381469726562e+00 3.650000000000000000e+01 2.201165771484375000e+01
1.397999954223632812e+01 2.639999961853027344e+01 1.841297721862792969e+01
8.229999542236328125e+00 2.200000000000000000e+01 1.958026504516601562e+01
1.452000045776367188e+01 1.089999961853027344e+01 1.462508010864257812e+01
1.086999988555908203e+01 2.260000038146972656e+01 2.273002052307128906e+01
3.539999961853027344e+00 4.279999923706054688e+01 3.298242950439453125e+01
1.364999961853027344e+01 2.070000076293945312e+01 1.539401817321777344e+01
4.210000038146972656e+00 3.870000076293945312e+01 2.868339538574218750e+01
1.468999958038330078e+01 2.310000038146972656e+01 1.880284118652343750e+01
1.332999992370605469e+01 2.310000038146972656e+01 2.018965339660644531e+01
9.250000000000000000e+00 2.089999961853027344e+01 2.123828697204589844e+01
1.813999938964843750e+01 1.380000019073486328e+01 1.521637153625488281e+01
1.834000015258789062e+01 1.430000019073486328e+01 1.540008163452148438e+01
1.987999916076660156e+01 1.450000000000000000e+01 7.654276371002197266e+00
1.651000022888183594e+01 1.389999961853027344e+01 1.777022171020507812e+01
1.719000053405761719e+01 1.620000076293945312e+01 1.300297832489013672e+01
1.285999965667724609e+01 2.250000000000000000e+01 1.959378242492675781e+01
1.868000030517578125e+01 1.670000076293945312e+01 1.306906986236572266e+01
1.727000045776367188e+01 2.170000076293945312e+01 1.398568439483642578e+01
2.880000114440917969e+00 5.000000000000000000e+01 2.359792709350585938e+01
9.380000114440917969e+00 2.810000038146972656e+01 2.418542671203613281e+01
4.969999790191650391e+00 2.250000000000000000e+01 2.409832572937011719e+01
1.172000026702880859e+01 1.939999961853027344e+01 1.892252922058105469e+01
1.510000038146972656e+01 1.750000000000000000e+01 1.672746276855468750e+01
1.870999908447265625e+01 1.489999961853027344e+01 1.458213329315185547e+01
1.480000019073486328e+01 1.889999961853027344e+01 2.473887634277343750e+01
1.694000053405761719e+01 1.350000000000000000e+01 1.752257919311523438e+01
2.996999931335449219e+01 6.300000190734863281e+00 1.399592757225036621e+00
1.052999973297119141e+01 1.750000000000000000e+01 1.806445121765136719e+01
1.197000026702880859e+01 2.000000000000000000e+01 1.788313865661621094e+01
6.480000019073486328e+00 2.200000000000000000e+01 2.400967216491699219e+01
9.430000305175781250e+00 2.050000000000000000e+01 2.672931289672851562e+01
1.164000034332275391e+01 2.270000076293945312e+01 2.319450950622558594e+01
2.145000076293945312e+01 1.539999961853027344e+01 2.068132400512695312e+01
3.559999942779541016e+00 3.729999923706054688e+01 3.973989868164062500e+01
2.113999938964843750e+01 1.970000076293945312e+01 1.084046173095703125e+01
2.681999969482421875e+01 1.339999961853027344e+01 4.344882965087890625e+00
3.062999916076660156e+01 8.800000190734863281e+00 9.912641525268554688e+00
7.429999828338623047e+00 2.410000038146972656e+01 4.480433654785156250e+01
2.410000038146972656e+01 1.330000019073486328e+01 1.328177452087402344e+01
7.730000019073486328e+00 2.439999961853027344e+01 2.270967292785644531e+01
1.197999954223632812e+01 2.100000000000000000e+01 1.871278953552246094e+01
7.179999828338623047e+00 2.389999961853027344e+01 2.832956886291503906e+01
1.073999977111816406e+01 2.300000000000000000e+01 1.510277271270751953e+01
7.139999866485595703e+00 2.320000076293945312e+01 2.725083923339843750e+01
5.039999961853027344e+00 3.720000076293945312e+01 2.817932128906250000e+01
