7.699999809265136719e+00 2.039999961853027344e+01 2.321849060058593750e+01
7.829999923706054688e+00 1.939999961853027344e+01 2.420900535583496094e+01
2.996999931335449219e+01 6.300000190734863281e+00 2.107503414154052734e+00
8.510000228881835938e+00 2.060000038146972656e+01 2.262648582458496094e+01
3.730000019073486328e+00 5.000000000000000000e+01 2.527439498901367188e+01
1.709000015258789062e+01 1.870000076293945312e+01 1.113341331481933594e+01
2.397999954223632812e+01 1.929999923706054688e+01 7.832589626312255859e+00
1.140999984741210938e+01 2.000000000000000000e+01 2.081311225891113281e+01
2.062000083923339844e+01 8.800000190734863281e+00 6.376565933227539062e+00
6.679999828338623047e+00 3.200000000000000000e+01 2.858330535888671875e+01
1.314999961853027344e+01 2.960000038146972656e+01 2.139756011962890625e+01
4.610000133514404297e+00 3.120000076293945312e+01 3.060387420654296875e+01
5.329999923706054688e+00 3.620000076293945312e+01 2.373597145080566406e+01
2.121999931335449219e+01 1.720000076293945312e+01 2.669164657592773438e+00
1.901000022888183594e+01 1.269999980926513672e+01 1.176962089538574219e+01
1.642000007629394531e+01 1.639999961853027344e+01 6.975297927856445312e+00
1.044999980926513672e+01 1.850000000000000000e+01 2.279474830627441406e+01
1.127999973297119141e+01 1.820000076293945312e+01 1.816493034362792969e+01
3.759999990463256836e+00 4.540000152587890625e+01 2.553848838806152344e+01
2.681999969482421875e+01 1.339999961853027344e+01 7.962063789367675781e+00
1.879999923706054688e+01 1.660000038146972656e+01 1.256737709045410156e+01
9.159999847412109375e+00 2.429999923706054688e+01 2.182796478271484375e+01
5.099999904632568359e+00 3.700000000000000000e+01 4.857853317260742188e+01
3.950000047683715820e+00 3.160000038146972656e+01 2.901011276245117188e+01
1.414999961853027344e+01 2.000000000000000000e+01 1.991278266906738281e+01
1.272999954223632812e+01 2.100000000000000000e+01 2.122823905944824219e+01
4.590000152587890625e+00 4.129999923706054688e+01 3.042548561096191406e+01
6.579999923706054688e+00 2.310000038146972656e+01 2.724535179138183594e+01
7.429999828338623047e+00 2.410000038146972656e+01 2.138602828979492188e+01
5.909999847412109375e+00 4.879999923706054688e+01 2.148652267456054688e+01
1.322000026702880859e+01 2.139999961853027344e+01 2.178216171264648438e+01
5.489999771118164062e+00 2.410000038146972656e+01 2.091343688964843750e+01
1.569999980926513672e+01 1.419999980926513672e+01 1.518332481384277344e+01
6.190000057220458984e+00 3.320000076293945312e+01 2.667064476013183594e+01
1.803000068664550781e+01 1.460000038146972656e+01 1.255491352081298828e+01
2.107999992370605469e+01 1.089999961853027344e+01 3.150052309036254883e+00
2.490999984741210938e+01 1.200000000000000000e+01 2.932530403137207031e+00
5.980000019073486328e+00 2.289999961853027344e+01 2.270564460754394531e+01
1.568999958038330078e+01 1.019999980926513672e+01 1.542708301544189453e+01
1.464999961853027344e+01 1.770000076293945312e+01 1.925931739807128906e+01
2.770999908447265625e+01 1.319999980926513672e+01 9.390916824340820312e+00
2.869999885559082031e+00 3.640000152587890625e+01 4.916861724853515625e+01
8.229999542236328125e+00 2.200000000000000000e+01 2.097283744812011719e+01
5.699999809265136719e+00 2.870000076293945312e+01 1.979341316223144531e+01
2.178000068664550781e+01 1.019999980926513672e+01 2.269503593444824219e+00
1.359000015258789062e+01 2.450000000000000000e+01 1.696759223937988281e+01
9.090000152587890625e+00 1.979999923706054688e+01 2.096878051757812500e+01
4.590000152587890625e+00 3.540000152587890625e+01 3.042548561096191406e+01
1.659000015258789062e+01 1.839999961853027344e+01 7.001075744628906250e+00
1.476000022888183594e+01 2.010000038146972656e+01 2.066180610656738281e+01
