3.329999923706054688e+00 2.850000000000000000e+01 4.681306838989257812e+01
4.699999809265136719e+00 2.789999961853027344e+01 3.034457588195800781e+01
2.287999916076660156e+01 1.280000019073486328e+01 4.344214439392089844e+00
5.639999866485595703e+00 2.389999961853027344e+01 2.596213912963867188e+01
1.714999961853027344e+01 1.900000000000000000e+01 1.194227409362792969e+01
1.760000038146972656e+01 2.310000038146972656e+01 1.778587341308593750e+01
1.497999954223632812e+01 1.910000038146972656e+01 1.412931251525878906e+01
1.987999916076660156e+01 1.450000000000000000e+01 1.473803997039794922e+01
7.599999904632568359e+00 2.229999923706054688e+01 3.010648536682128906e+01
1.310999965667724609e+01 2.139999961853027344e+01 1.914962959289550781e+01
7.789999961853027344e+00 2.500000000000000000e+01 3.587896347045898438e+01
9.619999885559082031e+00 2.389999961853027344e+01 2.655179023742675781e+01
1.028999996185302734e+01 2.020000076293945312e+01 1.960022735595703125e+01
8.229999542236328125e+00 2.200000000000000000e+01 2.061141395568847656e+01
5.210000038146972656e+00 2.870000076293945312e+01 2.572587585449218750e+01
7.699999809265136719e+00 2.039999961853027344e+01 2.346269989013671875e+01
1.063000011444091797e+01 1.860000038146972656e+01 1.649365806579589844e+01
1.234000015258789062e+01 2.120000076293945312e+01 1.972440338134765625e+01
8.510000228881835938e+00 2.060000038146972656e+01 1.961929702758789062e+01
1.343999958038330078e+01 1.929999923706054688e+01 1.507435512542724609e+01
1.727000045776367188e+01 1.610000038146972656e+01 2.158010864257812500e+01
1.792000007629394531e+01 2.150000000000000000e+01 1.939871215820312500e+01
3.920000076293945312e+00 4.670000076293945312e+01 3.780559158325195312e+01
5.679999828338623047e+00 2.220000076293945312e+01 3.243049621582031250e+01
1.285999965667724609e+01 2.250000000000000000e+01 1.908359527587890625e+01
1.992000007629394531e+01 8.500000000000000000e+00 1.260466480255126953e+01
1.322000026702880859e+01 2.139999961853027344e+01 1.970408630371093750e+01
9.510000228881835938e+00 2.479999923706054688e+01 2.416869735717773438e+01
1.481000041961669922e+01 1.660000038146972656e+01 2.133812141418457031e+01
7.789999961853027344e+00 1.860000038146972656e+01 3.587896347045898438e+01
7.900000095367431641e+00 2.160000038146972656e+01 1.245657348632812500e+01
8.100000381469726562e+00 3.650000000000000000e+01 2.199900817871093750e+01
7.539999961853027344e+00 2.339999961853027344e+01 3.182042121887207031e+01
1.267000007629394531e+01 1.720000076293945312e+01 2.254633903503417969e+01
1.719000053405761719e+01 1.620000076293945312e+01 1.074232482910156250e+01
8.050000190734863281e+00 2.900000000000000000e+01 2.557820510864257812e+01
7.389999866485595703e+00 2.329999923706054688e+01 2.704422187805175781e+01
1.203999996185302734e+01 2.120000076293945312e+01 1.569096565246582031e+01
1.646999931335449219e+01 1.950000000000000000e+01 1.269760704040527344e+01
1.202999973297119141e+01 1.910000038146972656e+01 1.613724136352539062e+01
1.969000053405761719e+01 1.410000038146972656e+01 7.510990142822265625e+00
1.013000011444091797e+01 2.470000076293945312e+01 1.956995201110839844e+01
3.130000114440917969e+00 3.759999847412109375e+01 4.375334930419921875e+01
7.670000076293945312e+00 2.650000000000000000e+01 2.384887695312500000e+01
1.272999954223632812e+01 2.100000000000000000e+01 2.006448745727539062e+01
1.835000038146972656e+01 1.310000038146972656e+01 1.416797828674316406e+01
1.293000030517578125e+01 2.010000038146972656e+01 2.076289939880371094e+01
1.351000022888183594e+01 2.329999923706054688e+01 1.879741477966308594e+01
2.490999984741210938e+01 1.200000000000000000e+01 1.122719883918762207e+00
1.073999977111816406e+01 2.300000000000000000e+01 1.304209899902343750e+01
