2.397999954223632812e+01 1.180000019073486328e+01 1.951661109924316406e+01
2.327000045776367188e+01 1.339999961853027344e+01 1.293735408782958984e+01
1.327000045776367188e+01 1.889999961853027344e+01 1.974377250671386719e+01
1.197000026702880859e+01 2.000000000000000000e+01 2.033947372436523438e+01
1.227000045776367188e+01 1.979999923706054688e+01 1.963385772705078125e+01
1.343999958038330078e+01 1.500000000000000000e+01 1.930073547363281250e+01
7.829999923706054688e+00 1.939999961853027344e+01 2.290570068359375000e+01
1.481000041961669922e+01 1.660000038146972656e+01 1.182321453094482422e+01
2.904999923706054688e+01 7.199999809265136719e+00 3.760981798171997070e+00
3.759999990463256836e+00 4.540000152587890625e+01 4.844406509399414062e+01
9.510000228881835938e+00 2.479999923706054688e+01 2.380686569213867188e+01
7.699999809265136719e+00 2.039999961853027344e+01 2.514881324768066406e+01
1.469999980926513672e+01 2.000000000000000000e+01 1.238471984863281250e+01
9.520000457763671875e+00 2.450000000000000000e+01 2.417490577697753906e+01
1.803000068664550781e+01 1.460000038146972656e+01 1.697333335876464844e+01
1.322000026702880859e+01 2.139999961853027344e+01 1.843615531921386719e+01
1.050000000000000000e+01 2.300000000000000000e+01 1.830771064758300781e+01
1.812999916076660156e+01 1.410000038146972656e+01 1.410495948791503906e+01
1.635000038146972656e+01 1.269999980926513672e+01 1.521139621734619141e+01
9.090000152587890625e+00 1.979999923706054688e+01 1.997387504577636719e+01
7.789999961853027344e+00 1.860000038146972656e+01 2.499850654602050781e+01
2.940000057220458984e+00 3.340000152587890625e+01 4.464150619506835938e+01
1.714999961853027344e+01 1.900000000000000000e+01 1.046629238128662109e+01
7.880000114440917969e+00 1.189999961853027344e+01 2.167600250244140625e+01
1.568999958038330078e+01 1.019999980926513672e+01 1.430470848083496094e+01
9.880000114440917969e+00 2.170000076293945312e+01 2.525651741027832031e+01
1.977000045776367188e+01 8.300000190734863281e+00 2.616958045959472656e+01
1.664999961853027344e+01 1.560000038146972656e+01 1.363803768157958984e+01
1.232999992370605469e+01 2.010000038146972656e+01 2.080839347839355469e+01
8.159999847412109375e+00 2.289999961853027344e+01 2.333934402465820312e+01
5.500000000000000000e+00 2.700000000000000000e+01 2.372319221496582031e+01
2.996999931335449219e+01 6.300000190734863281e+00 2.812252998352050781e+00
1.620999908447265625e+01 1.879999923706054688e+01 1.434612751007080078e+01
9.550000190734863281e+00 2.120000076293945312e+01 2.668122482299804688e+01
7.199999809265136719e+00 2.379999923706054688e+01 2.725757980346679688e+01
1.510000038146972656e+01 1.750000000000000000e+01 1.658286857604980469e+01
1.226000022888183594e+01 1.960000038146972656e+01 1.962520790100097656e+01
1.576000022888183594e+01 1.829999923706054688e+01 1.984148406982421875e+01
3.950000047683715820e+00 4.829999923706054688e+01 3.163505172729492188e+01
2.828000068664550781e+01 1.050000000000000000e+01 1.481899261474609375e+01
5.039999961853027344e+00 3.720000076293945312e+01 3.167630004882812500e+01
8.430000305175781250e+00 2.339999961853027344e+01 2.153911018371582031e+01
1.334000015258789062e+01 2.060000038146972656e+01 2.156898117065429688e+01
1.464999961853027344e+01 1.770000076293945312e+01 1.395308399200439453e+01
5.519999980926513672e+00 2.279999923706054688e+01 2.253543472290039062e+01
5.889999866485595703e+00 2.660000038146972656e+01 2.375478744506835938e+01
3.198999977111816406e+01 7.400000095367431641e+00 2.378657460212707520e-02
2.639999961853027344e+01 1.720000076293945312e+01 1.415852165222167969e+01
8.810000419616699219e+00 2.260000038146972656e+01 1.971628952026367188e+01
1.243000030517578125e+01 2.289999961853027344e+01 1.710100936889648438e+01
