3.198999977111816406e+01 7.400000095367431641e+00 3.982797265052795410e-02
7.199999809265136719e+00 2.379999923706054688e+01 2.289366531372070312e+01
1.568999958038330078e+01 1.019999980926513672e+01 1.226256275177001953e+01
8.100000381469726562e+00 3.650000000000000000e+01 2.074877166748046875e+01
1.014999961853027344e+01 2.050000000000000000e+01 2.274116897583007812e+01
6.650000095367431641e+00 2.839999961853027344e+01 2.226510238647460938e+01
1.792000007629394531e+01 2.150000000000000000e+01 1.976683044433593750e+01
1.436999988555908203e+01 2.200000000000000000e+01 1.414608955383300781e+01
3.329999923706054688e+00 2.850000000000000000e+01 4.839690017700195312e+01
1.435999965667724609e+01 2.320000076293945312e+01 1.402897644042968750e+01
2.397999954223632812e+01 1.180000019073486328e+01 1.925496864318847656e+01
3.009999990463256836e+00 4.600000000000000000e+01 3.165991973876953125e+01
1.502000045776367188e+01 1.670000076293945312e+01 1.792586135864257812e+01
9.539999961853027344e+00 2.510000038146972656e+01 3.558164215087890625e+01
2.396999931335449219e+01 7.000000000000000000e+00 1.850399589538574219e+01
1.410000038146972656e+01 1.829999923706054688e+01 2.112839698791503906e+01
6.360000133514404297e+00 2.310000038146972656e+01 2.369799232482910156e+01
8.050000190734863281e+00 1.820000076293945312e+01 2.041906166076660156e+01
2.131999969482421875e+01 1.910000038146972656e+01 1.327936077117919922e+01
5.900000095367431641e+00 2.439999961853027344e+01 2.648378944396972656e+01
1.517000007629394531e+01 1.380000019073486328e+01 1.169170093536376953e+01
1.397999954223632812e+01 2.639999961853027344e+01 1.389120101928710938e+01
1.977000045776367188e+01 8.300000190734863281e+00 2.618916320800781250e+01
8.880000114440917969e+00 5.000000000000000000e+01 2.487038421630859375e+01
1.673999977111816406e+01 1.779999923706054688e+01 1.173554325103759766e+01
9.449999809265136719e+00 3.620000076293945312e+01 3.246445465087890625e+01
1.481000041961669922e+01 2.139999961853027344e+01 1.838791656494140625e+01
1.476000022888183594e+01 2.010000038146972656e+01 1.733665466308593750e+01
9.430000305175781250e+00 2.050000000000000000e+01 2.911443328857421875e+01
7.119999885559082031e+00 2.750000000000000000e+01 2.057016372680664062e+01
6.289999961853027344e+00 2.460000038146972656e+01 2.527740287780761719e+01
3.259999990463256836e+00 5.000000000000000000e+01 4.417527770996093750e+01
2.123999977111816406e+01 1.330000019073486328e+01 1.095553588867187500e+01
1.664999961853027344e+01 1.560000038146972656e+01 1.473560142517089844e+01
1.511999988555908203e+01 1.700000000000000000e+01 1.328905105590820312e+01
7.510000228881835938e+00 2.289999961853027344e+01 2.676912498474121094e+01
4.849999904632568359e+00 3.509999847412109375e+01 2.996436882019042969e+01
1.267000007629394531e+01 1.720000076293945312e+01 2.256529045104980469e+01
9.680000305175781250e+00 1.889999961853027344e+01 2.548201179504394531e+01
1.409000015258789062e+01 2.039999961853027344e+01 2.027862548828125000e+01
5.489999771118164062e+00 3.270000076293945312e+01 2.538871765136718750e+01
1.885000038146972656e+01 1.539999961853027344e+01 1.341946029663085938e+01
1.510000038146972656e+01 1.750000000000000000e+01 1.415386772155761719e+01
6.730000019073486328e+00 2.220000076293945312e+01 2.374170494079589844e+01
1.343999958038330078e+01 1.929999923706054688e+01 1.515193653106689453e+01
1.464999961853027344e+01 1.770000076293945312e+01 1.661178779602050781e+01
1.555000019073486328e+01 1.939999961853027344e+01 7.320233345031738281e+00
6.360000133514404297e+00 3.160000038146972656e+01 2.369799232482910156e+01
1.468999958038330078e+01 2.310000038146972656e+01 1.630198097229003906e+01
8.579999923706054688e+00 2.389999961853027344e+01 1.887829208374023438e+01
