4.559999942779541016e+00 3.490000152587890625e+01 3.439602661132812500e+01
1.044999980926513672e+01 2.279999923706054688e+01 1.850462722778320312e+01
1.322000026702880859e+01 2.139999961853027344e+01 2.253050613403320312e+01
1.303999996185302734e+01 1.450000000000000000e+01 2.043036270141601562e+01
5.500000000000000000e+00 2.700000000000000000e+01 2.347885513305664062e+01
7.219999790191650391e+00 2.389999961853027344e+01 2.596033668518066406e+01
5.570000171661376953e+00 2.060000038146972656e+01 2.170456504821777344e+01
1.250000000000000000e+01 1.760000038146972656e+01 1.665549468994140625e+01
7.829999923706054688e+00 1.939999961853027344e+01 3.109807395935058594e+01
5.030000209808349609e+00 3.110000038146972656e+01 3.455593490600585938e+01
4.860000133514404297e+00 3.309999847412109375e+01 3.353333663940429688e+01
2.645000076293945312e+01 8.699999809265136719e+00 1.304371356964111328e+01
6.480000019073486328e+00 2.200000000000000000e+01 2.285543823242187500e+01
1.267000007629394531e+01 1.720000076293945312e+01 2.259587860107421875e+01
2.954999923706054688e+01 2.370000076293945312e+01 3.785403728485107422e+00
1.010999965667724609e+01 2.320000076293945312e+01 1.501168823242187500e+01
1.727000045776367188e+01 1.610000038146972656e+01 2.170594596862792969e+01
1.517000007629394531e+01 1.169999980926513672e+01 1.380066013336181641e+01
7.429999828338623047e+00 2.410000038146972656e+01 3.462007904052734375e+01
6.289999961853027344e+00 2.460000038146972656e+01 2.150633621215820312e+01
4.449999809265136719e+00 3.290000152587890625e+01 2.771395301818847656e+01
1.977000045776367188e+01 8.300000190734863281e+00 2.567790985107421875e+01
3.477000045776367188e+01 1.380000019073486328e+01 1.463925719261169434e+00
1.468999958038330078e+01 2.310000038146972656e+01 1.909867095947265625e+01
1.400000000000000000e+01 2.189999961853027344e+01 1.925148010253906250e+01
1.651000022888183594e+01 1.389999961853027344e+01 1.371308612823486328e+01
1.300000000000000000e+01 2.110000038146972656e+01 2.169837188720703125e+01
9.470000267028808594e+00 2.500000000000000000e+01 2.335518646240234375e+01
1.413000011444091797e+01 1.989999961853027344e+01 2.021551704406738281e+01
2.062000083923339844e+01 8.800000190734863281e+00 4.759798049926757812e+00
2.726000022888183594e+01 1.569999980926513672e+01 4.597869396209716797e+00
3.759999990463256836e+00 3.150000000000000000e+01 4.541856384277343750e+01
9.539999961853027344e+00 2.510000038146972656e+01 4.665485000610351562e+01
9.140000343322753906e+00 2.160000038146972656e+01 2.260661697387695312e+01
8.670000076293945312e+00 2.639999961853027344e+01 1.898310279846191406e+01
1.901000022888183594e+01 1.269999980926513672e+01 7.153020381927490234e+00
5.389999866485595703e+00 3.490000152587890625e+01 3.110788154602050781e+01
2.131999969482421875e+01 1.330000019073486328e+01 1.314129924774169922e+01
9.670000076293945312e+00 2.239999961853027344e+01 2.594708633422851562e+01
1.264000034332275391e+01 1.610000038146972656e+01 1.999812316894531250e+01
2.007999992370605469e+01 1.629999923706054688e+01 5.378116607666015625e+00
6.119999885559082031e+00 2.500000000000000000e+01 2.296108627319335938e+01
1.165999984741210938e+01 2.979999923706054688e+01 2.313388252258300781e+01
8.609999656677246094e+00 3.029999923706054688e+01 2.149703598022460938e+01
1.432999992370605469e+01 1.679999923706054688e+01 2.094167327880859375e+01
1.097000026702880859e+01 2.439999961853027344e+01 1.629187202453613281e+01
2.579000091552734375e+01 7.500000000000000000e+00 1.831834077835083008e+00
1.057999992370605469e+01 2.120000076293945312e+01 1.610423469543457031e+01
2.396999931335449219e+01 7.000000000000000000e+00 1.814659881591796875e+01
2.329000091552734375e+01 1.339999961853027344e+01 1.270821285247802734e+01
