1.203999996185302734e+01 2.120000076293945312e+01 1.696111297607421875e+01
1.023999977111816406e+01 1.939999961853027344e+01 1.951286888122558594e+01
9.810000419616699219e+00 2.500000000000000000e+01 1.942413711547851562e+01
9.100000381469726562e+00 2.029999923706054688e+01 2.043165206909179688e+01
2.273999977111816406e+01 8.399999618530273438e+00 7.685774326324462891e+00
1.651000022888183594e+01 1.389999961853027344e+01 1.742766189575195312e+01
1.642000007629394531e+01 1.639999961853027344e+01 1.211545848846435547e+01
1.360999965667724609e+01 1.929999923706054688e+01 2.268725204467773438e+01
6.730000019073486328e+00 2.220000076293945312e+01 2.309148406982421875e+01
1.664999961853027344e+01 1.560000038146972656e+01 1.554903030395507812e+01
6.469999790191650391e+00 3.340000152587890625e+01 2.217797088623046875e+01
1.459000015258789062e+01 1.710000038146972656e+01 1.297449111938476562e+01
1.334000015258789062e+01 2.060000038146972656e+01 2.153248023986816406e+01
1.727000045776367188e+01 2.170000076293945312e+01 1.459714603424072266e+01
6.590000152587890625e+00 2.520000076293945312e+01 3.036948013305664062e+01
1.772999954223632812e+01 1.519999980926513672e+01 1.262317848205566406e+01
3.436999893188476562e+01 1.789999961853027344e+01 1.053267192840576172e+01
4.559999942779541016e+00 3.490000152587890625e+01 2.977116203308105469e+01
4.630000114440917969e+00 5.000000000000000000e+01 2.794989013671875000e+01
4.969999790191650391e+00 2.250000000000000000e+01 2.640806961059570312e+01
1.197000026702880859e+01 2.000000000000000000e+01 1.976691627502441406e+01
3.529999971389770508e+00 2.960000038146972656e+01 3.241378021240234375e+01
4.730000019073486328e+00 3.150000000000000000e+01 2.775713920593261719e+01
3.319999933242797852e+00 5.000000000000000000e+01 3.090369606018066406e+01
1.413000011444091797e+01 1.989999961853027344e+01 1.946512794494628906e+01
3.797000122070312500e+01 1.380000019073486328e+01 2.067908781100413762e-06
6.900000095367431641e+00 3.010000038146972656e+01 2.676686859130859375e+01
1.730999946594238281e+01 1.560000038146972656e+01 1.250988960266113281e+01
5.699999809265136719e+00 2.870000076293945312e+01 2.569105339050292969e+01
1.720999908447265625e+01 1.039999961853027344e+01 1.526539611816406250e+01
1.239999961853027344e+01 2.010000038146972656e+01 1.747844314575195312e+01
1.812999916076660156e+01 1.410000038146972656e+01 1.657379722595214844e+01
1.173999977111816406e+01 1.850000000000000000e+01 1.736923980712890625e+01
7.510000228881835938e+00 2.289999961853027344e+01 2.891477775573730469e+01
2.470000028610229492e+00 4.170000076293945312e+01 2.376802206039428711e+00
7.849999904632568359e+00 3.220000076293945312e+01 1.611043548583984375e+01
1.243000030517578125e+01 2.289999961853027344e+01 1.709956359863281250e+01
2.645000076293945312e+01 8.699999809265136719e+00 1.300987911224365234e+01
8.670000076293945312e+00 2.639999961853027344e+01 1.622505950927734375e+01
1.144999980926513672e+01 2.060000038146972656e+01 2.078026008605957031e+01
9.800000190734863281e+00 1.950000000000000000e+01 1.958184814453125000e+01
7.900000095367431641e+00 2.160000038146972656e+01 1.201264286041259766e+01
6.780000209808349609e+00 2.410000038146972656e+01 1.992392349243164062e+01
1.760000038146972656e+01 1.779999923706054688e+01 2.309019660949707031e+01
9.090000152587890625e+00 1.979999923706054688e+01 2.045355224609375000e+01
9.670000076293945312e+00 2.239999961853027344e+01 1.965637779235839844e+01
6.269999980926513672e+00 2.860000038146972656e+01 2.223699951171875000e+01
7.670000076293945312e+00 2.650000000000000000e+01 2.231124114990234375e+01
3.697999954223632812e+01 7.000000000000000000e+00 1.831496047088876367e-05
1.026000022888183594e+01 1.820000076293945312e+01 2.024939537048339844e+01
