1.621999931335449219e+01 1.430000019073486328e+01 1.774966049194335938e+01
1.435999965667724609e+01 2.320000076293945312e+01 2.126006889343261719e+01
2.034000015258789062e+01 1.350000000000000000e+01 6.395065307617187500e+00
1.027000045776367188e+01 2.079999923706054688e+01 1.874739265441894531e+01
8.810000419616699219e+00 2.260000038146972656e+01 2.600797271728515625e+01
1.930999946594238281e+01 1.300000000000000000e+01 1.223257255554199219e+01
6.650000095367431641e+00 2.839999961853027344e+01 3.240035247802734375e+01
1.885000038146972656e+01 1.539999961853027344e+01 1.325607776641845703e+01
5.039999961853027344e+00 3.720000076293945312e+01 2.265525436401367188e+01
1.901000022888183594e+01 1.269999980926513672e+01 1.169843387603759766e+01
2.211000061035156250e+01 1.050000000000000000e+01 3.712935745716094971e-01
1.578999996185302734e+01 1.939999961853027344e+01 1.818872833251953125e+01
2.107999992370605469e+01 1.089999961853027344e+01 1.494126605987548828e+01
6.530000209808349609e+00 2.660000038146972656e+01 2.079120445251464844e+01
4.699999809265136719e+00 2.789999961853027344e+01 3.044001197814941406e+01
1.134000015258789062e+01 2.139999961853027344e+01 2.165971755981445312e+01
1.267000007629394531e+01 1.720000076293945312e+01 2.259473609924316406e+01
6.579999923706054688e+00 2.310000038146972656e+01 3.494505691528320312e+01
1.110000038146972656e+01 2.379999923706054688e+01 2.149735069274902344e+01
4.630000114440917969e+00 5.000000000000000000e+01 2.797433280944824219e+01
8.439999580383300781e+00 2.220000076293945312e+01 2.231814765930175781e+01
1.059000015258789062e+01 2.060000038146972656e+01 2.042894935607910156e+01
1.812999916076660156e+01 1.410000038146972656e+01 1.909234619140625000e+01
2.968000030517578125e+01 8.100000381469726562e+00 9.002385139465332031e+00
1.432999992370605469e+01 1.679999923706054688e+01 1.982846450805664062e+01
9.039999961853027344e+00 2.360000038146972656e+01 1.850588989257812500e+01
4.139999866485595703e+00 4.479999923706054688e+01 3.195078468322753906e+01
2.904999923706054688e+01 7.199999809265136719e+00 1.830760002136230469e+00
1.871999931335449219e+01 1.519999980926513672e+01 1.633679580688476562e+01
2.178000068664550781e+01 1.019999980926513672e+01 1.435448646545410156e+00
1.127999973297119141e+01 1.820000076293945312e+01 2.629544258117675781e+01
8.050000190734863281e+00 1.820000076293945312e+01 3.099207687377929688e+01
2.085000038146972656e+01 1.150000000000000000e+01 4.804700851440429688e+00
1.727000045776367188e+01 2.170000076293945312e+01 1.609152412414550781e+01
8.260000228881835938e+00 2.039999961853027344e+01 1.930008506774902344e+01
2.030999946594238281e+01 1.210000038146972656e+01 6.711788177490234375e+00
4.739999771118164062e+00 2.900000000000000000e+01 3.130391311645507812e+01
1.812999916076660156e+01 1.410000038146972656e+01 1.909234619140625000e+01
1.197999954223632812e+01 2.100000000000000000e+01 2.025611114501953125e+01
1.226000022888183594e+01 1.960000038146972656e+01 1.938217735290527344e+01
2.779999923706054688e+01 1.380000019073486328e+01 6.671450614929199219e+00
6.210000038146972656e+00 2.500000000000000000e+01 3.092126274108886719e+01
1.243000030517578125e+01 2.289999961853027344e+01 1.817812156677246094e+01
1.517000007629394531e+01 1.169999980926513672e+01 1.263514709472656250e+01
1.243000030517578125e+01 1.710000038146972656e+01 1.817812156677246094e+01
1.309000015258789062e+01 1.739999961853027344e+01 1.886950492858886719e+01
3.920000076293945312e+00 4.670000076293945312e+01 3.781047821044921875e+01
2.396999931335449219e+01 7.000000000000000000e+00 1.462990951538085938e+01
5.030000209808349609e+00 3.110000038146972656e+01 2.252786827087402344e+01
1.803000068664550781e+01 1.460000038146972656e+01 1.056354999542236328e+01
