1.418999958038330078e+01 1.989999961853027344e+01 1.697825813293457031e+01
6.590000152587890625e+00 2.520000076293945312e+01 3.306654357910156250e+01
2.327000045776367188e+01 1.339999961853027344e+01 1.337763690948486328e+01
5.679999828338623047e+00 2.220000076293945312e+01 3.243560028076171875e+01
1.030000019073486328e+01 1.920000076293945312e+01 2.029305648803710938e+01
2.211000061035156250e+01 1.050000000000000000e+01 1.059209227561950684e+00
1.056000041961669922e+01 1.850000000000000000e+01 2.097955894470214844e+01
5.769999980926513672e+00 2.470000076293945312e+01 2.331947898864746094e+01
6.579999923706054688e+00 2.310000038146972656e+01 3.490589904785156250e+01
9.810000419616699219e+00 2.500000000000000000e+01 1.947040939331054688e+01
1.327000045776367188e+01 1.889999961853027344e+01 2.165295028686523438e+01
3.569999933242797852e+00 4.379999923706054688e+01 3.306356811523437500e+01
1.635000038146972656e+01 1.269999980926513672e+01 1.646025085449218750e+01
3.329999923706054688e+00 2.850000000000000000e+01 3.395225143432617188e+01
1.712000083923339844e+01 1.310000038146972656e+01 1.495051860809326172e+01
2.297999954223632812e+01 5.000000000000000000e+00 7.800533294677734375e+00
1.710000038146972656e+01 1.889999961853027344e+01 1.476424694061279297e+01
1.164999961853027344e+01 2.429999923706054688e+01 2.615275573730468750e+01
1.314999961853027344e+01 1.870000076293945312e+01 2.951994705200195312e+01
4.809999942779541016e+00 3.540000152587890625e+01 3.639985656738281250e+01
1.806999969482421875e+01 1.360000038146972656e+01 1.498662853240966797e+01
1.629999923706054688e+01 1.560000038146972656e+01 1.906130218505859375e+01
1.201000022888183594e+01 2.179999923706054688e+01 1.867856979370117188e+01
2.123999977111816406e+01 1.330000019073486328e+01 1.687475967407226562e+01
5.980000019073486328e+00 2.210000038146972656e+01 2.296386718750000000e+01
1.464000034332275391e+01 1.679999923706054688e+01 1.696677207946777344e+01
6.619999885559082031e+00 3.459999847412109375e+01 2.899337959289550781e+01
9.880000114440917969e+00 2.170000076293945312e+01 2.215189361572265625e+01
1.930999946594238281e+01 1.300000000000000000e+01 8.256534576416015625e+00
1.452000045776367188e+01 1.089999961853027344e+01 1.281424236297607422e+01
8.930000305175781250e+00 2.839999961853027344e+01 3.667134094238281250e+01
2.904999923706054688e+01 7.199999809265136719e+00 2.126612424850463867e+00
1.885000038146972656e+01 1.539999961853027344e+01 6.255027770996093750e+00
9.140000343322753906e+00 2.160000038146972656e+01 2.287803077697753906e+01
1.243000030517578125e+01 2.289999961853027344e+01 1.709622001647949219e+01
2.102000045776367188e+01 1.360000038146972656e+01 8.777661323547363281e+00
5.639999866485595703e+00 2.389999961853027344e+01 2.631480026245117188e+01
3.062000083923339844e+01 1.019999980926513672e+01 7.786686897277832031e+00
1.694000053405761719e+01 1.350000000000000000e+01 1.653865623474121094e+01
3.730000019073486328e+00 5.000000000000000000e+01 3.980525207519531250e+01
8.010000228881835938e+00 2.110000038146972656e+01 2.007313919067382812e+01
1.303999996185302734e+01 1.450000000000000000e+01 1.867889404296875000e+01
6.929999828338623047e+00 3.609999847412109375e+01 2.874690246582031250e+01
1.978000068664550781e+01 2.750000000000000000e+01 8.622339248657226562e+00
1.359000015258789062e+01 2.450000000000000000e+01 1.008905315399169922e+01
6.190000057220458984e+00 3.320000076293945312e+01 2.290697288513183594e+01
6.119999885559082031e+00 2.500000000000000000e+01 2.277182769775390625e+01
9.670000076293945312e+00 2.239999961853027344e+01 1.961980628967285156e+01
1.763999938964843750e+01 1.450000000000000000e+01 1.523113918304443359e+01
7.260000228881835938e+00 4.309999847412109375e+01 2.168406486511230469e+01
