7.389999866485595703e+00 2.329999923706054688e+01 2.704185485839843750e+01
1.243000030517578125e+01 2.289999961853027344e+01 1.710921859741210938e+01
4.670000076293945312e+00 2.350000000000000000e+01 3.602682113647460938e+01
1.502999973297119141e+01 1.839999961853027344e+01 1.580120754241943359e+01
7.199999809265136719e+00 2.379999923706054688e+01 2.710079574584960938e+01
8.939999580383300781e+00 2.139999961853027344e+01 3.397285842895507812e+01
8.930000305175781250e+00 2.839999961853027344e+01 3.601923370361328125e+01
3.059000015258789062e+01 5.000000000000000000e+00 8.043205261230468750e+00
2.034000015258789062e+01 1.350000000000000000e+01 7.870868206024169922e+00
1.292000007629394531e+01 2.120000076293945312e+01 1.792413711547851562e+01
1.510000038146972656e+01 1.750000000000000000e+01 1.603296470642089844e+01
1.300000000000000000e+01 2.170000076293945312e+01 2.105226325988769531e+01
1.919999957084655762e+00 5.000000000000000000e+01 2.173631095886230469e+01
6.269999980926513672e+00 2.860000038146972656e+01 2.275561714172363281e+01
1.803000068664550781e+01 1.460000038146972656e+01 1.068110370635986328e+01
2.407999992370605469e+01 9.500000000000000000e+00 1.338158226013183594e+01
1.293000030517578125e+01 2.010000038146972656e+01 1.791803169250488281e+01
1.327000045776367188e+01 2.170000076293945312e+01 1.891423797607421875e+01
7.829999923706054688e+00 1.939999961853027344e+01 2.975189781188964844e+01
4.449999809265136719e+00 3.290000152587890625e+01 4.984975814819335938e+01
2.455999946594238281e+01 1.230000019073486328e+01 2.887433528900146484e+00
4.860000133514404297e+00 3.309999847412109375e+01 3.290187835693359375e+01
3.440999984741210938e+01 1.439999961853027344e+01 1.342032432556152344e+01
1.812999916076660156e+01 1.410000038146972656e+01 1.657481384277343750e+01
6.210000038146972656e+00 2.500000000000000000e+01 2.055545425415039062e+01
7.900000095367431641e+00 2.160000038146972656e+01 1.235542392730712891e+01
2.397999954223632812e+01 1.180000019073486328e+01 1.949693870544433594e+01
4.030000209808349609e+00 3.470000076293945312e+01 3.650893783569335938e+01
1.629999923706054688e+01 1.560000038146972656e+01 1.840778541564941406e+01
7.119999885559082031e+00 2.750000000000000000e+01 2.198472595214843750e+01
3.569999933242797852e+00 4.379999923706054688e+01 3.137123870849609375e+01
1.172000026702880859e+01 1.939999961853027344e+01 1.883452224731445312e+01
6.860000133514404297e+00 2.329999923706054688e+01 2.267897224426269531e+01
1.027000045776367188e+01 2.079999923706054688e+01 1.874847793579101562e+01
1.622999954223632812e+01 1.489999961853027344e+01 1.487954711914062500e+01
9.090000152587890625e+00 1.979999923706054688e+01 2.039043617248535156e+01
1.264000034332275391e+01 1.610000038146972656e+01 2.037069320678710938e+01
1.977000045776367188e+01 8.300000190734863281e+00 2.542595672607421875e+01
9.380000114440917969e+00 2.810000038146972656e+01 2.232559776306152344e+01
3.259999990463256836e+00 5.000000000000000000e+01 4.081659317016601562e+01
1.314999961853027344e+01 2.960000038146972656e+01 1.870683670043945312e+01
9.800000190734863281e+00 1.950000000000000000e+01 2.370682144165039062e+01
2.642000007629394531e+01 1.560000038146972656e+01 1.360277462005615234e+01
1.728000068664550781e+01 1.480000019073486328e+01 1.995166969299316406e+01
8.010000228881835938e+00 2.110000038146972656e+01 2.042251205444335938e+01
1.720999908447265625e+01 1.039999961853027344e+01 1.486074256896972656e+01
5.099999904632568359e+00 3.700000000000000000e+01 3.685548400878906250e+01
1.835000038146972656e+01 1.310000038146972656e+01 1.416025829315185547e+01
9.590000152587890625e+00 3.379999923706054688e+01 2.343264579772949219e+01
3.402000045776367188e+01 8.399999618530273438e+00 1.144130825996398926e+00
