3.440999984741210938e+01 1.439999961853027344e+01 3.346619367599487305e+00
2.737999916076660156e+01 8.500000000000000000e+00 2.985800504684448242e+00
2.880000114440917969e+00 5.000000000000000000e+01 3.690348052978515625e+01
1.728000068664550781e+01 1.480000019073486328e+01 1.801641273498535156e+01
1.539000034332275391e+01 1.800000000000000000e+01 6.824116230010986328e+00
7.599999904632568359e+00 2.229999923706054688e+01 3.423104095458984375e+01
1.073999977111816406e+01 2.300000000000000000e+01 1.885931777954101562e+01
1.937000083923339844e+01 1.250000000000000000e+01 1.659808921813964844e+01
7.599999904632568359e+00 3.010000038146972656e+01 3.423104095458984375e+01
7.789999961853027344e+00 1.860000038146972656e+01 3.049829673767089844e+01
3.009999990463256836e+00 4.600000000000000000e+01 3.329780960083007812e+01
2.970000028610229492e+00 5.000000000000000000e+01 4.096578979492187500e+01
2.645000076293945312e+01 8.699999809265136719e+00 1.389966201782226562e+01
7.010000228881835938e+00 2.500000000000000000e+01 2.674628829956054688e+01
5.980000019073486328e+00 2.210000038146972656e+01 2.290212249755859375e+01
5.519999980926513672e+00 2.279999923706054688e+01 2.608911705017089844e+01
1.300000000000000000e+01 2.110000038146972656e+01 1.617553520202636719e+01
6.780000209808349609e+00 2.410000038146972656e+01 2.156864356994628906e+01
5.190000057220458984e+00 2.370000076293945312e+01 2.924160194396972656e+01
1.059000015258789062e+01 2.060000038146972656e+01 2.081934547424316406e+01
8.050000190734863281e+00 2.900000000000000000e+01 3.298436737060546875e+01
2.770999908447265625e+01 1.319999980926513672e+01 9.730140686035156250e+00
5.909999847412109375e+00 4.879999923706054688e+01 2.408487892150878906e+01
1.571000003814697266e+01 2.170000076293945312e+01 7.676856994628906250e+00
6.360000133514404297e+00 2.310000038146972656e+01 2.853111267089843750e+01
9.449999809265136719e+00 3.620000076293945312e+01 2.587630271911621094e+01
2.396999931335449219e+01 7.000000000000000000e+00 1.864604377746582031e+01
2.470000028610229492e+00 4.170000076293945312e+01 1.208529472351074219e+01
5.210000038146972656e+00 2.870000076293945312e+01 2.804758834838867188e+01
9.430000305175781250e+00 2.050000000000000000e+01 2.691020202636718750e+01
1.026000022888183594e+01 1.820000076293945312e+01 2.081556320190429688e+01
3.700000047683715820e+00 5.000000000000000000e+01 2.660013008117675781e+01
2.831999969482421875e+01 1.779999923706054688e+01 9.015818595886230469e+00
1.497999954223632812e+01 1.910000038146972656e+01 1.476075458526611328e+01
1.621999931335449219e+01 1.430000019073486328e+01 1.337377929687500000e+01
2.397999954223632812e+01 1.180000019073486328e+01 1.929483985900878906e+01
8.260000228881835938e+00 2.039999961853027344e+01 2.115952110290527344e+01
1.593999958038330078e+01 1.979999923706054688e+01 1.601004028320312500e+01
1.464000034332275391e+01 1.679999923706054688e+01 1.715797996520996094e+01
1.111999988555908203e+01 2.300000000000000000e+01 2.317881774902343750e+01
1.502999973297119141e+01 1.839999961853027344e+01 1.547645473480224609e+01
2.327000045776367188e+01 1.339999961853027344e+01 1.250663757324218750e+01
8.930000305175781250e+00 2.839999961853027344e+01 4.015867996215820312e+01
4.559999942779541016e+00 2.979999923706054688e+01 3.489352798461914062e+01
9.550000190734863281e+00 2.120000076293945312e+01 2.467336273193359375e+01
1.144999980926513672e+01 2.060000038146972656e+01 2.133729362487792969e+01
1.659000015258789062e+01 1.839999961853027344e+01 1.640742492675781250e+01
6.900000095367431641e+00 3.010000038146972656e+01 2.821965026855468750e+01
1.344999980926513672e+01 1.970000076293945312e+01 1.794445419311523438e+01
2.993000030517578125e+01 1.650000000000000000e+01 3.590384721755981445e+00
