7.789999961853027344e+00 1.860000038146972656e+01 1.916099166870117188e+01
9.880000114440917969e+00 2.170000076293945312e+01 2.382733726501464844e+01
1.267000007629394531e+01 1.720000076293945312e+01 2.246838569641113281e+01
1.620000076293945312e+01 1.939999961853027344e+01 1.553518867492675781e+01
1.806999969482421875e+01 1.360000038146972656e+01 1.523801326751708984e+01
8.439999580383300781e+00 2.220000076293945312e+01 1.942101097106933594e+01
1.197999954223632812e+01 2.100000000000000000e+01 2.038373184204101562e+01
1.435999965667724609e+01 2.320000076293945312e+01 1.469317054748535156e+01
1.476000022888183594e+01 2.010000038146972656e+01 2.006915092468261719e+01
6.360000133514404297e+00 3.160000038146972656e+01 2.369783973693847656e+01
1.013000011444091797e+01 2.470000076293945312e+01 1.974854850769042969e+01
9.380000114440917969e+00 2.810000038146972656e+01 2.075588989257812500e+01
1.359000015258789062e+01 2.450000000000000000e+01 1.901038932800292969e+01
7.789999961853027344e+00 3.600000000000000000e+01 1.916099166870117188e+01
1.763999938964843750e+01 1.450000000000000000e+01 1.702361679077148438e+01
1.695999908447265625e+01 1.810000038146972656e+01 1.396819972991943359e+01
2.953000068664550781e+01 1.460000038146972656e+01 8.431249618530273438e+00
1.203999996185302734e+01 2.120000076293945312e+01 1.856443595886230469e+01
9.810000419616699219e+00 2.500000000000000000e+01 2.000892257690429688e+01
6.360000133514404297e+00 2.310000038146972656e+01 2.369783973693847656e+01
1.164999961853027344e+01 2.429999923706054688e+01 1.829059410095214844e+01
5.329999923706054688e+00 3.620000076293945312e+01 2.930581092834472656e+01
1.730000019073486328e+00 5.000000000000000000e+01 5.685762763023376465e-01
8.880000114440917969e+00 5.000000000000000000e+01 2.568524932861328125e+01
1.125000000000000000e+01 3.100000000000000000e+01 1.863107872009277344e+01
8.510000228881835938e+00 2.060000038146972656e+01 2.105056762695312500e+01
7.739999771118164062e+00 2.370000076293945312e+01 1.893536186218261719e+01
3.062000083923339844e+01 1.019999980926513672e+01 8.683169364929199219e+00
9.140000343322753906e+00 2.160000038146972656e+01 2.284587287902832031e+01
1.727000045776367188e+01 2.170000076293945312e+01 1.600895118713378906e+01
2.770999908447265625e+01 1.319999980926513672e+01 3.513400554656982422e+00
2.102000045776367188e+01 1.360000038146972656e+01 1.044011497497558594e+01
9.279999732971191406e+00 2.379999923706054688e+01 1.877611160278320312e+01
2.062000083923339844e+01 8.800000190734863281e+00 8.847931861877441406e+00
2.327000045776367188e+01 1.339999961853027344e+01 9.816115379333496094e+00
1.334000015258789062e+01 2.060000038146972656e+01 1.806278228759765625e+01
1.165999984741210938e+01 2.979999923706054688e+01 1.822963714599609375e+01
1.812999916076660156e+01 1.910000038146972656e+01 1.409932231903076172e+01
8.430000305175781250e+00 2.339999961853027344e+01 1.927758979797363281e+01
7.730000019073486328e+00 2.439999961853027344e+01 1.895409774780273438e+01
7.699999809265136719e+00 2.039999961853027344e+01 1.913993072509765625e+01
2.828000068664550781e+01 1.050000000000000000e+01 1.039245605468750000e+00
1.286999988555908203e+01 1.960000038146972656e+01 2.220716476440429688e+01
3.539999961853027344e+00 4.279999923706054688e+01 4.287404251098632812e+01
1.144999980926513672e+01 2.060000038146972656e+01 2.140253639221191406e+01
6.050000190734863281e+00 3.320000076293945312e+01 2.453020477294921875e+01
2.579000091552734375e+01 7.500000000000000000e+00 2.798831224441528320e+00
8.770000457763671875e+00 2.100000000000000000e+01 2.234921455383300781e+01
1.885000038146972656e+01 1.539999961853027344e+01 1.660883903503417969e+01
1.467000007629394531e+01 1.750000000000000000e+01 2.047176361083984375e+01
