1.695999908447265625e+01 1.810000038146972656e+01 1.726001167297363281e+01
3.436999893188476562e+01 1.789999961853027344e+01 9.408741258084774017e-03
1.202999973297119141e+01 1.910000038146972656e+01 1.447864055633544922e+01
7.119999885559082031e+00 2.750000000000000000e+01 2.028704643249511719e+01
7.389999866485595703e+00 2.710000038146972656e+01 4.276753997802734375e+01
1.397999954223632812e+01 2.639999961853027344e+01 1.623199272155761719e+01
4.079999923706054688e+00 3.329999923706054688e+01 2.706891441345214844e+01
3.797000122070312500e+01 1.380000019073486328e+01 4.636083872355811764e-07
7.389999866485595703e+00 2.329999923706054688e+01 4.276753997802734375e+01
9.739999771118164062e+00 1.900000000000000000e+01 2.501653861999511719e+01
6.469999790191650391e+00 3.340000152587890625e+01 2.445600700378417969e+01
3.700000047683715820e+00 5.000000000000000000e+01 3.099313545227050781e+01
1.651000022888183594e+01 1.389999961853027344e+01 6.088198184967041016e+00
9.500000000000000000e+00 2.500000000000000000e+01 2.332256507873535156e+01
6.269999980926513672e+00 2.860000038146972656e+01 2.694031143188476562e+01
2.145000076293945312e+01 1.539999961853027344e+01 9.046641349792480469e+00
8.789999961853027344e+00 2.089999961853027344e+01 1.099235343933105469e+01
2.904999923706054688e+01 7.199999809265136719e+00 3.810215234756469727e+00
9.079999923706054688e+00 2.060000038146972656e+01 1.932511520385742188e+01
1.088000011444091797e+01 2.400000000000000000e+01 9.419509887695312500e+00
6.719999790191650391e+00 2.420000076293945312e+01 1.625654220581054688e+01
1.806999969482421875e+01 1.360000038146972656e+01 1.415128326416015625e+01
1.835000038146972656e+01 1.310000038146972656e+01 1.159761810302734375e+01
4.500000000000000000e+00 3.010000038146972656e+01 3.741339111328125000e+01
5.039999961853027344e+00 3.720000076293945312e+01 9.754659652709960938e+00
7.190000057220458984e+00 2.910000038146972656e+01 2.328808212280273438e+01
2.677000045776367188e+01 5.599999904632568359e+00 5.852093696594238281e+00
1.343999958038330078e+01 1.500000000000000000e+01 1.530026626586914062e+01
7.599999904632568359e+00 3.010000038146972656e+01 3.647966766357421875e+01
1.511999988555908203e+01 1.700000000000000000e+01 1.434062671661376953e+01
3.402000045776367188e+01 8.399999618530273438e+00 2.505864575505256653e-02
2.007999992370605469e+01 1.629999923706054688e+01 1.693217039108276367e+00
4.590000152587890625e+00 4.129999923706054688e+01 4.541160202026367188e+01
4.699999809265136719e+00 2.789999961853027344e+01 2.174232482910156250e+01
2.968000030517578125e+01 8.100000381469726562e+00 9.594281196594238281e+00
1.728000068664550781e+01 1.480000019073486328e+01 1.201293659210205078e+01
1.327999973297119141e+01 1.960000038146972656e+01 2.119831657409667969e+01
2.369000053405761719e+01 1.310000038146972656e+01 8.780569076538085938e+00
1.476000022888183594e+01 2.010000038146972656e+01 1.786691665649414062e+01
6.619999885559082031e+00 3.459999847412109375e+01 1.841115951538085938e+01
8.159999847412109375e+00 2.289999961853027344e+01 1.898349380493164062e+01
7.829999923706054688e+00 1.939999961853027344e+01 2.564191055297851562e+01
5.519999980926513672e+00 2.279999923706054688e+01 8.270178794860839844e+00
9.289999961853027344e+00 1.870000076293945312e+01 1.839296722412109375e+01
1.517000007629394531e+01 1.380000019073486328e+01 1.249868869781494141e+01
4.690000057220458984e+00 3.050000000000000000e+01 2.235823822021484375e+01
9.810000419616699219e+00 2.500000000000000000e+01 2.069614028930664062e+01
1.267000007629394531e+01 1.720000076293945312e+01 1.627503204345703125e+01
2.323999977111816406e+01 1.389999961853027344e+01 4.194813728332519531e+00
7.880000114440917969e+00 1.189999961853027344e+01 2.480743408203125000e+01
