1.511999988555908203e+01 1.700000000000000000e+01 1.684894943237304688e+01
4.539999961853027344e+00 2.279999923706054688e+01 3.321677780151367188e+01
1.832999992370605469e+01 1.779999923706054688e+01 1.065342903137207031e+01
3.539999961853027344e+00 4.279999923706054688e+01 3.741815567016601562e+01
2.904999923706054688e+01 7.199999809265136719e+00 1.106254935264587402e+00
7.389999866485595703e+00 2.329999923706054688e+01 2.702928733825683594e+01
6.269999980926513672e+00 2.860000038146972656e+01 2.469619941711425781e+01
1.327999973297119141e+01 1.960000038146972656e+01 1.897481346130371094e+01
2.297999954223632812e+01 5.000000000000000000e+00 4.883942604064941406e+00
2.726000022888183594e+01 1.569999980926513672e+01 3.552274465560913086e+00
4.739999771118164062e+00 2.900000000000000000e+01 3.920666503906250000e+01
8.770000457763671875e+00 2.100000000000000000e+01 2.067286491394042969e+01
1.712000083923339844e+01 1.310000038146972656e+01 1.154196739196777344e+01
9.140000343322753906e+00 2.160000038146972656e+01 1.852568244934082031e+01
4.079999923706054688e+00 3.329999923706054688e+01 3.197697639465332031e+01
1.042000007629394531e+01 2.179999923706054688e+01 2.205383872985839844e+01
2.540999984741210938e+01 1.729999923706054688e+01 2.803593158721923828e+00
4.559999942779541016e+00 2.979999923706054688e+01 3.495779418945312500e+01
1.435999965667724609e+01 2.320000076293945312e+01 1.731152534484863281e+01
1.576000022888183594e+01 1.829999923706054688e+01 1.929594230651855469e+01
8.100000381469726562e+00 2.200000000000000000e+01 1.891077613830566406e+01
9.279999732971191406e+00 2.379999923706054688e+01 2.201842498779296875e+01
6.719999790191650391e+00 2.420000076293945312e+01 2.708078384399414062e+01
2.677000045776367188e+01 5.599999904632568359e+00 7.007623195648193359e+00
2.145000076293945312e+01 1.539999961853027344e+01 9.241292953491210938e+00
1.303999996185302734e+01 1.450000000000000000e+01 2.123973274230957031e+01
1.603000068664550781e+01 2.239999961853027344e+01 1.474332523345947266e+01
2.287999916076660156e+01 1.280000019073486328e+01 5.867820262908935547e+00
4.590000152587890625e+00 3.540000152587890625e+01 4.128289413452148438e+01
1.646999931335449219e+01 1.950000000000000000e+01 1.271291351318359375e+01
1.536999988555908203e+01 2.039999961853027344e+01 1.460408020019531250e+01
9.079999923706054688e+00 2.060000038146972656e+01 1.857773208618164062e+01
1.806999969482421875e+01 1.360000038146972656e+01 1.407650279998779297e+01
7.219999790191650391e+00 2.389999961853027344e+01 2.367729377746582031e+01
1.239999961853027344e+01 2.010000038146972656e+01 2.207425880432128906e+01
2.996999931335449219e+01 6.300000190734863281e+00 1.451062774658203125e+01
6.579999923706054688e+00 3.520000076293945312e+01 3.065340805053710938e+01
1.468999958038330078e+01 2.310000038146972656e+01 1.405593490600585938e+01
2.309000015258789062e+01 2.000000000000000000e+01 4.424926280975341797e+00
9.710000038146972656e+00 2.670000076293945312e+01 2.094292449951171875e+01
4.670000076293945312e+00 2.350000000000000000e+01 4.528454589843750000e+01
1.502000045776367188e+01 1.560000038146972656e+01 1.848896980285644531e+01
1.334000015258789062e+01 2.060000038146972656e+01 1.985087585449218750e+01
1.673999977111816406e+01 1.779999923706054688e+01 1.359357357025146484e+01
1.465999984741210938e+01 2.439999961853027344e+01 1.378409671783447266e+01
1.969000053405761719e+01 1.410000038146972656e+01 8.716958045959472656e+00
2.410000038146972656e+01 1.330000019073486328e+01 1.367492675781250000e+01
1.088000011444091797e+01 2.400000000000000000e+01 1.932137680053710938e+01
1.110000038146972656e+01 2.379999923706054688e+01 2.219604110717773438e+01
9.930000305175781250e+00 2.750000000000000000e+01 2.013042831420898438e+01
