9.970000267028808594e+00 1.929999923706054688e+01 2.029919624328613281e+01
4.739999771118164062e+00 2.900000000000000000e+01 2.910901069641113281e+01
3.697999954223632812e+01 7.000000000000000000e+00 8.032156074477825314e-06
3.062999916076660156e+01 8.800000190734863281e+00 9.950040817260742188e+00
4.559999942779541016e+00 3.490000152587890625e+01 2.982251739501953125e+01
6.360000133514404297e+00 2.370000076293945312e+01 2.310642051696777344e+01
1.398999977111816406e+01 1.950000000000000000e+01 2.506730270385742188e+01
5.909999847412109375e+00 4.879999923706054688e+01 2.458291625976562500e+01
2.579000091552734375e+01 7.500000000000000000e+00 4.045412063598632812e+00
1.400000000000000000e+01 2.189999961853027344e+01 2.390964317321777344e+01
6.289999961853027344e+00 2.460000038146972656e+01 2.621872329711914062e+01
5.030000209808349609e+00 3.110000038146972656e+01 2.055900573730468750e+01
1.510000038146972656e+01 1.750000000000000000e+01 1.653583908081054688e+01
1.709000015258789062e+01 1.870000076293945312e+01 1.810756111145019531e+01
7.440000057220458984e+00 2.470000076293945312e+01 4.994856643676757812e+01
3.700000047683715820e+00 5.000000000000000000e+01 2.769767951965332031e+01
2.455999946594238281e+01 1.230000019073486328e+01 1.239057064056396484e+00
7.389999866485595703e+00 2.710000038146972656e+01 2.333935165405273438e+01
2.297999954223632812e+01 5.000000000000000000e+00 9.041018486022949219e+00
7.340000152587890625e+00 2.260000038146972656e+01 2.637908744812011719e+01
3.809999942779541016e+00 4.850000000000000000e+01 3.452439880371093750e+01
1.763999938964843750e+01 1.450000000000000000e+01 1.855928230285644531e+01
1.197000026702880859e+01 2.000000000000000000e+01 1.972823715209960938e+01
1.018999958038330078e+01 2.079999923706054688e+01 2.051532554626464844e+01
1.322000026702880859e+01 2.139999961853027344e+01 1.958024787902832031e+01
1.629999923706054688e+01 1.560000038146972656e+01 1.842099189758300781e+01
1.147999954223632812e+01 2.270000076293945312e+01 1.815856933593750000e+01
1.642000007629394531e+01 1.639999961853027344e+01 1.206831645965576172e+01
4.980000019073486328e+00 2.400000000000000000e+01 1.995687484741210938e+01
1.414999961853027344e+01 2.000000000000000000e+01 1.853419113159179688e+01
1.327999973297119141e+01 1.960000038146972656e+01 1.994918823242187500e+01
2.869999885559082031e+00 3.640000152587890625e+01 1.896219444274902344e+01
2.369000053405761719e+01 1.310000038146972656e+01 5.952280998229980469e+00
2.980000019073486328e+00 3.200000000000000000e+01 4.857342529296875000e+01
1.613999938964843750e+01 1.310000038146972656e+01 1.667728042602539062e+01
1.267000007629394531e+01 1.720000076293945312e+01 2.259486579895019531e+01
2.540999984741210938e+01 1.729999923706054688e+01 1.285325169563293457e+00
3.529999971389770508e+00 2.960000038146972656e+01 3.238629531860351562e+01
4.699999809265136719e+00 2.789999961853027344e+01 2.976765632629394531e+01
1.569999980926513672e+01 1.419999980926513672e+01 1.588890075683593750e+01
1.418999958038330078e+01 1.989999961853027344e+01 1.725854873657226562e+01
1.057999992370605469e+01 2.120000076293945312e+01 1.665971183776855469e+01
6.579999923706054688e+00 3.520000076293945312e+01 2.308056831359863281e+01
1.465999984741210938e+01 2.439999961853027344e+01 1.754178810119628906e+01
5.900000095367431641e+00 2.439999961853027344e+01 2.549294281005859375e+01
2.438999938964843750e+01 8.300000190734863281e+00 2.331655979156494141e+00
9.689999580383300781e+00 2.870000076293945312e+01 2.136489677429199219e+01
9.590000152587890625e+00 3.379999923706054688e+01 2.323630523681640625e+01
3.402000045776367188e+01 8.399999618530273438e+00 1.041842937469482422e+00
4.730000019073486328e+00 3.150000000000000000e+01 2.904012107849121094e+01
