1.267000007629394531e+01 2.260000038146972656e+01 1.750354957580566406e+01
1.088000011444091797e+01 2.400000000000000000e+01 1.775941848754882812e+01
8.510000228881835938e+00 2.060000038146972656e+01 1.430892276763916016e+01
2.030999946594238281e+01 1.210000038146972656e+01 4.000494956970214844e+00
2.455999946594238281e+01 1.230000019073486328e+01 2.510396957397460938e+00
1.322000026702880859e+01 2.139999961853027344e+01 1.929557037353515625e+01
9.970000267028808594e+00 2.029999923706054688e+01 1.474441814422607422e+01
6.530000209808349609e+00 2.660000038146972656e+01 1.796019935607910156e+01
1.452000045776367188e+01 1.089999961853027344e+01 1.577412033081054688e+01
3.697999954223632812e+01 7.000000000000000000e+00 4.599362015724182129e-01
2.970000028610229492e+00 5.000000000000000000e+01 3.577574157714843750e+01
5.210000038146972656e+00 2.870000076293945312e+01 3.641315460205078125e+01
1.165999984741210938e+01 2.979999923706054688e+01 2.345383834838867188e+01
1.603000068664550781e+01 2.239999961853027344e+01 1.058148956298828125e+01
2.645000076293945312e+01 8.699999809265136719e+00 2.461181640625000000e+00
6.719999790191650391e+00 2.420000076293945312e+01 1.969830894470214844e+01
1.042000007629394531e+01 2.179999923706054688e+01 2.206287384033203125e+01
8.100000381469726562e+00 3.650000000000000000e+01 1.949779891967773438e+01
8.670000076293945312e+00 2.639999961853027344e+01 1.703528022766113281e+01
1.272999954223632812e+01 2.100000000000000000e+01 1.942152786254882812e+01
6.780000209808349609e+00 2.410000038146972656e+01 2.206704521179199219e+01
4.840000152587890625e+00 2.660000038146972656e+01 2.915829086303710938e+01
3.809999942779541016e+00 4.850000000000000000e+01 2.501470947265625000e+01
5.099999904632568359e+00 3.700000000000000000e+01 4.713055038452148438e+01
4.809999942779541016e+00 3.540000152587890625e+01 2.875060844421386719e+01
8.439999580383300781e+00 2.220000076293945312e+01 1.448207473754882812e+01
9.539999961853027344e+00 2.510000038146972656e+01 2.240020942687988281e+01
1.646999931335449219e+01 1.950000000000000000e+01 1.353347206115722656e+01
9.970000267028808594e+00 1.929999923706054688e+01 1.474441814422607422e+01
1.026000022888183594e+01 1.820000076293945312e+01 2.012782096862792969e+01
8.050000190734863281e+00 2.900000000000000000e+01 1.915210914611816406e+01
7.190000057220458984e+00 2.910000038146972656e+01 2.359087562561035156e+01
1.885000038146972656e+01 1.539999961853027344e+01 1.016327571868896484e+01
1.343999958038330078e+01 1.929999923706054688e+01 1.502978897094726562e+01
7.139999866485595703e+00 2.320000076293945312e+01 2.343008613586425781e+01
5.980000019073486328e+00 2.289999961853027344e+01 2.361215972900390625e+01
3.920000076293945312e+00 4.670000076293945312e+01 2.958603668212890625e+01
6.150000095367431641e+00 2.300000000000000000e+01 2.514195823669433594e+01
3.319999933242797852e+00 5.000000000000000000e+01 3.154153060913085938e+01
1.978000068664550781e+01 2.750000000000000000e+01 8.832781791687011719e+00
4.210000038146972656e+00 3.870000076293945312e+01 2.950946617126464844e+01
1.014999961853027344e+01 2.050000000000000000e+01 1.892581176757812500e+01
1.763999938964843750e+01 1.450000000000000000e+01 1.863761520385742188e+01
5.980000019073486328e+00 2.210000038146972656e+01 2.361215972900390625e+01
7.739999771118164062e+00 2.370000076293945312e+01 1.974055671691894531e+01
1.467000007629394531e+01 1.750000000000000000e+01 2.030813598632812500e+01
9.079999923706054688e+00 2.060000038146972656e+01 2.055125045776367188e+01
1.629999923706054688e+01 1.560000038146972656e+01 1.228237628936767578e+01
1.744000053405761719e+01 1.339999961853027344e+01 1.490811729431152344e+01
1.360999965667724609e+01 1.929999923706054688e+01 1.887540817260742188e+01
