1.937000083923339844e+01 1.250000000000000000e+01 1.120056343078613281e+01
1.832999992370605469e+01 1.779999923706054688e+01 1.362223625183105469e+01
5.889999866485595703e+00 2.660000038146972656e+01 2.432988929748535156e+01
1.763999938964843750e+01 1.450000000000000000e+01 1.716210174560546875e+01
2.334000015258789062e+01 1.189999961853027344e+01 9.987502098083496094e+00
9.529999732971191406e+00 5.000000000000000000e+01 2.328063583374023438e+01
1.481000041961669922e+01 2.139999961853027344e+01 1.664084625244140625e+01
3.529999971389770508e+00 2.960000038146972656e+01 4.017915344238281250e+01
8.100000381469726562e+00 3.650000000000000000e+01 2.197732925415039062e+01
6.360000133514404297e+00 3.160000038146972656e+01 2.339531517028808594e+01
7.880000114440917969e+00 1.189999961853027344e+01 2.534021568298339844e+01
4.670000076293945312e+00 2.350000000000000000e+01 3.611209106445312500e+01
7.219999790191650391e+00 2.389999961853027344e+01 2.953077316284179688e+01
4.559999942779541016e+00 3.490000152587890625e+01 2.984816360473632812e+01
1.314999961853027344e+01 2.960000038146972656e+01 1.870825195312500000e+01
8.810000419616699219e+00 2.260000038146972656e+01 2.615227508544921875e+01
2.642000007629394531e+01 1.560000038146972656e+01 6.981308460235595703e+00
1.793000030517578125e+01 2.050000000000000000e+01 2.032616233825683594e+01
2.085000038146972656e+01 1.150000000000000000e+01 5.172573566436767578e+00
1.382999992370605469e+01 1.960000038146972656e+01 1.292079257965087891e+01
2.273999977111816406e+01 8.399999618530273438e+00 5.733162879943847656e+00
1.131999969482421875e+01 2.229999923706054688e+01 1.991157341003417969e+01
9.539999961853027344e+00 2.510000038146972656e+01 2.221203422546386719e+01
1.914999961853027344e+01 2.710000038146972656e+01 7.594426631927490234e+00
8.050000190734863281e+00 2.900000000000000000e+01 1.822001838684082031e+01
1.030000019073486328e+01 1.920000076293945312e+01 2.027061080932617188e+01
2.045000076293945312e+01 1.500000000000000000e+01 7.545964717864990234e+00
9.710000038146972656e+00 2.670000076293945312e+01 2.433338546752929688e+01
3.589999914169311523e+00 2.479999923706054688e+01 4.208918762207031250e+01
6.530000209808349609e+00 2.660000038146972656e+01 2.367740058898925781e+01
9.619999885559082031e+00 2.389999961853027344e+01 2.659684181213378906e+01
9.100000381469726562e+00 2.029999923706054688e+01 1.994739723205566406e+01
1.694000053405761719e+01 1.350000000000000000e+01 1.746494865417480469e+01
8.609999656677246094e+00 3.029999923706054688e+01 2.008096122741699219e+01
1.267000007629394531e+01 1.720000076293945312e+01 2.254601478576660156e+01
2.490999984741210938e+01 1.200000000000000000e+01 1.318380355834960938e+00
1.343999958038330078e+01 1.500000000000000000e+01 1.929915809631347656e+01
3.529999971389770508e+00 3.240000152587890625e+01 4.017915344238281250e+01
8.050000190734863281e+00 3.300000000000000000e+01 1.822001838684082031e+01
2.297999954223632812e+01 5.000000000000000000e+00 9.371337890625000000e+00
1.987999916076660156e+01 1.450000000000000000e+01 1.217325592041015625e+01
2.954999923706054688e+01 2.370000076293945312e+01 1.290898513793945312e+01
2.007999992370605469e+01 1.629999923706054688e+01 4.481553554534912109e+00
2.639999961853027344e+01 1.720000076293945312e+01 6.029956817626953125e+00
1.427000045776367188e+01 2.029999923706054688e+01 1.594911384582519531e+01
1.056000041961669922e+01 1.850000000000000000e+01 1.939755249023437500e+01
3.080999946594238281e+01 1.439999961853027344e+01 7.186835765838623047e+00
1.730000019073486328e+00 5.000000000000000000e+01 1.211008167266845703e+01
1.467000007629394531e+01 1.750000000000000000e+01 2.373336410522460938e+01
1.555000019073486328e+01 1.939999961853027344e+01 8.158371925354003906e+00
