7.789999961853027344e+00 1.860000038146972656e+01 1.911828041076660156e+01
9.880000114440917969e+00 2.170000076293945312e+01 2.388684463500976562e+01
1.267000007629394531e+01 1.720000076293945312e+01 2.258637809753417969e+01
1.620000076293945312e+01 1.939999961853027344e+01 1.553308677673339844e+01
1.806999969482421875e+01 1.360000038146972656e+01 1.524884319305419922e+01
8.439999580383300781e+00 2.220000076293945312e+01 1.944157791137695312e+01
1.197999954223632812e+01 2.100000000000000000e+01 2.040950012207031250e+01
1.435999965667724609e+01 2.320000076293945312e+01 1.469403076171875000e+01
1.476000022888183594e+01 2.010000038146972656e+01 2.009845352172851562e+01
6.360000133514404297e+00 3.160000038146972656e+01 2.370161437988281250e+01
1.013000011444091797e+01 2.470000076293945312e+01 1.975577926635742188e+01
9.380000114440917969e+00 2.810000038146972656e+01 2.078190422058105469e+01
1.359000015258789062e+01 2.450000000000000000e+01 1.904576110839843750e+01
7.789999961853027344e+00 3.600000000000000000e+01 1.911828041076660156e+01
1.763999938964843750e+01 1.450000000000000000e+01 1.701856613159179688e+01
1.695999908447265625e+01 1.810000038146972656e+01 1.397250938415527344e+01
2.953000068664550781e+01 1.460000038146972656e+01 8.452809333801269531e+00
1.203999996185302734e+01 2.120000076293945312e+01 1.852329826354980469e+01
9.810000419616699219e+00 2.500000000000000000e+01 1.997547721862792969e+01
6.360000133514404297e+00 2.310000038146972656e+01 2.370161437988281250e+01
1.164999961853027344e+01 2.429999923706054688e+01 1.831243705749511719e+01
5.329999923706054688e+00 3.620000076293945312e+01 2.940003585815429688e+01
1.730000019073486328e+00 5.000000000000000000e+01 5.682316422462463379e-01
8.880000114440917969e+00 5.000000000000000000e+01 2.573783874511718750e+01
1.125000000000000000e+01 3.100000000000000000e+01 1.863129234313964844e+01
8.510000228881835938e+00 2.060000038146972656e+01 2.108020019531250000e+01
7.739999771118164062e+00 2.370000076293945312e+01 1.887224388122558594e+01
3.062000083923339844e+01 1.019999980926513672e+01 8.708344459533691406e+00
9.140000343322753906e+00 2.160000038146972656e+01 2.288393402099609375e+01
1.727000045776367188e+01 2.170000076293945312e+01 1.607159805297851562e+01
2.770999908447265625e+01 1.319999980926513672e+01 3.523720979690551758e+00
2.102000045776367188e+01 1.360000038146972656e+01 1.044680690765380859e+01
9.279999732971191406e+00 2.379999923706054688e+01 1.876552963256835938e+01
2.062000083923339844e+01 8.800000190734863281e+00 8.929631233215332031e+00
2.327000045776367188e+01 1.339999961853027344e+01 9.837243080139160156e+00
1.334000015258789062e+01 2.060000038146972656e+01 1.807182502746582031e+01
1.165999984741210938e+01 2.979999923706054688e+01 1.825004959106445312e+01
1.812999916076660156e+01 1.910000038146972656e+01 1.410163021087646484e+01
8.430000305175781250e+00 2.339999961853027344e+01 1.929673767089843750e+01
7.730000019073486328e+00 2.439999961853027344e+01 1.888704109191894531e+01
7.699999809265136719e+00 2.039999961853027344e+01 1.906050872802734375e+01
2.828000068664550781e+01 1.050000000000000000e+01 1.041373729705810547e+00
1.286999988555908203e+01 1.960000038146972656e+01 2.223758316040039062e+01
3.539999961853027344e+00 4.279999923706054688e+01 4.292905807495117188e+01
1.144999980926513672e+01 2.060000038146972656e+01 2.143818092346191406e+01
6.050000190734863281e+00 3.320000076293945312e+01 2.455064392089843750e+01
2.579000091552734375e+01 7.500000000000000000e+00 2.809756755828857422e+00
8.770000457763671875e+00 2.100000000000000000e+01 2.239146232604980469e+01
1.885000038146972656e+01 1.539999961853027344e+01 1.656501960754394531e+01
1.467000007629394531e+01 1.750000000000000000e+01 2.050778007507324219e+01
