1.651000022888183594e+01 1.389999961853027344e+01 1.768513870239257812e+01
4.320000171661376953e+00 3.079999923706054688e+01 2.772678375244140625e+01
7.849999904632568359e+00 3.220000076293945312e+01 1.619561004638671875e+01
7.789999961853027344e+00 3.600000000000000000e+01 2.180162811279296875e+01
1.125000000000000000e+01 3.100000000000000000e+01 1.975661468505859375e+01
1.140999984741210938e+01 2.000000000000000000e+01 2.077574539184570312e+01
1.413000011444091797e+01 1.989999961853027344e+01 2.028689193725585938e+01
2.960000038146972656e+00 5.000000000000000000e+01 4.398407363891601562e+01
2.034000015258789062e+01 1.350000000000000000e+01 7.982656955718994141e+00
3.080999946594238281e+01 7.199999809265136719e+00 1.436625766754150391e+01
3.950000047683715820e+00 3.160000038146972656e+01 4.822184371948242188e+01
1.057999992370605469e+01 2.120000076293945312e+01 1.978599929809570312e+01
1.344999980926513672e+01 1.970000076293945312e+01 1.774637222290039062e+01
6.920000076293945312e+00 2.989999961853027344e+01 3.386271667480468750e+01
1.410000038146972656e+01 1.829999923706054688e+01 2.147977828979492188e+01
2.309000015258789062e+01 2.000000000000000000e+01 7.192092418670654297e+00
1.073999977111816406e+01 2.300000000000000000e+01 1.484029865264892578e+01
5.519999980926513672e+00 2.279999923706054688e+01 2.344147109985351562e+01
1.511999988555908203e+01 1.700000000000000000e+01 1.575471019744873047e+01
2.297999954223632812e+01 5.000000000000000000e+00 7.894344329833984375e+00
2.085000038146972656e+01 1.150000000000000000e+01 5.549970149993896484e+00
1.409000015258789062e+01 2.039999961853027344e+01 2.106420516967773438e+01
1.197000026702880859e+01 2.000000000000000000e+01 1.995058441162109375e+01
2.770999908447265625e+01 1.319999980926513672e+01 7.865726470947265625e+00
3.920000076293945312e+00 4.670000076293945312e+01 4.466378021240234375e+01
1.398999977111816406e+01 1.950000000000000000e+01 2.406970214843750000e+01
1.804999923706054688e+01 9.600000381469726562e+00 1.725742721557617188e+01
9.619999885559082031e+00 2.389999961853027344e+01 2.664587783813476562e+01
5.889999866485595703e+00 2.660000038146972656e+01 2.455029487609863281e+01
4.980000019073486328e+00 2.400000000000000000e+01 2.364163208007812500e+01
1.410000038146972656e+01 2.079999923706054688e+01 2.147977828979492188e+01
7.670000076293945312e+00 2.650000000000000000e+01 2.103149604797363281e+01
1.870999908447265625e+01 1.489999961853027344e+01 1.548292255401611328e+01
3.198999977111816406e+01 7.400000095367431641e+00 3.589534666389226913e-03
1.719000053405761719e+01 1.620000076293945312e+01 1.083259677886962891e+01
1.327999973297119141e+01 1.960000038146972656e+01 2.049847793579101562e+01
7.539999961853027344e+00 2.339999961853027344e+01 3.183977317810058594e+01
9.529999732971191406e+00 5.000000000000000000e+01 2.469817924499511719e+01
1.578999996185302734e+01 1.939999961853027344e+01 1.835720062255859375e+01
1.727000045776367188e+01 2.170000076293945312e+01 1.604964447021484375e+01
4.559999942779541016e+00 2.979999923706054688e+01 3.474747848510742188e+01
2.490999984741210938e+01 1.200000000000000000e+01 1.556059956550598145e+00
2.869999885559082031e+00 3.640000152587890625e+01 4.648818206787109375e+01
1.978000068664550781e+01 2.750000000000000000e+01 8.614269256591796875e+00
1.452000045776367188e+01 1.089999961853027344e+01 1.453209400177001953e+01
1.028999996185302734e+01 2.020000076293945312e+01 1.962171936035156250e+01
3.589999914169311523e+00 2.479999923706054688e+01 4.228411102294921875e+01
2.470000028610229492e+00 4.170000076293945312e+01 3.900039434432983398e+00
6.679999828338623047e+00 3.200000000000000000e+01 2.595869255065917969e+01
3.436999893188476562e+01 1.789999961853027344e+01 1.110079669952392578e+01
