3.797000122070312500e+01 1.380000019073486328e+01 3.298514572591670913e-09
9.279999732971191406e+00 2.379999923706054688e+01 1.855950736999511719e+01
2.642000007629394531e+01 1.560000038146972656e+01 1.108334958553314209e-01
1.467000007629394531e+01 1.750000000000000000e+01 1.886754035949707031e+01
1.027000045776367188e+01 2.079999923706054688e+01 1.982002639770507812e+01
1.202999973297119141e+01 1.910000038146972656e+01 2.077545166015625000e+01
1.127999973297119141e+01 1.820000076293945312e+01 2.805349159240722656e+01
2.960000038146972656e+00 5.000000000000000000e+01 3.522589874267578125e+01
1.211999988555908203e+01 1.530000019073486328e+01 2.695373344421386719e+01
8.880000114440917969e+00 5.000000000000000000e+01 2.521912384033203125e+01
1.871999931335449219e+01 1.519999980926513672e+01 1.317105197906494141e+01
2.007999992370605469e+01 1.629999923706054688e+01 6.387067317962646484e+00
8.609999656677246094e+00 3.029999923706054688e+01 2.329209899902343750e+01
1.044999980926513672e+01 1.850000000000000000e+01 2.276443862915039062e+01
1.042000007629394531e+01 2.179999923706054688e+01 2.174799728393554688e+01
1.793000030517578125e+01 2.050000000000000000e+01 2.039112472534179688e+01
1.937000083923339844e+01 1.250000000000000000e+01 1.333929252624511719e+01
8.100000381469726562e+00 3.650000000000000000e+01 2.206784248352050781e+01
1.202999973297119141e+01 1.610000038146972656e+01 2.077545166015625000e+01
1.131999969482421875e+01 2.229999923706054688e+01 2.487254714965820312e+01
4.630000114440917969e+00 5.000000000000000000e+01 2.862828636169433594e+01
2.030999946594238281e+01 1.210000038146972656e+01 7.054224491119384766e+00
3.529999971389770508e+00 2.960000038146972656e+01 4.254083251953125000e+01
1.026000022888183594e+01 1.820000076293945312e+01 1.967522048950195312e+01
1.286999988555908203e+01 1.960000038146972656e+01 1.958463096618652344e+01
9.640000343322753906e+00 2.260000038146972656e+01 2.040854454040527344e+01
7.880000114440917969e+00 1.189999961853027344e+01 2.196393966674804688e+01
1.014999961853027344e+01 2.050000000000000000e+01 2.337339210510253906e+01
2.397999954223632812e+01 1.180000019073486328e+01 1.870061302185058594e+01
1.502999973297119141e+01 1.839999961853027344e+01 1.519089412689208984e+01
4.980000019073486328e+00 2.400000000000000000e+01 3.417729949951171875e+01
3.950000047683715820e+00 3.160000038146972656e+01 3.687119293212890625e+01
2.904999923706054688e+01 7.199999809265136719e+00 5.083412170410156250e+00
3.160000085830688477e+00 4.350000000000000000e+01 4.341138839721679688e+01
2.953000068664550781e+01 1.460000038146972656e+01 7.963494300842285156e+00
7.539999961853027344e+00 2.339999961853027344e+01 2.897674369812011719e+01
1.730999946594238281e+01 1.560000038146972656e+01 1.462264537811279297e+01
2.663999938964843750e+01 1.039999961853027344e+01 2.180973887443542480e-01
2.045000076293945312e+01 1.500000000000000000e+01 6.032444953918457031e+00
2.260000038146972656e+01 1.269999980926513672e+01 1.766656398773193359e+00
1.502000045776367188e+01 1.670000076293945312e+01 1.557358074188232422e+01
1.835000038146972656e+01 1.310000038146972656e+01 1.461152648925781250e+01
2.579000091552734375e+01 7.500000000000000000e+00 1.563264280557632446e-01
1.719000053405761719e+01 1.620000076293945312e+01 1.762493896484375000e+01
3.080999946594238281e+01 7.199999809265136719e+00 1.435141658782958984e+01
1.879999923706054688e+01 1.660000038146972656e+01 1.415798282623291016e+01
6.719999790191650391e+00 2.420000076293945312e+01 2.469648551940917969e+01
1.398999977111816406e+01 1.950000000000000000e+01 2.152142333984375000e+01
4.559999942779541016e+00 3.490000152587890625e+01 2.993835830688476562e+01
1.436999988555908203e+01 2.200000000000000000e+01 2.223856353759765625e+01
