7.730000019073486328e+00 2.439999961853027344e+01 2.730967140197753906e+01
2.415999984741210938e+01 1.400000000000000000e+01 7.981666088104248047e+00
1.727000045776367188e+01 1.610000038146972656e+01 1.119019508361816406e+01
1.695999908447265625e+01 1.810000038146972656e+01 9.501699447631835938e+00
2.030999946594238281e+01 1.210000038146972656e+01 1.283202075958251953e+01
1.410000038146972656e+01 1.829999923706054688e+01 1.500743579864501953e+01
9.380000114440917969e+00 2.810000038146972656e+01 2.014912414550781250e+01
1.351000022888183594e+01 2.329999923706054688e+01 1.795827674865722656e+01
5.699999809265136719e+00 2.870000076293945312e+01 2.261172485351562500e+01
4.079999923706054688e+00 3.329999923706054688e+01 3.055525779724121094e+01
2.121999931335449219e+01 1.720000076293945312e+01 1.165952968597412109e+01
8.470000267028808594e+00 1.989999961853027344e+01 2.521324729919433594e+01
7.219999790191650391e+00 2.389999961853027344e+01 2.229195213317871094e+01
1.876000022888183594e+01 2.320000076293945312e+01 1.413574409484863281e+01
9.510000228881835938e+00 2.479999923706054688e+01 2.146894454956054688e+01
7.199999809265136719e+00 2.379999923706054688e+01 2.234148406982421875e+01
1.834000015258789062e+01 1.430000019073486328e+01 1.308185100555419922e+01
1.644000053405761719e+01 1.260000038146972656e+01 4.623723983764648438e+00
9.970000267028808594e+00 1.929999923706054688e+01 2.580594444274902344e+01
4.610000133514404297e+00 3.120000076293945312e+01 3.433992385864257812e+01
1.260000038146972656e+01 1.920000076293945312e+01 1.779375457763671875e+01
1.476000022888183594e+01 2.010000038146972656e+01 1.846998405456542969e+01
1.879999923706054688e+01 1.660000038146972656e+01 1.363955020904541016e+01
6.050000190734863281e+00 3.320000076293945312e+01 2.257233810424804688e+01
1.497999954223632812e+01 1.910000038146972656e+01 1.442584228515625000e+01
2.329000091552734375e+01 1.339999961853027344e+01 2.034313678741455078e+00
5.889999866485595703e+00 2.660000038146972656e+01 2.190301704406738281e+01
9.590000152587890625e+00 3.379999923706054688e+01 2.310140419006347656e+01
6.719999790191650391e+00 2.420000076293945312e+01 2.211744499206542969e+01
8.260000228881835938e+00 2.039999961853027344e+01 2.206324958801269531e+01
5.679999828338623047e+00 3.250000000000000000e+01 2.291022491455078125e+01
1.343999958038330078e+01 1.500000000000000000e+01 1.969577217102050781e+01
3.440999984741210938e+01 1.439999961853027344e+01 1.640550613403320312e+01
6.570000171661376953e+00 2.189999961853027344e+01 2.211896133422851562e+01
1.937000083923339844e+01 1.250000000000000000e+01 1.868044090270996094e+01
9.970000267028808594e+00 2.029999923706054688e+01 2.580594444274902344e+01
2.397999954223632812e+01 1.929999923706054688e+01 7.653803825378417969e+00
1.214000034332275391e+01 2.379999923706054688e+01 1.579969406127929688e+01
2.779999923706054688e+01 1.380000019073486328e+01 1.259654879570007324e+00
1.464000034332275391e+01 1.679999923706054688e+01 1.810324287414550781e+01
1.327000045776367188e+01 1.889999961853027344e+01 2.169972038269042969e+01
5.500000000000000000e+00 2.360000038146972656e+01 2.768161392211914062e+01
1.728000068664550781e+01 1.480000019073486328e+01 1.133991527557373047e+01
1.578999996185302734e+01 1.939999961853027344e+01 8.052090644836425781e+00
3.920000076293945312e+00 4.670000076293945312e+01 3.574560165405273438e+01
9.079999923706054688e+00 2.060000038146972656e+01 2.320211791992187500e+01
1.711000061035156250e+01 1.510000038146972656e+01 1.282754611968994141e+01
1.150000000000000000e+01 1.620000076293945312e+01 1.794271087646484375e+01
2.334000015258789062e+01 1.189999961853027344e+01 2.189233064651489258e+00
5.079999923706054688e+00 2.460000038146972656e+01 2.517264175415039062e+01
