1.164999961853027344e+01 2.429999923706054688e+01 1.470089054107666016e+01
5.489999771118164062e+00 3.270000076293945312e+01 2.381044960021972656e+01
6.579999923706054688e+00 3.520000076293945312e+01 2.309968185424804688e+01
1.226000022888183594e+01 1.960000038146972656e+01 1.941481590270996094e+01
1.812999916076660156e+01 1.910000038146972656e+01 1.409943103790283203e+01
7.880000114440917969e+00 1.189999961853027344e+01 2.123521232604980469e+01
7.530000209808349609e+00 2.820000076293945312e+01 2.041378784179687500e+01
1.027000045776367188e+01 2.079999923706054688e+01 1.833459281921386719e+01
6.780000209808349609e+00 2.410000038146972656e+01 2.054419898986816406e+01
2.007999992370605469e+01 1.629999923706054688e+01 2.391114473342895508e+00
3.080999946594238281e+01 1.439999961853027344e+01 5.779899597167968750e+00
3.797000122070312500e+01 1.380000019073486328e+01 1.861914938672271091e-06
2.297999954223632812e+01 5.000000000000000000e+00 1.523639392852783203e+01
7.559999942779541016e+00 3.979999923706054688e+01 2.013858222961425781e+01
1.028999996185302734e+01 2.020000076293945312e+01 1.863424873352050781e+01
9.449999809265136719e+00 3.620000076293945312e+01 2.556629562377929688e+01
1.727000045776367188e+01 2.170000076293945312e+01 6.751344203948974609e+00
1.481000041961669922e+01 2.139999961853027344e+01 1.868474960327148438e+01
2.273999977111816406e+01 8.399999618530273438e+00 8.639748573303222656e+00
1.760000038146972656e+01 2.310000038146972656e+01 1.319690608978271484e+01
1.464000034332275391e+01 1.679999923706054688e+01 1.553382110595703125e+01
8.810000419616699219e+00 2.260000038146972656e+01 2.723079109191894531e+01
1.322000026702880859e+01 2.139999961853027344e+01 2.065708541870117188e+01
1.030000019073486328e+01 1.920000076293945312e+01 1.880171775817871094e+01
1.023999977111816406e+01 1.939999961853027344e+01 1.888203620910644531e+01
9.930000305175781250e+00 2.750000000000000000e+01 2.079451751708984375e+01
7.179999828338623047e+00 2.389999961853027344e+01 3.364667129516601562e+01
2.968000030517578125e+01 8.100000381469726562e+00 2.195656299591064453e+00
9.510000228881835938e+00 2.479999923706054688e+01 2.298132896423339844e+01
5.030000209808349609e+00 3.110000038146972656e+01 2.879001426696777344e+01
2.579000091552734375e+01 7.500000000000000000e+00 9.133861064910888672e-01
6.679999828338623047e+00 3.200000000000000000e+01 2.398303222656250000e+01
1.835000038146972656e+01 1.310000038146972656e+01 1.393972682952880859e+01
1.779000091552734375e+01 1.489999961853027344e+01 1.300027084350585938e+01
2.211000061035156250e+01 1.050000000000000000e+01 4.174041271209716797e+00
1.710000038146972656e+01 1.889999961853027344e+01 5.529363155364990234e+00
1.168999958038330078e+01 2.020000076293945312e+01 1.401746082305908203e+01
1.197999954223632812e+01 2.100000000000000000e+01 1.316617202758789062e+01
3.730000019073486328e+00 5.000000000000000000e+01 3.018702125549316406e+01
5.679999828338623047e+00 3.250000000000000000e+01 2.386506462097167969e+01
1.714999961853027344e+01 1.900000000000000000e+01 5.773626327514648438e+00
1.131999969482421875e+01 2.229999923706054688e+01 2.028002738952636719e+01
2.379000091552734375e+01 1.080000019073486328e+01 6.442676544189453125e+00
8.430000305175781250e+00 2.339999961853027344e+01 1.712362861633300781e+01
1.314999961853027344e+01 1.870000076293945312e+01 1.975598526000976562e+01
9.810000419616699219e+00 2.500000000000000000e+01 2.360331535339355469e+01
1.303999996185302734e+01 1.450000000000000000e+01 1.960214805603027344e+01
1.937000083923339844e+01 1.250000000000000000e+01 1.406987190246582031e+00
6.860000133514404297e+00 2.329999923706054688e+01 2.072091102600097656e+01
1.272999954223632812e+01 2.100000000000000000e+01 1.830498695373535156e+01
