8.430000305175781250e+00 2.339999961853027344e+01 2.143667793273925781e+01
2.007999992370605469e+01 1.629999923706054688e+01 5.764725208282470703e+00
2.107999992370605469e+01 1.089999961853027344e+01 9.973748207092285156e+00
1.694000053405761719e+01 1.350000000000000000e+01 5.846822738647460938e+00
2.309000015258789062e+01 2.000000000000000000e+01 3.050517559051513672e+00
1.727000045776367188e+01 1.610000038146972656e+01 2.147021675109863281e+01
2.645000076293945312e+01 8.699999809265136719e+00 1.328605461120605469e+01
1.327000045776367188e+01 1.889999961853027344e+01 1.908904838562011719e+01
2.145000076293945312e+01 1.539999961853027344e+01 7.904812335968017578e+00
1.260000038146972656e+01 1.920000076293945312e+01 1.547252750396728516e+01
2.123999977111816406e+01 1.330000019073486328e+01 5.647169589996337891e+00
1.478999996185302734e+01 3.070000076293945312e+01 1.785318565368652344e+01
2.968000030517578125e+01 8.100000381469726562e+00 1.172823524475097656e+01
1.293000030517578125e+01 2.010000038146972656e+01 1.765460777282714844e+01
1.027000045776367188e+01 2.079999923706054688e+01 1.840927505493164062e+01
6.869999885559082031e+00 2.310000038146972656e+01 2.813479804992675781e+01
1.757999992370605469e+01 1.879999923706054688e+01 1.626852607727050781e+01
1.013000011444091797e+01 2.470000076293945312e+01 1.581322860717773438e+01
4.320000171661376953e+00 3.079999923706054688e+01 2.908833312988281250e+01
4.610000133514404297e+00 3.120000076293945312e+01 3.348489379882812500e+01
1.140999984741210938e+01 2.000000000000000000e+01 1.994683837890625000e+01
6.750000000000000000e+00 2.070000076293945312e+01 2.218558692932128906e+01
1.497999954223632812e+01 1.910000038146972656e+01 1.499984073638916016e+01
2.211000061035156250e+01 1.050000000000000000e+01 3.898693025112152100e-01
8.050000190734863281e+00 2.900000000000000000e+01 2.561761093139648438e+01
1.868000030517578125e+01 1.670000076293945312e+01 1.699945449829101562e+01
1.901000022888183594e+01 1.269999980926513672e+01 7.856474876403808594e+00
1.213000011444091797e+01 2.789999961853027344e+01 2.284501266479492188e+01
1.978000068664550781e+01 2.750000000000000000e+01 1.043990516662597656e+01
1.712000083923339844e+01 1.310000038146972656e+01 9.659777641296386719e+00
5.329999923706054688e+00 2.939999961853027344e+01 3.610515213012695312e+01
1.351000022888183594e+01 2.329999923706054688e+01 1.067566394805908203e+01
1.832999992370605469e+01 1.779999923706054688e+01 1.385826396942138672e+01
4.840000152587890625e+00 2.660000038146972656e+01 1.942402458190917969e+01
1.629999923706054688e+01 1.560000038146972656e+01 1.850813293457031250e+01
2.045000076293945312e+01 1.500000000000000000e+01 7.462364673614501953e+00
2.145999908447265625e+01 2.170000076293945312e+01 8.252079010009765625e+00
1.138000011444091797e+01 2.200000000000000000e+01 2.015880203247070312e+01
1.711000061035156250e+01 1.510000038146972656e+01 9.229726791381835938e+00
2.260000038146972656e+01 1.269999980926513672e+01 5.705984234809875488e-01
3.759999990463256836e+00 3.150000000000000000e+01 4.535225296020507812e+01
2.410000038146972656e+01 1.330000019073486328e+01 8.635301589965820312e+00
2.397999954223632812e+01 1.180000019073486328e+01 1.923938941955566406e+01
2.030999946594238281e+01 1.210000038146972656e+01 1.153965759277343750e+01
1.201000022888183594e+01 2.179999923706054688e+01 1.634836769104003906e+01
5.809999942779541016e+00 2.529999923706054688e+01 2.243332481384277344e+01
1.364999961853027344e+01 2.070000076293945312e+01 6.984763145446777344e+00
1.467000007629394531e+01 1.750000000000000000e+01 1.756593513488769531e+01
1.436999988555908203e+01 2.200000000000000000e+01 8.925817489624023438e+00
9.500000000000000000e+00 2.200000000000000000e+01 2.498386001586914062e+01
