1.039999961853027344e+01 2.170000076293945312e+01 1.340372657775878906e+01
1.930999946594238281e+01 1.300000000000000000e+01 9.976298332214355469e+00
1.469999980926513672e+01 2.000000000000000000e+01 1.693217658996582031e+01
1.168999958038330078e+01 2.020000076293945312e+01 2.437005424499511719e+01
2.993000030517578125e+01 1.650000000000000000e+01 2.795105457305908203e+00
1.978000068664550781e+01 2.750000000000000000e+01 5.925210475921630859e+00
1.327999973297119141e+01 1.960000038146972656e+01 2.167635917663574219e+01
6.150000095367431641e+00 2.300000000000000000e+01 2.317375183105468750e+01
2.779999923706054688e+01 1.380000019073486328e+01 1.340832352638244629e+00
7.880000114440917969e+00 1.189999961853027344e+01 2.278344535827636719e+01
1.870999908447265625e+01 1.489999961853027344e+01 1.476040363311767578e+01
1.805999946594238281e+01 1.519999980926513672e+01 1.205606460571289062e+01
1.969000053405761719e+01 1.410000038146972656e+01 5.544797420501708984e+00
1.792000007629394531e+01 2.150000000000000000e+01 1.142037105560302734e+01
1.260000038146972656e+01 1.920000076293945312e+01 1.778566932678222656e+01
3.319999933242797852e+00 5.000000000000000000e+01 2.709900665283203125e+01
8.510000228881835938e+00 2.060000038146972656e+01 1.812878036499023438e+01
1.327000045776367188e+01 2.170000076293945312e+01 2.152417755126953125e+01
2.639999961853027344e+01 1.720000076293945312e+01 1.421455955505371094e+01
4.849999904632568359e+00 3.509999847412109375e+01 2.599876594543457031e+01
2.831999969482421875e+01 1.779999923706054688e+01 4.106979072093963623e-01
1.629999923706054688e+01 1.560000038146972656e+01 1.861134719848632812e+01
1.300000000000000000e+01 2.110000038146972656e+01 2.169739341735839844e+01
1.147999954223632812e+01 2.270000076293945312e+01 1.785227775573730469e+01
1.359000015258789062e+01 2.450000000000000000e+01 1.883254814147949219e+01
6.210000038146972656e+00 2.500000000000000000e+01 2.073629570007324219e+01
1.264000034332275391e+01 1.610000038146972656e+01 1.811425590515136719e+01
2.869999885559082031e+00 3.640000152587890625e+01 2.743753623962402344e+01
6.530000209808349609e+00 2.660000038146972656e+01 2.499202346801757812e+01
8.100000381469726562e+00 3.650000000000000000e+01 2.024830627441406250e+01
1.497999954223632812e+01 1.910000038146972656e+01 1.075848674774169922e+01
2.369000053405761719e+01 1.310000038146972656e+01 5.951130390167236328e+00
2.131999969482421875e+01 1.910000038146972656e+01 1.338750362396240234e+01
7.849999904632568359e+00 3.220000076293945312e+01 2.489627265930175781e+01
2.980000019073486328e+00 3.200000000000000000e+01 4.814503479003906250e+01
9.500000000000000000e+00 2.200000000000000000e+01 2.499708557128906250e+01
1.414999961853027344e+01 2.000000000000000000e+01 1.896528816223144531e+01
1.410000038146972656e+01 2.150000000000000000e+01 2.079702377319335938e+01
9.970000267028808594e+00 2.029999923706054688e+01 1.201200580596923828e+01
2.726000022888183594e+01 1.569999980926513672e+01 5.358456134796142578e+00
1.502000045776367188e+01 1.560000038146972656e+01 1.033889484405517578e+01
4.500000000000000000e+00 3.010000038146972656e+01 3.417133712768554688e+01
1.292000007629394531e+01 2.120000076293945312e+01 2.114642906188964844e+01
3.700000047683715820e+00 5.000000000000000000e+01 4.458100509643554688e+01
9.619999885559082031e+00 2.389999961853027344e+01 2.116130065917968750e+01
3.109999895095825195e+00 4.400000000000000000e+01 4.231217956542968750e+01
1.763999938964843750e+01 1.450000000000000000e+01 1.628024482727050781e+01
1.418999958038330078e+01 1.989999961853027344e+01 1.754166412353515625e+01
2.568000030517578125e+01 9.699999809265136719e+00 5.967866182327270508e-01
7.510000228881835938e+00 2.289999961853027344e+01 3.251859664916992188e+01
