1.015999984741210938e+01 2.279999923706054688e+01 2.037834548950195312e+01
2.642000007629394531e+01 1.560000038146972656e+01 1.358003139495849609e+01
1.138000011444091797e+01 2.200000000000000000e+01 1.932481384277343750e+01
2.579000091552734375e+01 7.500000000000000000e+00 4.084224700927734375e+00
4.380000114440917969e+00 2.910000038146972656e+01 3.127803039550781250e+01
1.865999984741210938e+01 1.950000000000000000e+01 1.507091140747070312e+01
1.214000034332275391e+01 2.379999923706054688e+01 2.634403419494628906e+01
1.469999980926513672e+01 2.000000000000000000e+01 2.225074195861816406e+01
8.930000305175781250e+00 2.839999961853027344e+01 2.565171241760253906e+01
2.034000015258789062e+01 1.350000000000000000e+01 7.729838848114013672e+00
2.007999992370605469e+01 1.629999923706054688e+01 4.018787384033203125e+00
7.730000019073486328e+00 2.439999961853027344e+01 2.265134429931640625e+01
5.519999980926513672e+00 2.279999923706054688e+01 2.321237754821777344e+01
1.465999984741210938e+01 2.439999961853027344e+01 1.754270362854003906e+01
1.335000038146972656e+01 2.010000038146972656e+01 1.971409034729003906e+01
1.140999984741210938e+01 2.000000000000000000e+01 1.911346435546875000e+01
5.389999866485595703e+00 3.490000152587890625e+01 2.417134094238281250e+01
1.760000038146972656e+01 1.779999923706054688e+01 2.309700012207031250e+01
5.679999828338623047e+00 2.220000076293945312e+01 3.248253250122070312e+01
2.178000068664550781e+01 1.019999980926513672e+01 2.053199291229248047e+00
3.539999961853027344e+00 4.279999923706054688e+01 3.275280380249023438e+01
5.329999923706054688e+00 3.620000076293945312e+01 2.938381004333496094e+01
2.737999916076660156e+01 8.500000000000000000e+00 6.704567432403564453e+00
3.319999933242797852e+00 5.000000000000000000e+01 3.088088226318359375e+01
1.364999961853027344e+01 2.070000076293945312e+01 1.583370971679687500e+01
2.131999969482421875e+01 1.910000038146972656e+01 1.330040454864501953e+01
2.970000028610229492e+00 5.000000000000000000e+01 4.088898849487304688e+01
8.260000228881835938e+00 2.039999961853027344e+01 1.918314361572265625e+01
9.500000000000000000e+00 2.500000000000000000e+01 2.199796867370605469e+01
8.579999923706054688e+00 2.389999961853027344e+01 2.570127487182617188e+01
6.920000076293945312e+00 2.989999961853027344e+01 3.386422729492187500e+01
1.629000091552734375e+01 1.989999961853027344e+01 1.520954704284667969e+01
1.727000045776367188e+01 1.610000038146972656e+01 2.171712493896484375e+01
6.360000133514404297e+00 2.310000038146972656e+01 2.763329696655273438e+01
2.145000076293945312e+01 1.539999961853027344e+01 2.033942413330078125e+01
1.172000026702880859e+01 1.939999961853027344e+01 1.880777931213378906e+01
1.023999977111816406e+01 1.939999961853027344e+01 1.827980995178222656e+01
6.289999961853027344e+00 2.460000038146972656e+01 2.715313148498535156e+01
1.879999923706054688e+01 1.660000038146972656e+01 1.851563644409179688e+01
1.232999992370605469e+01 2.010000038146972656e+01 2.060015678405761719e+01
8.649999618530273438e+00 1.650000000000000000e+01 2.697548866271972656e+01
9.100000381469726562e+00 2.029999923706054688e+01 1.989291763305664062e+01
1.511999988555908203e+01 1.700000000000000000e+01 1.564930152893066406e+01
1.694000053405761719e+01 1.350000000000000000e+01 1.741177749633789062e+01
1.459000015258789062e+01 1.710000038146972656e+01 1.287913417816162109e+01
1.719000053405761719e+01 1.620000076293945312e+01 1.073308372497558594e+01
3.759999990463256836e+00 3.150000000000000000e+01 4.543781280517578125e+01
1.730000019073486328e+00 5.000000000000000000e+01 1.074225234985351562e+01
4.809999942779541016e+00 3.540000152587890625e+01 3.597616577148437500e+01
7.849999904632568359e+00 3.220000076293945312e+01 1.609777069091796875e+01
