4.210000038146972656e+00 3.870000076293945312e+01 2.603816032409667969e+01
1.760000038146972656e+01 2.310000038146972656e+01 1.370253944396972656e+01
1.131999969482421875e+01 2.229999923706054688e+01 2.022127151489257812e+01
5.039999961853027344e+00 3.720000076293945312e+01 2.972841262817382812e+01
1.728000068664550781e+01 1.480000019073486328e+01 1.097386646270751953e+01
3.436999893188476562e+01 1.789999961853027344e+01 1.201272360049188137e-03
4.820000171661376953e+00 3.790000152587890625e+01 2.686149406433105469e+01
1.978000068664550781e+01 2.750000000000000000e+01 1.087715911865234375e+01
4.610000133514404297e+00 3.120000076293945312e+01 3.082085418701171875e+01
9.880000114440917969e+00 2.170000076293945312e+01 2.180175209045410156e+01
1.314999961853027344e+01 1.870000076293945312e+01 2.959200096130371094e+01
9.079999923706054688e+00 2.060000038146972656e+01 1.630330467224121094e+01
1.464999961853027344e+01 1.770000076293945312e+01 1.727277946472167969e+01
7.849999904632568359e+00 3.220000076293945312e+01 1.395988368988037109e+01
2.107999992370605469e+01 1.089999961853027344e+01 1.625238227844238281e+01
7.599999904632568359e+00 2.229999923706054688e+01 3.106661224365234375e+01
1.845999908447265625e+01 1.850000000000000000e+01 1.035149192810058594e+01
5.679999828338623047e+00 3.250000000000000000e+01 2.291514778137207031e+01
7.539999961853027344e+00 2.339999961853027344e+01 3.660490417480468750e+01
1.303999996185302734e+01 1.450000000000000000e+01 2.265464973449707031e+01
5.289999961853027344e+00 2.800000000000000000e+01 3.174439620971679688e+01
2.031999969482421875e+01 7.199999809265136719e+00 1.254555416107177734e+01
6.619999885559082031e+00 3.459999847412109375e+01 2.327076339721679688e+01
1.664999961853027344e+01 1.560000038146972656e+01 1.161311054229736328e+01
8.159999847412109375e+00 2.289999961853027344e+01 2.559862136840820312e+01
1.088000011444091797e+01 2.400000000000000000e+01 1.602365493774414062e+01
1.432999992370605469e+01 1.679999923706054688e+01 2.201428604125976562e+01
1.930999946594238281e+01 1.300000000000000000e+01 1.057654857635498047e+01
1.502000045776367188e+01 1.560000038146972656e+01 1.452964496612548828e+01
6.360000133514404297e+00 2.310000038146972656e+01 2.485593032836914062e+01
3.160000085830688477e+00 5.000000000000000000e+01 3.446875381469726562e+01
1.410000038146972656e+01 2.150000000000000000e+01 1.847497749328613281e+01
1.427000045776367188e+01 2.029999923706054688e+01 2.044646453857421875e+01
2.639999961853027344e+01 1.720000076293945312e+01 1.454405212402343750e+01
4.699999809265136719e+00 2.789999961853027344e+01 3.012783622741699219e+01
3.697999954223632812e+01 7.000000000000000000e+00 1.089313172997208312e-07
5.329999923706054688e+00 2.939999961853027344e+01 3.247475814819335938e+01
1.039999961853027344e+01 2.170000076293945312e+01 2.024842643737792969e+01
6.719999790191650391e+00 2.479999923706054688e+01 2.086469078063964844e+01
1.465999984741210938e+01 2.439999961853027344e+01 1.776798439025878906e+01
3.539999961853027344e+00 4.279999923706054688e+01 2.870896911621093750e+01
1.871999931335449219e+01 1.519999980926513672e+01 1.443318080902099609e+01
1.901000022888183594e+01 1.269999980926513672e+01 7.629018306732177734e+00
5.489999771118164062e+00 3.270000076293945312e+01 2.751722526550292969e+01
9.619999885559082031e+00 2.389999961853027344e+01 2.923158073425292969e+01
6.579999923706054688e+00 2.310000038146972656e+01 2.508812904357910156e+01
3.009999990463256836e+00 4.600000000000000000e+01 3.110723495483398438e+01
4.730000019073486328e+00 3.150000000000000000e+01 2.922660255432128906e+01
7.559999942779541016e+00 3.979999923706054688e+01 3.457560348510742188e+01
1.980000019073486328e+00 3.490000152587890625e+01 2.534001541137695312e+01
