1.335000038146972656e+01 2.010000038146972656e+01 2.132838630676269531e+01
2.681999969482421875e+01 1.339999961853027344e+01 3.104297161102294922e+00
2.438999938964843750e+01 8.300000190734863281e+00 5.457604408264160156e+00
1.481000041961669922e+01 1.660000038146972656e+01 2.139710807800292969e+01
1.478999996185302734e+01 3.070000076293945312e+01 2.051518058776855469e+01
2.178000068664550781e+01 1.019999980926513672e+01 2.297381162643432617e+00
1.125000000000000000e+01 3.100000000000000000e+01 1.967413711547851562e+01
2.145999908447265625e+01 2.170000076293945312e+01 9.911274909973144531e+00
6.619999885559082031e+00 3.459999847412109375e+01 2.609022521972656250e+01
8.770000457763671875e+00 2.100000000000000000e+01 2.055654716491699219e+01
7.429999828338623047e+00 2.410000038146972656e+01 3.452869033813476562e+01
1.144999980926513672e+01 2.060000038146972656e+01 1.682367324829101562e+01
1.992000007629394531e+01 8.500000000000000000e+00 1.251597499847412109e+01
1.469999980926513672e+01 2.000000000000000000e+01 2.229360389709472656e+01
8.199999809265136719e+00 2.200000000000000000e+01 2.044426345825195312e+01
4.809999942779541016e+00 3.540000152587890625e+01 3.609019088745117188e+01
8.430000305175781250e+00 2.339999961853027344e+01 1.454005050659179688e+01
6.780000209808349609e+00 2.410000038146972656e+01 1.996838378906250000e+01
3.539999961853027344e+00 4.279999923706054688e+01 3.298627471923828125e+01
8.010000228881835938e+00 2.110000038146972656e+01 2.254019355773925781e+01
1.937000083923339844e+01 1.250000000000000000e+01 1.106883239746093750e+01
1.868000030517578125e+01 1.670000076293945312e+01 1.292394733428955078e+01
6.190000057220458984e+00 3.320000076293945312e+01 2.377360534667968750e+01
1.021000003814697266e+01 1.929999923706054688e+01 1.988538551330566406e+01
6.360000133514404297e+00 2.370000076293945312e+01 2.735451126098632812e+01
1.832999992370605469e+01 1.779999923706054688e+01 1.361095809936523438e+01
4.449999809265136719e+00 5.000000000000000000e+01 3.290650558471679688e+01
3.160000085830688477e+00 4.350000000000000000e+01 4.996727752685546875e+01
8.439999580383300781e+00 2.220000076293945312e+01 1.496262359619140625e+01
1.757999992370605469e+01 1.879999923706054688e+01 1.827320480346679688e+01
6.530000209808349609e+00 2.660000038146972656e+01 2.359465217590332031e+01
1.435999965667724609e+01 2.320000076293945312e+01 2.052054405212402344e+01
1.480000019073486328e+01 1.889999961853027344e+01 2.089577865600585938e+01
1.467000007629394531e+01 1.750000000000000000e+01 2.382058906555175781e+01
1.464999961853027344e+01 1.770000076293945312e+01 2.054204559326171875e+01
2.260000038146972656e+01 1.269999980926513672e+01 3.076684236526489258e+00
9.880000114440917969e+00 2.170000076293945312e+01 2.395178031921386719e+01
1.227000045776367188e+01 1.979999923706054688e+01 1.716008949279785156e+01
1.812999916076660156e+01 1.410000038146972656e+01 1.410275840759277344e+01
1.398999977111816406e+01 1.950000000000000000e+01 2.407840728759765625e+01
1.659000015258789062e+01 1.839999961853027344e+01 1.299986553192138672e+01
5.030000209808349609e+00 3.110000038146972656e+01 3.448606491088867188e+01
7.880000114440917969e+00 1.189999961853027344e+01 2.536699485778808594e+01
1.026000022888183594e+01 1.820000076293945312e+01 2.021208000183105469e+01
3.759999990463256836e+00 3.150000000000000000e+01 4.537908554077148438e+01
1.334000015258789062e+01 2.060000038146972656e+01 2.214802169799804688e+01
1.727000045776367188e+01 2.170000076293945312e+01 1.394057655334472656e+01
2.869999885559082031e+00 3.640000152587890625e+01 2.077364349365234375e+01
2.062000083923339844e+01 8.800000190734863281e+00 5.772663116455078125e+00
6.579999923706054688e+00 3.520000076293945312e+01 2.311866378784179688e+01
