1.360999965667724609e+01 1.929999923706054688e+01 1.011990833282470703e+01
1.351000022888183594e+01 2.329999923706054688e+01 1.340420150756835938e+01
1.286999988555908203e+01 1.960000038146972656e+01 1.166868209838867188e+01
1.992000007629394531e+01 8.500000000000000000e+00 1.229981231689453125e+01
8.260000228881835938e+00 2.039999961853027344e+01 1.504047870635986328e+01
1.568999958038330078e+01 1.019999980926513672e+01 2.044449806213378906e+01
2.438999938964843750e+01 8.300000190734863281e+00 3.857970714569091797e+00
6.360000133514404297e+00 2.370000076293945312e+01 2.117504692077636719e+01
9.510000228881835938e+00 2.479999923706054688e+01 3.317120742797851562e+01
3.529999971389770508e+00 3.240000152587890625e+01 3.452601242065429688e+01
9.500000000000000000e+00 2.200000000000000000e+01 2.530739784240722656e+01
2.455999946594238281e+01 1.230000019073486328e+01 1.920589447021484375e+00
2.152000045776367188e+01 1.100000000000000000e+01 4.768420219421386719e+00
1.646999931335449219e+01 1.950000000000000000e+01 1.472896480560302734e+01
1.845999908447265625e+01 1.850000000000000000e+01 1.231499290466308594e+01
1.871999931335449219e+01 1.519999980926513672e+01 2.006584548950195312e+01
2.960000038146972656e+00 5.000000000000000000e+01 3.353089523315429688e+01
1.227000045776367188e+01 1.979999923706054688e+01 1.950948143005371094e+01
3.809999942779541016e+00 4.850000000000000000e+01 4.359005355834960938e+01
1.202999973297119141e+01 1.910000038146972656e+01 1.627992248535156250e+01
6.900000095367431641e+00 3.010000038146972656e+01 1.820030212402343750e+01
1.977000045776367188e+01 8.300000190734863281e+00 1.208128929138183594e+01
1.382999992370605469e+01 1.960000038146972656e+01 9.210831642150878906e+00
1.250000000000000000e+01 1.760000038146972656e+01 2.051794242858886719e+01
6.530000209808349609e+00 2.660000038146972656e+01 2.281056404113769531e+01
5.570000171661376953e+00 2.060000038146972656e+01 1.588198661804199219e+01
6.150000095367431641e+00 2.300000000000000000e+01 2.323662567138671875e+01
6.050000190734863281e+00 3.320000076293945312e+01 2.248900985717773438e+01
5.039999961853027344e+00 3.720000076293945312e+01 3.039727020263671875e+01
8.579999923706054688e+00 2.389999961853027344e+01 1.124304485321044922e+01
9.710000038146972656e+00 2.670000076293945312e+01 2.025325584411621094e+01
1.310999965667724609e+01 2.139999961853027344e+01 1.045513343811035156e+01
1.165999984741210938e+01 2.979999923706054688e+01 2.151084136962890625e+01
1.122000026702880859e+01 2.220000076293945312e+01 1.702721786499023438e+01
7.179999828338623047e+00 2.389999961853027344e+01 2.205628776550292969e+01
1.327000045776367188e+01 1.889999961853027344e+01 1.595538520812988281e+01
5.900000095367431641e+00 2.439999961853027344e+01 1.715579605102539062e+01
1.659000015258789062e+01 1.839999961853027344e+01 1.423850822448730469e+01
2.663999938964843750e+01 1.039999961853027344e+01 3.912827730178833008e+00
1.620000076293945312e+01 1.939999961853027344e+01 1.816472816467285156e+01
1.712000083923339844e+01 1.310000038146972656e+01 1.867272949218750000e+01
5.289999961853027344e+00 2.189999961853027344e+01 3.257836914062500000e+01
1.763999938964843750e+01 1.450000000000000000e+01 1.982236480712890625e+01
1.088000011444091797e+01 2.400000000000000000e+01 2.183775711059570312e+01
5.190000057220458984e+00 2.370000076293945312e+01 2.781437683105468750e+01
2.540999984741210938e+01 1.729999923706054688e+01 3.078158378601074219e+00
7.670000076293945312e+00 2.650000000000000000e+01 2.405828475952148438e+01
2.970000028610229492e+00 5.000000000000000000e+01 3.371812820434570312e+01
1.413000011444091797e+01 1.989999961853027344e+01 1.861011695861816406e+01
1.232999992370605469e+01 2.010000038146972656e+01 1.965722465515136719e+01
