1.111999988555908203e+01 2.300000000000000000e+01 2.326870346069335938e+01
1.197999954223632812e+01 2.100000000000000000e+01 2.029040718078613281e+01
1.039999961853027344e+01 2.170000076293945312e+01 2.181473731994628906e+01
5.769999980926513672e+00 2.470000076293945312e+01 2.485271644592285156e+01
5.329999923706054688e+00 3.620000076293945312e+01 2.905821418762207031e+01
3.950000047683715820e+00 3.160000038146972656e+01 4.118055725097656250e+01
8.470000267028808594e+00 1.989999961853027344e+01 2.095501708984375000e+01
1.427000045776367188e+01 2.029999923706054688e+01 1.476033210754394531e+01
3.950000047683715820e+00 4.829999923706054688e+01 4.118055725097656250e+01
7.190000057220458984e+00 2.910000038146972656e+01 2.377289581298828125e+01
5.679999828338623047e+00 3.250000000000000000e+01 2.658450889587402344e+01
1.478999996185302734e+01 3.070000076293945312e+01 1.650284194946289062e+01
1.806999969482421875e+01 1.360000038146972656e+01 2.130632019042968750e+01
7.880000114440917969e+00 1.189999961853027344e+01 2.773147201538085938e+01
2.369000053405761719e+01 1.310000038146972656e+01 9.075087547302246094e+00
4.730000019073486328e+00 3.150000000000000000e+01 2.825418853759765625e+01
9.500000000000000000e+00 2.200000000000000000e+01 3.659975051879882812e+01
1.028999996185302734e+01 2.020000076293945312e+01 1.964315414428710938e+01
1.303999996185302734e+01 1.450000000000000000e+01 1.875797843933105469e+01
1.280000019073486328e+01 1.839999961853027344e+01 1.831190109252929688e+01
1.310999965667724609e+01 2.139999961853027344e+01 2.104658317565917969e+01
2.397999954223632812e+01 1.180000019073486328e+01 1.931043815612792969e+01
3.730000019073486328e+00 5.000000000000000000e+01 4.323733139038085938e+01
4.159999847412109375e+00 3.309999847412109375e+01 3.346070098876953125e+01
2.123999977111816406e+01 1.330000019073486328e+01 1.585506439208984375e+01
1.073999977111816406e+01 2.300000000000000000e+01 1.460282707214355469e+01
1.651000022888183594e+01 1.389999961853027344e+01 1.349642086029052734e+01
9.800000190734863281e+00 1.950000000000000000e+01 1.817486953735351562e+01
5.980000019073486328e+00 2.210000038146972656e+01 2.367704200744628906e+01
9.380000114440917969e+00 2.810000038146972656e+01 2.409278678894042969e+01
3.797000122070312500e+01 1.380000019073486328e+01 8.130338974297046661e-03
8.609999656677246094e+00 3.029999923706054688e+01 2.120841407775878906e+01
7.389999866485595703e+00 2.329999923706054688e+01 2.708229064941406250e+01
3.440999984741210938e+01 1.439999961853027344e+01 1.354683494567871094e+01
2.007999992370605469e+01 1.629999923706054688e+01 4.960102081298828125e+00
9.880000114440917969e+00 2.170000076293945312e+01 2.187325286865234375e+01
1.202999973297119141e+01 1.610000038146972656e+01 2.129782867431640625e+01
1.603000068664550781e+01 2.239999961853027344e+01 1.357705307006835938e+01
5.909999847412109375e+00 4.879999923706054688e+01 2.084189605712890625e+01
1.865999984741210938e+01 1.950000000000000000e+01 1.264605426788330078e+01
7.789999961853027344e+00 3.600000000000000000e+01 2.180219841003417969e+01
1.481000041961669922e+01 2.139999961853027344e+01 1.658740425109863281e+01
5.489999771118164062e+00 3.270000076293945312e+01 2.413490295410156250e+01
6.869999885559082031e+00 2.310000038146972656e+01 2.482746315002441406e+01
1.243000030517578125e+01 1.710000038146972656e+01 2.285486793518066406e+01
1.711000061035156250e+01 1.510000038146972656e+01 1.749338531494140625e+01
1.952000045776367188e+01 1.710000038146972656e+01 7.986214160919189453e+00
1.150000000000000000e+01 1.620000076293945312e+01 2.134131240844726562e+01
2.677000045776367188e+01 5.599999904632568359e+00 1.093856143951416016e+01
6.570000171661376953e+00 2.189999961853027344e+01 2.460085296630859375e+01
