9.810000419616699219e+00 2.500000000000000000e+01 1.791301536560058594e+01
1.138000011444091797e+01 2.200000000000000000e+01 1.994139671325683594e+01
1.410000038146972656e+01 2.150000000000000000e+01 1.954280853271484375e+01
6.570000171661376953e+00 2.189999961853027344e+01 2.840425872802734375e+01
9.680000305175781250e+00 1.889999961853027344e+01 2.548374176025390625e+01
5.889999866485595703e+00 2.660000038146972656e+01 2.439529037475585938e+01
1.414999961853027344e+01 2.000000000000000000e+01 1.946776008605957031e+01
1.197999954223632812e+01 2.100000000000000000e+01 2.027984046936035156e+01
1.476000022888183594e+01 2.010000038146972656e+01 2.691777420043945312e+01
1.303999996185302734e+01 1.450000000000000000e+01 1.860757446289062500e+01
1.027000045776367188e+01 2.079999923706054688e+01 1.876186561584472656e+01
3.697999954223632812e+01 7.000000000000000000e+00 1.907915248011704534e-05
1.757999992370605469e+01 1.879999923706054688e+01 1.835888099670410156e+01
2.681999969482421875e+01 1.339999961853027344e+01 4.188597202301025391e+00
1.168999958038330078e+01 2.020000076293945312e+01 2.400236129760742188e+01
3.797000122070312500e+01 1.380000019073486328e+01 2.094411001962726004e-06
7.599999904632568359e+00 2.229999923706054688e+01 3.253323364257812500e+01
1.720999908447265625e+01 1.039999961853027344e+01 1.699698638916015625e+01
1.792000007629394531e+01 2.150000000000000000e+01 1.940510177612304688e+01
3.920000076293945312e+00 4.670000076293945312e+01 3.825057220458984375e+01
4.690000057220458984e+00 3.050000000000000000e+01 2.623729324340820312e+01
6.619999885559082031e+00 3.459999847412109375e+01 2.615544891357421875e+01
1.977000045776367188e+01 8.300000190734863281e+00 2.550289916992187500e+01
2.639999961853027344e+01 1.720000076293945312e+01 1.348703670501708984e+01
9.800000190734863281e+00 1.950000000000000000e+01 1.777318000793457031e+01
1.044999980926513672e+01 2.279999923706054688e+01 1.850182533264160156e+01
1.620999908447265625e+01 1.879999923706054688e+01 1.679881095886230469e+01
9.039999961853027344e+00 2.360000038146972656e+01 1.785205650329589844e+01
6.050000190734863281e+00 3.320000076293945312e+01 2.396826171875000000e+01
9.100000381469726562e+00 2.029999923706054688e+01 1.993987655639648438e+01
3.402000045776367188e+01 8.399999618530273438e+00 8.101313114166259766e-01
3.436999893188476562e+01 1.789999961853027344e+01 1.070374488830566406e+01
1.227000045776367188e+01 1.979999923706054688e+01 1.935871696472167969e+01
7.190000057220458984e+00 2.910000038146972656e+01 2.376393127441406250e+01
5.210000038146972656e+00 2.870000076293945312e+01 2.578143119812011719e+01
2.470000028610229492e+00 4.170000076293945312e+01 2.855114936828613281e+00
9.289999961853027344e+00 1.870000076293945312e+01 2.363861274719238281e+01
1.730999946594238281e+01 1.560000038146972656e+01 1.318222713470458984e+01
1.727000045776367188e+01 1.610000038146972656e+01 2.168616104125976562e+01
1.502000045776367188e+01 1.560000038146972656e+01 1.833807754516601562e+01
9.510000228881835938e+00 2.479999923706054688e+01 2.406431961059570312e+01
8.199999809265136719e+00 2.200000000000000000e+01 2.167119216918945312e+01
4.610000133514404297e+00 3.120000076293945312e+01 4.357083892822265625e+01
9.590000152587890625e+00 3.379999923706054688e+01 2.201404380798339844e+01
1.334000015258789062e+01 2.060000038146972656e+01 2.154441642761230469e+01
1.812999916076660156e+01 1.410000038146972656e+01 1.658257484436035156e+01
3.759999990463256836e+00 3.150000000000000000e+01 4.538305282592773438e+01
1.131999969482421875e+01 2.229999923706054688e+01 1.990668678283691406e+01
1.517000007629394531e+01 1.380000019073486328e+01 1.392096710205078125e+01
1.150000000000000000e+01 1.620000076293945312e+01 2.116272163391113281e+01
