1.805999946594238281e+01 1.519999980926513672e+01 1.563142681121826172e+01
8.199999809265136719e+00 2.200000000000000000e+01 2.210053443908691406e+01
4.980000019073486328e+00 2.400000000000000000e+01 3.155830574035644531e+01
7.789999961853027344e+00 2.500000000000000000e+01 2.272158432006835938e+01
6.619999885559082031e+00 3.459999847412109375e+01 2.541678810119628906e+01
1.327000045776367188e+01 1.889999961853027344e+01 2.169706726074218750e+01
2.869999885559082031e+00 3.640000152587890625e+01 4.649294281005859375e+01
1.150000000000000000e+01 1.620000076293945312e+01 2.159099578857421875e+01
1.845999908447265625e+01 1.779999923706054688e+01 1.519986724853515625e+01
1.144999980926513672e+01 2.060000038146972656e+01 2.128209495544433594e+01
9.810000419616699219e+00 2.500000000000000000e+01 2.085451889038085938e+01
7.539999961853027344e+00 2.339999961853027344e+01 2.319143295288085938e+01
3.700000047683715820e+00 5.000000000000000000e+01 3.718239593505859375e+01
9.529999732971191406e+00 5.000000000000000000e+01 2.220175170898437500e+01
1.443999958038330078e+01 1.600000000000000000e+01 1.982298088073730469e+01
1.409000015258789062e+01 2.039999961853027344e+01 2.108721542358398438e+01
2.123999977111816406e+01 1.330000019073486328e+01 1.284977436065673828e+01
1.712000083923339844e+01 1.310000038146972656e+01 1.669558525085449219e+01
1.260000038146972656e+01 1.920000076293945312e+01 2.039930343627929688e+01
5.289999961853027344e+00 2.800000000000000000e+01 2.671847152709960938e+01
2.397999954223632812e+01 1.929999923706054688e+01 1.152250099182128906e+01
2.329000091552734375e+01 1.339999961853027344e+01 1.211425304412841797e+01
1.568999958038330078e+01 1.019999980926513672e+01 1.997258567810058594e+01
2.360000038146972656e+01 1.130000019073486328e+01 1.169259357452392578e+01
2.996999931335449219e+01 6.300000190734863281e+00 7.600885868072509766e+00
1.134000015258789062e+01 2.139999961853027344e+01 2.066278266906738281e+01
4.820000171661376953e+00 3.790000152587890625e+01 3.236046600341796875e+01
1.413000011444091797e+01 1.989999961853027344e+01 2.049366188049316406e+01
6.869999885559082031e+00 2.310000038146972656e+01 2.473142242431640625e+01
1.110000038146972656e+01 2.379999923706054688e+01 2.065677070617675781e+01
9.380000114440917969e+00 2.810000038146972656e+01 2.108080101013183594e+01
1.646999931335449219e+01 1.950000000000000000e+01 1.600669860839843750e+01
7.699999809265136719e+00 2.039999961853027344e+01 2.289140701293945312e+01
4.610000133514404297e+00 3.120000076293945312e+01 3.320472335815429688e+01
2.407999992370605469e+01 9.500000000000000000e+00 1.158324909210205078e+01
1.727000045776367188e+01 2.170000076293945312e+01 1.651971435546875000e+01
1.757999992370605469e+01 1.879999923706054688e+01 1.932484054565429688e+01
4.210000038146972656e+00 3.870000076293945312e+01 3.512142562866210938e+01
9.220000267028808594e+00 1.960000038146972656e+01 2.113838768005371094e+01
4.449999809265136719e+00 5.000000000000000000e+01 3.406731033325195312e+01
3.062999916076660156e+01 8.800000190734863281e+00 6.817400455474853516e+00
7.530000209808349609e+00 2.820000076293945312e+01 2.321103286743164062e+01
2.960000038146972656e+00 5.000000000000000000e+01 3.991465759277343750e+01
4.380000114440917969e+00 2.910000038146972656e+01 3.437809371948242188e+01
8.770000457763671875e+00 2.100000000000000000e+01 2.148074913024902344e+01
1.569999980926513672e+01 1.419999980926513672e+01 2.066603660583496094e+01
1.480000019073486328e+01 1.889999961853027344e+01 1.949917411804199219e+01
1.865999984741210938e+01 1.950000000000000000e+01 1.501723766326904297e+01
4.320000171661376953e+00 3.079999923706054688e+01 3.464233398437500000e+01
1.806999969482421875e+01 1.360000038146972656e+01 1.562039566040039062e+01
