1.510000038146972656e+01 1.750000000000000000e+01 1.421908855438232422e+01
1.689999961853027344e+01 1.739999961853027344e+01 7.774600505828857422e+00
2.960000038146972656e+00 5.000000000000000000e+01 3.667245483398437500e+01
1.443999958038330078e+01 1.600000000000000000e+01 1.906818008422851562e+01
1.835000038146972656e+01 1.310000038146972656e+01 1.415308094024658203e+01
1.664999961853027344e+01 1.560000038146972656e+01 1.484219169616699219e+01
2.642000007629394531e+01 1.560000038146972656e+01 3.785283267498016357e-01
3.062000083923339844e+01 1.019999980926513672e+01 7.826112270355224609e+00
6.530000209808349609e+00 2.660000038146972656e+01 2.813728141784667969e+01
2.993000030517578125e+01 1.650000000000000000e+01 3.322387456893920898e+00
3.559999942779541016e+00 3.729999923706054688e+01 4.033183670043945312e+01
4.210000038146972656e+00 3.870000076293945312e+01 3.098932838439941406e+01
5.980000019073486328e+00 2.289999961853027344e+01 3.832418060302734375e+01
9.289999961853027344e+00 1.870000076293945312e+01 1.782974052429199219e+01
1.459000015258789062e+01 1.710000038146972656e+01 1.641003990173339844e+01
5.699999809265136719e+00 2.870000076293945312e+01 3.032958221435546875e+01
2.145000076293945312e+01 1.539999961853027344e+01 5.772611141204833984e+00
6.360000133514404297e+00 3.160000038146972656e+01 2.600523948669433594e+01
1.280000019073486328e+01 1.839999961853027344e+01 1.963517570495605469e+01
4.699999809265136719e+00 2.789999961853027344e+01 2.998080444335937500e+01
1.125000000000000000e+01 3.100000000000000000e+01 2.005104064941406250e+01
1.010999965667724609e+01 1.500000000000000000e+01 2.322317886352539062e+01
7.440000057220458984e+00 5.000000000000000000e+01 2.385637664794921875e+01
1.413000011444091797e+01 1.989999961853027344e+01 2.025023078918457031e+01
2.770999908447265625e+01 1.319999980926513672e+01 9.641063690185546875e+00
1.476000022888183594e+01 2.010000038146972656e+01 2.758435630798339844e+01
1.278999996185302734e+01 2.220000076293945312e+01 1.927497100830078125e+01
1.343999958038330078e+01 1.929999923706054688e+01 1.961903572082519531e+01
2.980000019073486328e+00 3.200000000000000000e+01 4.017206573486328125e+01
1.865999984741210938e+01 1.950000000000000000e+01 1.632539367675781250e+01
8.579999923706054688e+00 2.389999961853027344e+01 1.679907798767089844e+01
5.190000057220458984e+00 2.370000076293945312e+01 3.878818893432617188e+01
7.730000019073486328e+00 2.439999961853027344e+01 2.059841346740722656e+01
3.477000045776367188e+01 1.380000019073486328e+01 4.330568611621856689e-01
2.929000091552734375e+01 1.180000019073486328e+01 5.671501636505126953e+00
9.880000114440917969e+00 2.170000076293945312e+01 2.559863090515136719e+01
1.834000015258789062e+01 1.430000019073486328e+01 1.390429687500000000e+01
8.260000228881835938e+00 2.039999961853027344e+01 2.408443832397460938e+01
3.920000076293945312e+00 4.670000076293945312e+01 3.269809341430664062e+01
7.010000228881835938e+00 2.500000000000000000e+01 2.272845458984375000e+01
9.250000000000000000e+00 2.089999961853027344e+01 1.751532173156738281e+01
1.757999992370605469e+01 1.879999923706054688e+01 1.328833580017089844e+01
7.880000114440917969e+00 1.189999961853027344e+01 2.079197311401367188e+01
2.034000015258789062e+01 1.350000000000000000e+01 1.100325012207031250e+01
9.590000152587890625e+00 3.379999923706054688e+01 3.208063507080078125e+01
7.219999790191650391e+00 2.389999961853027344e+01 2.701865386962890625e+01
9.449999809265136719e+00 3.620000076293945312e+01 2.378897285461425781e+01
5.329999923706054688e+00 3.620000076293945312e+01 2.675088119506835938e+01
3.130000114440917969e+00 3.759999847412109375e+01 4.131817245483398438e+01
4.969999790191650391e+00 2.250000000000000000e+01 3.028833770751953125e+01
