1.712000083923339844e+01 1.310000038146972656e+01 1.807249259948730469e+01
1.214000034332275391e+01 2.379999923706054688e+01 1.733248710632324219e+01
1.280000019073486328e+01 1.839999961853027344e+01 2.008723258972167969e+01
1.018999958038330078e+01 2.079999923706054688e+01 1.725112915039062500e+01
4.969999790191650391e+00 2.250000000000000000e+01 3.299227905273437500e+01
3.109999895095825195e+00 4.400000000000000000e+01 2.710848331451416016e+00
1.779000091552734375e+01 1.489999961853027344e+01 1.873184776306152344e+01
7.789999961853027344e+00 1.860000038146972656e+01 2.268483734130859375e+01
1.469999980926513672e+01 2.000000000000000000e+01 2.051714897155761719e+01
7.849999904632568359e+00 3.220000076293945312e+01 2.458183670043945312e+01
1.086999988555908203e+01 2.260000038146972656e+01 2.213211059570312500e+01
8.609999656677246094e+00 3.029999923706054688e+01 2.112654876708984375e+01
6.429999828338623047e+00 2.429999923706054688e+01 2.409409713745117188e+01
1.073999977111816406e+01 2.300000000000000000e+01 2.049662971496582031e+01
1.584000015258789062e+01 2.029999923706054688e+01 1.614919662475585938e+01
1.410000038146972656e+01 1.829999923706054688e+01 1.849618911743164062e+01
9.880000114440917969e+00 2.170000076293945312e+01 1.117975807189941406e+01
7.900000095367431641e+00 2.160000038146972656e+01 2.640917587280273438e+01
4.449999809265136719e+00 3.290000152587890625e+01 3.526419067382812500e+01
1.870999908447265625e+01 1.489999961853027344e+01 7.629270553588867188e+00
7.429999828338623047e+00 2.410000038146972656e+01 1.592046260833740234e+01
1.010999965667724609e+01 2.320000076293945312e+01 1.520476627349853516e+01
1.715999984741210938e+01 1.169999980926513672e+01 1.741181564331054688e+01
5.119999885559082031e+00 5.000000000000000000e+01 2.957613372802734375e+01
9.739999771118164062e+00 1.900000000000000000e+01 9.839864730834960938e+00
2.953000068664550781e+01 1.460000038146972656e+01 7.419263362884521484e+00
5.489999771118164062e+00 2.410000038146972656e+01 3.093611526489257812e+01
1.539000034332275391e+01 1.800000000000000000e+01 1.627342414855957031e+01
9.449999809265136719e+00 3.620000076293945312e+01 9.276291847229003906e+00
6.860000133514404297e+00 2.329999923706054688e+01 2.075699043273925781e+01
2.831999969482421875e+01 1.779999923706054688e+01 9.918198585510253906e+00
1.211999988555908203e+01 1.530000019073486328e+01 1.758489990234375000e+01
2.323999977111816406e+01 1.389999961853027344e+01 1.987065196037292480e+00
1.125000000000000000e+01 3.100000000000000000e+01 1.768533897399902344e+01
1.569999980926513672e+01 1.419999980926513672e+01 1.702889251708984375e+01
1.213000011444091797e+01 2.789999961853027344e+01 1.745549201965332031e+01
1.436999988555908203e+01 2.200000000000000000e+01 1.265873813629150391e+01
3.062000083923339844e+01 1.019999980926513672e+01 9.205230474472045898e-01
1.593999958038330078e+01 1.979999923706054688e+01 1.623587226867675781e+01
8.579999923706054688e+00 2.389999961853027344e+01 2.137928581237792969e+01
1.502000045776367188e+01 1.670000076293945312e+01 1.485004234313964844e+01
1.278999996185302734e+01 2.220000076293945312e+01 2.018760871887207031e+01
7.369999885559082031e+00 2.329999923706054688e+01 1.553554344177246094e+01
2.996999931335449219e+01 6.300000190734863281e+00 3.195285320281982422e+00
1.042000007629394531e+01 2.179999923706054688e+01 2.188089179992675781e+01
9.039999961853027344e+00 2.360000038146972656e+01 1.362677097320556641e+01
8.470000267028808594e+00 1.989999961853027344e+01 2.291839981079101562e+01
3.589999914169311523e+00 2.479999923706054688e+01 6.795706748962402344e+00
1.056000041961669922e+01 1.850000000000000000e+01 2.033203887939453125e+01
6.750000000000000000e+00 2.070000076293945312e+01 2.418580055236816406e+01
