8.100000381469726562e+00 3.650000000000000000e+01 1.942081451416015625e+01
5.250000000000000000e+00 3.170000076293945312e+01 2.180950546264648438e+01
1.452000045776367188e+01 1.089999961853027344e+01 1.388000679016113281e+01
2.260000038146972656e+01 1.269999980926513672e+01 7.125440239906311035e-01
6.650000095367431641e+00 2.839999961853027344e+01 2.219787406921386719e+01
9.529999732971191406e+00 5.000000000000000000e+01 2.490044593811035156e+01
6.860000133514404297e+00 2.329999923706054688e+01 2.254942703247070312e+01
1.727000045776367188e+01 1.610000038146972656e+01 2.169114875793457031e+01
1.673999977111816406e+01 1.779999923706054688e+01 1.059217739105224609e+01
1.714999961853027344e+01 1.900000000000000000e+01 1.230125427246093750e+01
6.480000019073486328e+00 2.200000000000000000e+01 3.203367614746093750e+01
6.289999961853027344e+00 2.460000038146972656e+01 2.503574943542480469e+01
1.695999908447265625e+01 1.810000038146972656e+01 8.666679382324218750e+00
2.360000038146972656e+01 1.130000019073486328e+01 2.036117792129516602e+00
1.835000038146972656e+01 1.310000038146972656e+01 4.209976196289062500e+00
1.344999980926513672e+01 1.970000076293945312e+01 1.881865310668945312e+01
1.937000083923339844e+01 1.250000000000000000e+01 9.464511871337890625e+00
1.359000015258789062e+01 2.450000000000000000e+01 1.784000778198242188e+01
1.832999992370605469e+01 1.779999923706054688e+01 4.688718795776367188e+00
5.679999828338623047e+00 3.250000000000000000e+01 2.024052238464355469e+01
1.980000019073486328e+00 3.490000152587890625e+01 2.598416805267333984e-01
2.540999984741210938e+01 1.729999923706054688e+01 9.178087711334228516e-01
6.269999980926513672e+00 2.860000038146972656e+01 2.389409828186035156e+01
2.681999969482421875e+01 1.339999961853027344e+01 1.485072016716003418e+00
1.760000038146972656e+01 2.310000038146972656e+01 9.558688163757324219e+00
1.969000053405761719e+01 1.410000038146972656e+01 3.395996332168579102e+00
7.440000057220458984e+00 2.470000076293945312e+01 2.312763786315917969e+01
5.519999980926513672e+00 2.279999923706054688e+01 2.512720870971679688e+01
3.559999942779541016e+00 3.729999923706054688e+01 2.684502220153808594e+01
1.300000000000000000e+01 2.170000076293945312e+01 1.542301464080810547e+01
1.763999938964843750e+01 1.450000000000000000e+01 1.065981006622314453e+01
1.914999961853027344e+01 2.710000038146972656e+01 5.385187625885009766e+00
9.640000343322753906e+00 2.260000038146972656e+01 1.856780052185058594e+01
1.464000034332275391e+01 1.679999923706054688e+01 1.593999481201171875e+01
1.234000015258789062e+01 2.120000076293945312e+01 1.479340553283691406e+01
1.015999984741210938e+01 2.279999923706054688e+01 2.013202285766601562e+01
7.179999828338623047e+00 2.389999961853027344e+01 2.137185096740722656e+01
4.809999942779541016e+00 3.540000152587890625e+01 3.651404190063476562e+01
4.500000000000000000e+00 3.010000038146972656e+01 2.970648384094238281e+01
2.121999931335449219e+01 1.720000076293945312e+01 1.192434501647949219e+01
1.052999973297119141e+01 1.750000000000000000e+01 1.783832740783691406e+01
1.603000068664550781e+01 2.239999961853027344e+01 8.664177894592285156e+00
8.050000190734863281e+00 3.300000000000000000e+01 1.819720840454101562e+01
1.901000022888183594e+01 1.269999980926513672e+01 2.558866262435913086e+00
7.429999828338623047e+00 2.410000038146972656e+01 2.293925094604492188e+01
7.730000019073486328e+00 2.439999961853027344e+01 2.839594841003417969e+01
3.080999946594238281e+01 1.439999961853027344e+01 7.197567939758300781e+00
3.697999954223632812e+01 7.000000000000000000e+00 2.853077830877737142e-06
3.569999933242797852e+00 4.379999923706054688e+01 2.609462928771972656e+01
5.389999866485595703e+00 3.490000152587890625e+01 2.590337753295898438e+01
