1.452000045776367188e+01 1.089999961853027344e+01 1.535225677490234375e+01
1.805999946594238281e+01 2.250000000000000000e+01 1.160842227935791016e+01
1.243000030517578125e+01 1.710000038146972656e+01 2.285943412780761719e+01
1.977000045776367188e+01 8.300000190734863281e+00 2.565820884704589844e+01
1.239999961853027344e+01 2.010000038146972656e+01 2.173470497131347656e+01
7.429999828338623047e+00 2.410000038146972656e+01 3.508539581298828125e+01
1.569999980926513672e+01 1.419999980926513672e+01 1.592308616638183594e+01
1.226000022888183594e+01 1.960000038146972656e+01 1.975645256042480469e+01
6.900000095367431641e+00 3.010000038146972656e+01 2.692596626281738281e+01
9.970000267028808594e+00 2.029999923706054688e+01 1.928951835632324219e+01
1.603000068664550781e+01 2.239999961853027344e+01 1.465812301635742188e+01
2.397999954223632812e+01 1.929999923706054688e+01 1.178168296813964844e+01
1.432999992370605469e+01 1.679999923706054688e+01 1.965215873718261719e+01
8.050000190734863281e+00 3.300000000000000000e+01 2.360489082336425781e+01
1.351000022888183594e+01 2.329999923706054688e+01 2.027762794494628906e+01
1.202999973297119141e+01 1.610000038146972656e+01 2.131254577636718750e+01
1.834000015258789062e+01 1.430000019073486328e+01 1.748472976684570312e+01
2.287999916076660156e+01 1.280000019073486328e+01 5.279850959777832031e+00
1.202999973297119141e+01 1.910000038146972656e+01 2.131254577636718750e+01
8.439999580383300781e+00 2.220000076293945312e+01 1.855788040161132812e+01
1.511999988555908203e+01 1.700000000000000000e+01 1.318723392486572266e+01
3.697999954223632812e+01 7.000000000000000000e+00 6.760782748460769653e-02
7.539999961853027344e+00 2.339999961853027344e+01 3.197962570190429688e+01
7.510000228881835938e+00 2.289999961853027344e+01 2.969258689880371094e+01
1.468999958038330078e+01 2.310000038146972656e+01 1.786701965332031250e+01
7.369999885559082031e+00 2.329999923706054688e+01 2.858688545227050781e+01
1.502000045776367188e+01 1.670000076293945312e+01 1.841116714477539062e+01
4.030000209808349609e+00 3.470000076293945312e+01 3.687451171875000000e+01
7.190000057220458984e+00 2.910000038146972656e+01 2.352942276000976562e+01
2.470000028610229492e+00 4.170000076293945312e+01 6.803317070007324219e+00
7.730000019073486328e+00 2.439999961853027344e+01 2.278046798706054688e+01
2.438999938964843750e+01 8.300000190734863281e+00 7.091466903686523438e+00
8.430000305175781250e+00 2.339999961853027344e+01 1.822536277770996094e+01
1.292000007629394531e+01 2.120000076293945312e+01 1.986901092529296875e+01
1.805999946594238281e+01 1.519999980926513672e+01 1.160842227935791016e+01
4.159999847412109375e+00 3.309999847412109375e+01 4.241843032836914062e+01
1.865999984741210938e+01 1.950000000000000000e+01 1.589929199218750000e+01
5.900000095367431641e+00 2.439999961853027344e+01 3.754925537109375000e+01
1.689999961853027344e+01 1.739999961853027344e+01 1.209676170349121094e+01
1.327000045776367188e+01 1.889999961853027344e+01 2.169463157653808594e+01
5.519999980926513672e+00 2.279999923706054688e+01 2.429226112365722656e+01
1.343999958038330078e+01 1.500000000000000000e+01 1.949898910522460938e+01
7.789999961853027344e+00 2.500000000000000000e+01 2.725114440917968750e+01
3.329999923706054688e+00 2.850000000000000000e+01 2.885985183715820312e+01
1.197000026702880859e+01 2.000000000000000000e+01 1.899895477294921875e+01
3.319999933242797852e+00 5.000000000000000000e+01 2.915242767333984375e+01
1.517000007629394531e+01 1.380000019073486328e+01 1.170744514465332031e+01
1.987999916076660156e+01 1.450000000000000000e+01 1.302259349822998047e+01
2.334000015258789062e+01 1.189999961853027344e+01 1.059432506561279297e+01
1.952000045776367188e+01 1.710000038146972656e+01 9.517102241516113281e+00
