1.436999988555908203e+01 2.200000000000000000e+01 2.207509231567382812e+01
1.664999961853027344e+01 1.560000038146972656e+01 1.608920288085937500e+01
1.359000015258789062e+01 2.450000000000000000e+01 1.819733810424804688e+01
2.287999916076660156e+01 1.280000019073486328e+01 7.145967006683349609e+00
8.100000381469726562e+00 3.650000000000000000e+01 2.200654792785644531e+01
1.397999954223632812e+01 2.639999961853027344e+01 1.839490699768066406e+01
8.229999542236328125e+00 2.200000000000000000e+01 1.959927177429199219e+01
1.452000045776367188e+01 1.089999961853027344e+01 1.462610244750976562e+01
1.086999988555908203e+01 2.260000038146972656e+01 2.277439689636230469e+01
3.539999961853027344e+00 4.279999923706054688e+01 3.299131011962890625e+01
1.364999961853027344e+01 2.070000076293945312e+01 1.542068195343017578e+01
4.210000038146972656e+00 3.870000076293945312e+01 2.869604682922363281e+01
1.468999958038330078e+01 2.310000038146972656e+01 1.870813941955566406e+01
1.332999992370605469e+01 2.310000038146972656e+01 2.020059776306152344e+01
9.250000000000000000e+00 2.089999961853027344e+01 2.124802207946777344e+01
1.813999938964843750e+01 1.380000019073486328e+01 1.523316383361816406e+01
1.834000015258789062e+01 1.430000019073486328e+01 1.543165397644042969e+01
1.987999916076660156e+01 1.450000000000000000e+01 7.660614967346191406e+00
1.651000022888183594e+01 1.389999961853027344e+01 1.779512023925781250e+01
1.719000053405761719e+01 1.620000076293945312e+01 1.300187778472900391e+01
1.285999965667724609e+01 2.250000000000000000e+01 1.959674835205078125e+01
1.868000030517578125e+01 1.670000076293945312e+01 1.305843925476074219e+01
1.727000045776367188e+01 2.170000076293945312e+01 1.398873519897460938e+01
2.880000114440917969e+00 5.000000000000000000e+01 2.359019088745117188e+01
9.380000114440917969e+00 2.810000038146972656e+01 2.421074485778808594e+01
4.969999790191650391e+00 2.250000000000000000e+01 2.409190750122070312e+01
1.172000026702880859e+01 1.939999961853027344e+01 1.891275215148925781e+01
1.510000038146972656e+01 1.750000000000000000e+01 1.675246429443359375e+01
1.870999908447265625e+01 1.489999961853027344e+01 1.457142257690429688e+01
1.480000019073486328e+01 1.889999961853027344e+01 2.477810478210449219e+01
1.694000053405761719e+01 1.350000000000000000e+01 1.753697776794433594e+01
2.996999931335449219e+01 6.300000190734863281e+00 1.407252430915832520e+00
1.052999973297119141e+01 1.750000000000000000e+01 1.805516624450683594e+01
1.197000026702880859e+01 2.000000000000000000e+01 1.792101287841796875e+01
6.480000019073486328e+00 2.200000000000000000e+01 2.403806304931640625e+01
9.430000305175781250e+00 2.050000000000000000e+01 2.675540733337402344e+01
1.164000034332275391e+01 2.270000076293945312e+01 2.312024307250976562e+01
2.145000076293945312e+01 1.539999961853027344e+01 2.072344398498535156e+01
3.559999942779541016e+00 3.729999923706054688e+01 3.989920806884765625e+01
2.113999938964843750e+01 1.970000076293945312e+01 1.087737178802490234e+01
2.681999969482421875e+01 1.339999961853027344e+01 4.351748943328857422e+00
3.062999916076660156e+01 8.800000190734863281e+00 9.824423789978027344e+00
7.429999828338623047e+00 2.410000038146972656e+01 4.504613113403320312e+01
2.410000038146972656e+01 1.330000019073486328e+01 1.333583450317382812e+01
7.730000019073486328e+00 2.439999961853027344e+01 2.271668243408203125e+01
1.197999954223632812e+01 2.100000000000000000e+01 1.875261497497558594e+01
7.179999828338623047e+00 2.389999961853027344e+01 2.854665184020996094e+01
1.073999977111816406e+01 2.300000000000000000e+01 1.512142848968505859e+01
7.139999866485595703e+00 2.320000076293945312e+01 2.732438087463378906e+01
5.039999961853027344e+00 3.720000076293945312e+01 2.806498718261718750e+01
