1.760000038146972656e+01 1.779999923706054688e+01 2.308618736267089844e+01
9.680000305175781250e+00 1.889999961853027344e+01 2.550614547729492188e+01
6.619999885559082031e+00 3.459999847412109375e+01 2.535069274902343750e+01
1.303999996185302734e+01 1.450000000000000000e+01 2.042925071716308594e+01
6.269999980926513672e+00 2.860000038146972656e+01 2.329730987548828125e+01
1.584000015258789062e+01 2.029999923706054688e+01 1.540211105346679688e+01
7.440000057220458984e+00 5.000000000000000000e+01 2.469424819946289062e+01
8.229999542236328125e+00 2.200000000000000000e+01 2.041151428222656250e+01
3.080999946594238281e+01 1.439999961853027344e+01 3.385373353958129883e+00
3.109999895095825195e+00 4.400000000000000000e+01 4.232244110107421875e+01
1.569999980926513672e+01 1.419999980926513672e+01 1.592032814025878906e+01
9.539999961853027344e+00 2.510000038146972656e+01 2.222512817382812500e+01
1.335000038146972656e+01 2.010000038146972656e+01 1.997812843322753906e+01
1.015999984741210938e+01 2.279999923706054688e+01 1.965977668762207031e+01
9.810000419616699219e+00 2.500000000000000000e+01 1.900148963928222656e+01
5.030000209808349609e+00 3.110000038146972656e+01 2.330989074707031250e+01
8.430000305175781250e+00 2.339999961853027344e+01 2.152496910095214844e+01
9.039999961853027344e+00 2.360000038146972656e+01 1.950432395935058594e+01
2.323999977111816406e+01 1.389999961853027344e+01 1.142407321929931641e+01
1.622999954223632812e+01 1.489999961853027344e+01 1.494181632995605469e+01
1.014999961853027344e+01 2.050000000000000000e+01 1.942214393615722656e+01
1.806999969482421875e+01 1.360000038146972656e+01 2.111649894714355469e+01
5.289999961853027344e+00 2.800000000000000000e+01 2.633334541320800781e+01
1.468999958038330078e+01 2.310000038146972656e+01 1.910309410095214844e+01
2.438999938964843750e+01 8.300000190734863281e+00 5.835214614868164062e+00
1.122000026702880859e+01 2.220000076293945312e+01 2.782155227661132812e+01
8.880000114440917969e+00 5.000000000000000000e+01 2.048361015319824219e+01
5.980000019073486328e+00 2.210000038146972656e+01 2.291860961914062500e+01
9.289999961853027344e+00 1.870000076293945312e+01 2.385248565673828125e+01
8.199999809265136719e+00 2.200000000000000000e+01 2.104754066467285156e+01
1.710000038146972656e+01 1.889999961853027344e+01 1.678873634338378906e+01
1.871999931335449219e+01 1.519999980926513672e+01 1.643095779418945312e+01
4.739999771118164062e+00 2.900000000000000000e+01 3.157092666625976562e+01
1.879999923706054688e+01 1.660000038146972656e+01 1.960875129699707031e+01
1.980000019073486328e+00 3.490000152587890625e+01 3.645536041259765625e+01
1.845999908447265625e+01 1.850000000000000000e+01 1.779846954345703125e+01
3.062999916076660156e+01 8.800000190734863281e+00 9.644548416137695312e+00
1.719000053405761719e+01 1.620000076293945312e+01 1.081181335449218750e+01
6.590000152587890625e+00 2.520000076293945312e+01 2.306202507019042969e+01
5.679999828338623047e+00 3.250000000000000000e+01 2.217038154602050781e+01
1.127999973297119141e+01 1.820000076293945312e+01 2.700767517089843750e+01
1.026000022888183594e+01 1.820000076293945312e+01 1.690726852416992188e+01
1.013000011444091797e+01 2.470000076293945312e+01 1.913318824768066406e+01
8.510000228881835938e+00 2.060000038146972656e+01 2.037537956237792969e+01
6.579999923706054688e+00 3.520000076293945312e+01 2.250111198425292969e+01
1.727000045776367188e+01 2.170000076293945312e+01 1.404148483276367188e+01
1.969000053405761719e+01 1.410000038146972656e+01 6.331573009490966797e+00
1.322000026702880859e+01 2.139999961853027344e+01 1.776225090026855469e+01
2.831999969482421875e+01 1.779999923706054688e+01 7.794400453567504883e-01
1.620999908447265625e+01 1.879999923706054688e+01 1.682000541687011719e+01
