2.145000076293945312e+01 1.539999961853027344e+01 1.124547863006591797e+01
6.050000190734863281e+00 3.320000076293945312e+01 2.131562995910644531e+01
1.111999988555908203e+01 2.300000000000000000e+01 1.632275199890136719e+01
2.880000114440917969e+00 5.000000000000000000e+01 3.562538146972656250e+01
7.849999904632568359e+00 3.220000076293945312e+01 1.873097610473632812e+01
3.759999990463256836e+00 4.540000152587890625e+01 4.837615203857421875e+01
6.579999923706054688e+00 3.520000076293945312e+01 2.614739608764648438e+01
2.415999984741210938e+01 1.400000000000000000e+01 2.694092988967895508e+00
2.455999946594238281e+01 1.230000019073486328e+01 2.098012208938598633e+00
7.119999885559082031e+00 2.750000000000000000e+01 2.248223114013671875e+01
1.351000022888183594e+01 2.329999923706054688e+01 1.520389842987060547e+01
4.030000209808349609e+00 3.470000076293945312e+01 3.682885742187500000e+01
4.840000152587890625e+00 2.660000038146972656e+01 3.528245544433593750e+01
1.571000003814697266e+01 2.170000076293945312e+01 1.662409210205078125e+01
7.369999885559082031e+00 2.329999923706054688e+01 2.181122970581054688e+01
1.536999988555908203e+01 2.039999961853027344e+01 1.676197052001953125e+01
5.329999923706054688e+00 3.620000076293945312e+01 2.940178108215332031e+01
6.190000057220458984e+00 3.320000076293945312e+01 2.234656143188476562e+01
4.699999809265136719e+00 2.789999961853027344e+01 3.987604141235351562e+01
1.418999958038330078e+01 1.989999961853027344e+01 1.874465751647949219e+01
1.052999973297119141e+01 1.750000000000000000e+01 1.905426597595214844e+01
1.035999965667724609e+01 2.310000038146972656e+01 1.753248786926269531e+01
1.763999938964843750e+01 1.450000000000000000e+01 8.243591308593750000e+00
4.849999904632568359e+00 3.509999847412109375e+01 3.413991928100585938e+01
1.452000045776367188e+01 1.089999961853027344e+01 1.441252326965332031e+01
1.642000007629394531e+01 1.639999961853027344e+01 1.691326904296875000e+01
2.369000053405761719e+01 1.310000038146972656e+01 2.702830314636230469e+00
1.969000053405761719e+01 1.410000038146972656e+01 9.095328330993652344e+00
7.530000209808349609e+00 2.820000076293945312e+01 3.140315628051757812e+01
1.097000026702880859e+01 2.439999961853027344e+01 1.647153854370117188e+01
7.559999942779541016e+00 3.979999923706054688e+01 2.703701591491699219e+01
3.259999990463256836e+00 5.000000000000000000e+01 4.483662414550781250e+01
1.568999958038330078e+01 1.019999980926513672e+01 1.629829597473144531e+01
1.980000019073486328e+00 3.490000152587890625e+01 2.968906164169311523e+00
1.327000045776367188e+01 1.889999961853027344e+01 2.170023727416992188e+01
2.904999923706054688e+01 7.199999809265136719e+00 3.555179119110107422e+00
1.468999958038330078e+01 2.310000038146972656e+01 2.242994499206542969e+01
4.320000171661376953e+00 3.079999923706054688e+01 2.952971267700195312e+01
1.620000076293945312e+01 1.939999961853027344e+01 1.341693496704101562e+01
9.470000267028808594e+00 2.500000000000000000e+01 2.268164634704589844e+01
8.100000381469726562e+00 3.650000000000000000e+01 2.200467300415039062e+01
1.480000019073486328e+01 1.889999961853027344e+01 1.910969734191894531e+01
9.590000152587890625e+00 3.379999923706054688e+01 2.224576187133789062e+01
7.340000152587890625e+00 2.260000038146972656e+01 2.154286003112792969e+01
2.737999916076660156e+01 8.500000000000000000e+00 9.680381774902343750e+00
6.480000019073486328e+00 2.200000000000000000e+01 2.370477294921875000e+01
6.070000171661376953e+00 2.479999923706054688e+01 2.073838233947753906e+01
2.121999931335449219e+01 1.720000076293945312e+01 1.161238002777099609e+01
8.430000305175781250e+00 2.339999961853027344e+01 1.698692512512207031e+01
9.739999771118164062e+00 1.900000000000000000e+01 2.350323486328125000e+01
