1.937000083923339844e+01 1.250000000000000000e+01 1.121916389465332031e+01
1.832999992370605469e+01 1.779999923706054688e+01 1.364796066284179688e+01
5.889999866485595703e+00 2.660000038146972656e+01 2.411687469482421875e+01
1.763999938964843750e+01 1.450000000000000000e+01 1.717165756225585938e+01
2.334000015258789062e+01 1.189999961853027344e+01 9.989641189575195312e+00
9.529999732971191406e+00 5.000000000000000000e+01 2.327592468261718750e+01
1.481000041961669922e+01 2.139999961853027344e+01 1.659410285949707031e+01
3.529999971389770508e+00 2.960000038146972656e+01 4.039517974853515625e+01
8.100000381469726562e+00 3.650000000000000000e+01 2.199700736999511719e+01
6.360000133514404297e+00 3.160000038146972656e+01 2.341263008117675781e+01
7.880000114440917969e+00 1.189999961853027344e+01 2.541783905029296875e+01
4.670000076293945312e+00 2.350000000000000000e+01 3.614177322387695312e+01
7.219999790191650391e+00 2.389999961853027344e+01 2.956255149841308594e+01
4.559999942779541016e+00 3.490000152587890625e+01 2.987305641174316406e+01
1.314999961853027344e+01 2.960000038146972656e+01 1.870032310485839844e+01
8.810000419616699219e+00 2.260000038146972656e+01 2.614487838745117188e+01
2.642000007629394531e+01 1.560000038146972656e+01 6.981614589691162109e+00
1.793000030517578125e+01 2.050000000000000000e+01 2.036983680725097656e+01
2.085000038146972656e+01 1.150000000000000000e+01 5.180086135864257812e+00
1.382999992370605469e+01 1.960000038146972656e+01 1.296776580810546875e+01
2.273999977111816406e+01 8.399999618530273438e+00 5.744065284729003906e+00
1.131999969482421875e+01 2.229999923706054688e+01 1.990033531188964844e+01
9.539999961853027344e+00 2.510000038146972656e+01 2.217903327941894531e+01
1.914999961853027344e+01 2.710000038146972656e+01 7.605340957641601562e+00
8.050000190734863281e+00 2.900000000000000000e+01 1.819895362854003906e+01
1.030000019073486328e+01 1.920000076293945312e+01 2.026972198486328125e+01
2.045000076293945312e+01 1.500000000000000000e+01 7.592999935150146484e+00
9.710000038146972656e+00 2.670000076293945312e+01 2.441848182678222656e+01
3.589999914169311523e+00 2.479999923706054688e+01 4.222380447387695312e+01
6.530000209808349609e+00 2.660000038146972656e+01 2.366401100158691406e+01
9.619999885559082031e+00 2.389999961853027344e+01 2.662720489501953125e+01
9.100000381469726562e+00 2.029999923706054688e+01 1.993685913085937500e+01
1.694000053405761719e+01 1.350000000000000000e+01 1.747692298889160156e+01
8.609999656677246094e+00 3.029999923706054688e+01 2.007151794433593750e+01
1.267000007629394531e+01 1.720000076293945312e+01 2.259370231628417969e+01
2.490999984741210938e+01 1.200000000000000000e+01 1.320980548858642578e+00
1.343999958038330078e+01 1.500000000000000000e+01 1.930057907104492188e+01
3.529999971389770508e+00 3.240000152587890625e+01 4.039517974853515625e+01
8.050000190734863281e+00 3.300000000000000000e+01 1.819895362854003906e+01
2.297999954223632812e+01 5.000000000000000000e+00 9.386683464050292969e+00
1.987999916076660156e+01 1.450000000000000000e+01 1.223851585388183594e+01
2.954999923706054688e+01 2.370000076293945312e+01 1.293194103240966797e+01
2.007999992370605469e+01 1.629999923706054688e+01 4.509207248687744141e+00
2.639999961853027344e+01 1.720000076293945312e+01 6.029410362243652344e+00
1.427000045776367188e+01 2.029999923706054688e+01 1.594353485107421875e+01
1.056000041961669922e+01 1.850000000000000000e+01 1.939735794067382812e+01
3.080999946594238281e+01 1.439999961853027344e+01 7.199849605560302734e+00
1.730000019073486328e+00 5.000000000000000000e+01 1.213546371459960938e+01
1.467000007629394531e+01 1.750000000000000000e+01 2.382210350036621094e+01
1.555000019073486328e+01 1.939999961853027344e+01 8.146973609924316406e+00
