2.407999992370605469e+01 9.500000000000000000e+00 1.317191219329833984e+01
1.314999961853027344e+01 1.870000076293945312e+01 2.038764381408691406e+01
1.382999992370605469e+01 1.960000038146972656e+01 1.529438877105712891e+01
1.613999938964843750e+01 1.310000038146972656e+01 1.772214126586914062e+01
1.050000000000000000e+01 2.300000000000000000e+01 1.897582244873046875e+01
1.293000030517578125e+01 2.010000038146972656e+01 2.096398162841796875e+01
1.057999992370605469e+01 2.120000076293945312e+01 1.982964706420898438e+01
5.679999828338623047e+00 2.220000076293945312e+01 1.910437202453613281e+01
5.489999771118164062e+00 3.270000076293945312e+01 2.410061645507812500e+01
1.267000007629394531e+01 1.720000076293945312e+01 2.259613037109375000e+01
1.772999954223632812e+01 1.519999980926513672e+01 1.525268268585205078e+01
1.870999908447265625e+01 1.489999961853027344e+01 1.863089561462402344e+01
1.812999916076660156e+01 1.910000038146972656e+01 1.409867286682128906e+01
3.700000047683715820e+00 5.000000000000000000e+01 4.473201370239257812e+01
7.730000019073486328e+00 2.439999961853027344e+01 2.475808906555175781e+01
6.579999923706054688e+00 3.520000076293945312e+01 2.309049797058105469e+01
1.213000011444091797e+01 2.789999961853027344e+01 2.274130439758300781e+01
1.978000068664550781e+01 2.750000000000000000e+01 9.772330284118652344e+00
3.440999984741210938e+01 1.439999961853027344e+01 1.410485172271728516e+01
2.993000030517578125e+01 1.650000000000000000e+01 5.592892169952392578e+00
9.800000190734863281e+00 1.950000000000000000e+01 1.856799125671386719e+01
9.500000000000000000e+00 2.500000000000000000e+01 2.200693130493164062e+01
1.510000038146972656e+01 1.750000000000000000e+01 1.688972282409667969e+01
2.360000038146972656e+01 1.130000019073486328e+01 8.707079887390136719e+00
9.710000038146972656e+00 2.670000076293945312e+01 2.452284240722656250e+01
3.759999990463256836e+00 4.540000152587890625e+01 4.815275192260742188e+01
7.739999771118164062e+00 2.370000076293945312e+01 2.637677574157714844e+01
6.650000095367431641e+00 2.839999961853027344e+01 3.276985931396484375e+01
3.062999916076660156e+01 8.800000190734863281e+00 1.000704097747802734e+01
1.727000045776367188e+01 2.170000076293945312e+01 1.474579429626464844e+01
1.227000045776367188e+01 1.979999923706054688e+01 1.864099311828613281e+01
5.909999847412109375e+00 4.879999923706054688e+01 2.390217399597167969e+01
1.226000022888183594e+01 1.960000038146972656e+01 1.862900733947753906e+01
1.879999923706054688e+01 1.660000038146972656e+01 1.906844902038574219e+01
3.160000085830688477e+00 4.350000000000000000e+01 4.999432373046875000e+01
1.303999996185302734e+01 1.450000000000000000e+01 1.895520401000976562e+01
1.865999984741210938e+01 1.950000000000000000e+01 1.580724525451660156e+01
4.860000133514404297e+00 3.309999847412109375e+01 3.345947647094726562e+01
4.159999847412109375e+00 3.309999847412109375e+01 4.113753890991210938e+01
1.760000038146972656e+01 1.779999923706054688e+01 2.309687042236328125e+01
3.589999914169311523e+00 2.479999923706054688e+01 3.670680999755859375e+01
1.813999938964843750e+01 1.380000019073486328e+01 1.367546558380126953e+01
1.264000034332275391e+01 1.610000038146972656e+01 2.070747375488281250e+01
1.140999984741210938e+01 2.000000000000000000e+01 2.095863914489746094e+01
1.044999980926513672e+01 1.850000000000000000e+01 2.279646873474121094e+01
1.334000015258789062e+01 2.060000038146972656e+01 2.238378906250000000e+01
1.278999996185302734e+01 2.220000076293945312e+01 1.832838439941406250e+01
7.389999866485595703e+00 2.329999923706054688e+01 2.322612190246582031e+01
7.219999790191650391e+00 2.389999961853027344e+01 2.978504753112792969e+01
1.812999916076660156e+01 1.410000038146972656e+01 1.409867286682128906e+01
