4.159999847412109375e+00 3.309999847412109375e+01 3.716862106323242188e+01
1.125000000000000000e+01 3.100000000000000000e+01 2.218079185485839844e+01
2.831999969482421875e+01 1.779999923706054688e+01 1.963195800781250000e+00
1.409000015258789062e+01 2.039999961853027344e+01 1.268187522888183594e+01
1.197999954223632812e+01 2.100000000000000000e+01 1.680930519104003906e+01
8.670000076293945312e+00 2.639999961853027344e+01 2.019904327392578125e+01
9.279999732971191406e+00 2.379999923706054688e+01 1.639118003845214844e+01
2.309000015258789062e+01 2.000000000000000000e+01 6.972247123718261719e+00
9.970000267028808594e+00 2.029999923706054688e+01 1.004720687866210938e+01
1.578999996185302734e+01 1.939999961853027344e+01 1.902137184143066406e+01
1.088000011444091797e+01 2.400000000000000000e+01 1.809809875488281250e+01
2.034000015258789062e+01 1.350000000000000000e+01 1.049422550201416016e+01
6.469999790191650391e+00 3.340000152587890625e+01 2.925270462036132812e+01
6.650000095367431641e+00 2.839999961853027344e+01 3.326127624511718750e+01
1.202999973297119141e+01 1.910000038146972656e+01 1.652556419372558594e+01
1.127999973297119141e+01 1.820000076293945312e+01 2.198186874389648438e+01
2.779999923706054688e+01 1.380000019073486328e+01 3.492783784866333008e+00
4.449999809265136719e+00 3.290000152587890625e+01 2.957919311523437500e+01
3.950000047683715820e+00 3.160000038146972656e+01 4.827560043334960938e+01
7.190000057220458984e+00 2.910000038146972656e+01 2.383373069763183594e+01
1.845999908447265625e+01 1.850000000000000000e+01 1.394516372680664062e+01
8.159999847412109375e+00 2.289999961853027344e+01 2.389898490905761719e+01
1.832999992370605469e+01 1.779999923706054688e+01 1.284158325195312500e+01
6.719999790191650391e+00 2.479999923706054688e+01 2.995437240600585938e+01
9.159999847412109375e+00 2.429999923706054688e+01 1.885888481140136719e+01
1.293000030517578125e+01 2.010000038146972656e+01 2.149828720092773438e+01
3.809999942779541016e+00 4.850000000000000000e+01 3.955640029907226562e+01
1.203999996185302734e+01 2.120000076293945312e+01 1.647889518737792969e+01
7.880000114440917969e+00 1.189999961853027344e+01 3.113387489318847656e+01
1.478999996185302734e+01 3.070000076293945312e+01 9.981116294860839844e+00
1.010999965667724609e+01 2.320000076293945312e+01 1.005512142181396484e+01
8.010000228881835938e+00 2.110000038146972656e+01 2.723847198486328125e+01
5.699999809265136719e+00 2.870000076293945312e+01 3.070932388305664062e+01
1.635000038146972656e+01 1.269999980926513672e+01 1.820443534851074219e+01
7.789999961853027344e+00 1.860000038146972656e+01 2.734167098999023438e+01
5.989999771118164062e+00 2.450000000000000000e+01 2.368541908264160156e+01
9.039999961853027344e+00 2.360000038146972656e+01 2.010495948791503906e+01
3.569999933242797852e+00 4.379999923706054688e+01 2.811212730407714844e+01
1.322000026702880859e+01 2.139999961853027344e+01 1.957451820373535156e+01
7.559999942779541016e+00 3.979999923706054688e+01 2.485839653015136719e+01
1.343999958038330078e+01 1.929999923706054688e+01 1.940681076049804688e+01
1.286999988555908203e+01 1.960000038146972656e+01 2.233806037902832031e+01
2.880000114440917969e+00 5.000000000000000000e+01 1.053137207031250000e+01
2.178000068664550781e+01 1.019999980926513672e+01 8.855208396911621094e+00
2.929000091552734375e+01 1.180000019073486328e+01 1.924373626708984375e+00
1.334000015258789062e+01 2.060000038146972656e+01 1.940897560119628906e+01
7.789999961853027344e+00 2.500000000000000000e+01 2.734167098999023438e+01
7.530000209808349609e+00 2.820000076293945312e+01 2.452885627746582031e+01
1.243000030517578125e+01 1.710000038146972656e+01 1.723599433898925781e+01
4.690000057220458984e+00 3.050000000000000000e+01 3.093020439147949219e+01
