4.210000038146972656e+00 3.870000076293945312e+01 3.159349632263183594e+01
4.159999847412109375e+00 3.309999847412109375e+01 3.222954177856445312e+01
2.996999931335449219e+01 6.300000190734863281e+00 9.307245254516601562e+00
2.779999923706054688e+01 1.380000019073486328e+01 5.911161422729492188e+00
3.920000076293945312e+00 4.670000076293945312e+01 4.758601379394531250e+01
5.989999771118164062e+00 2.450000000000000000e+01 2.206375885009765625e+01
1.410000038146972656e+01 2.150000000000000000e+01 2.026623535156250000e+01
1.536999988555908203e+01 2.039999961853027344e+01 1.128098678588867188e+01
2.273999977111816406e+01 8.399999618530273438e+00 1.106458854675292969e+01
3.329999923706054688e+00 2.850000000000000000e+01 4.294768905639648438e+01
3.109999895095825195e+00 4.229999923706054688e+01 4.400038528442382812e+01
6.150000095367431641e+00 2.300000000000000000e+01 2.217509841918945312e+01
1.010999965667724609e+01 2.320000076293945312e+01 2.456976890563964844e+01
8.050000190734863281e+00 1.820000076293945312e+01 1.178924560546875000e+01
1.760000038146972656e+01 2.310000038146972656e+01 1.409367275238037109e+01
5.250000000000000000e+00 3.170000076293945312e+01 2.814602851867675781e+01
5.980000019073486328e+00 2.289999961853027344e+01 2.210059547424316406e+01
2.085000038146972656e+01 1.150000000000000000e+01 7.248361110687255859e+00
1.410000038146972656e+01 2.079999923706054688e+01 2.026623535156250000e+01
1.464999961853027344e+01 1.770000076293945312e+01 2.403082466125488281e+01
4.539999961853027344e+00 2.279999923706054688e+01 2.965621185302734375e+01
5.210000038146972656e+00 2.870000076293945312e+01 2.837295913696289062e+01
1.727000045776367188e+01 2.170000076293945312e+01 1.536685466766357422e+01
2.869999885559082031e+00 3.640000152587890625e+01 2.958164405822753906e+01
8.939999580383300781e+00 2.139999961853027344e+01 2.149010658264160156e+01
7.510000228881835938e+00 2.289999961853027344e+01 3.393885803222656250e+01
3.697999954223632812e+01 7.000000000000000000e+00 7.871658308431506157e-04
1.576000022888183594e+01 1.829999923706054688e+01 9.099580764770507812e+00
3.730000019073486328e+00 5.000000000000000000e+01 4.466702651977539062e+01
1.260000038146972656e+01 1.920000076293945312e+01 2.073505210876464844e+01
8.229999542236328125e+00 2.200000000000000000e+01 1.247724628448486328e+01
1.264000034332275391e+01 1.610000038146972656e+01 2.176738929748535156e+01
7.900000095367431641e+00 2.160000038146972656e+01 1.185587978363037109e+01
1.227000045776367188e+01 1.979999923706054688e+01 2.108366775512695312e+01
2.379000091552734375e+01 1.080000019073486328e+01 1.222610759735107422e+01
1.930999946594238281e+01 1.300000000000000000e+01 1.117528533935546875e+01
1.715999984741210938e+01 1.169999980926513672e+01 1.829168319702148438e+01
9.529999732971191406e+00 5.000000000000000000e+01 2.497535324096679688e+01
5.030000209808349609e+00 3.110000038146972656e+01 3.063813209533691406e+01
3.440999984741210938e+01 1.439999961853027344e+01 3.515969589352607727e-02
1.014999961853027344e+01 2.050000000000000000e+01 2.331319808959960938e+01
1.502000045776367188e+01 1.670000076293945312e+01 1.786818885803222656e+01
2.663999938964843750e+01 1.039999961853027344e+01 5.492796897888183594e+00
1.327999973297119141e+01 1.960000038146972656e+01 2.147929954528808594e+01
6.570000171661376953e+00 2.189999961853027344e+01 2.860909080505371094e+01
1.110000038146972656e+01 2.379999923706054688e+01 2.218634033203125000e+01
5.889999866485595703e+00 2.660000038146972656e+01 2.360620689392089844e+01
8.050000190734863281e+00 2.900000000000000000e+01 1.178924560546875000e+01
5.119999885559082031e+00 5.000000000000000000e+01 2.924767303466796875e+01
2.993000030517578125e+01 1.650000000000000000e+01 9.599243164062500000e+00
