2.968000030517578125e+01 8.100000381469726562e+00 6.821781396865844727e-01
5.900000095367431641e+00 2.439999961853027344e+01 4.669359207153320312e+01
1.310999965667724609e+01 2.139999961853027344e+01 1.525476264953613281e+01
3.759999990463256836e+00 4.540000152587890625e+01 4.513204193115234375e+01
6.730000019073486328e+00 2.220000076293945312e+01 2.390171813964843750e+01
1.793000030517578125e+01 2.050000000000000000e+01 1.357589054107666016e+01
1.213000011444091797e+01 2.789999961853027344e+01 1.501226043701171875e+01
1.635000038146972656e+01 1.269999980926513672e+01 1.614162254333496094e+01
1.409000015258789062e+01 2.039999961853027344e+01 2.051708984375000000e+01
1.044999980926513672e+01 1.850000000000000000e+01 1.986318397521972656e+01
3.436999893188476562e+01 1.789999961853027344e+01 3.471478819847106934e-02
5.679999828338623047e+00 3.250000000000000000e+01 2.220476150512695312e+01
1.239999961853027344e+01 2.010000038146972656e+01 1.528057193756103516e+01
1.131999969482421875e+01 2.229999923706054688e+01 2.132246208190917969e+01
1.410000038146972656e+01 1.829999923706054688e+01 2.076775169372558594e+01
2.062000083923339844e+01 8.800000190734863281e+00 7.072044849395751953e+00
1.035999965667724609e+01 2.310000038146972656e+01 2.096354675292968750e+01
4.210000038146972656e+00 3.870000076293945312e+01 3.207617568969726562e+01
1.845999908447265625e+01 1.850000000000000000e+01 1.777620887756347656e+01
1.621999931335449219e+01 1.430000019073486328e+01 1.388278388977050781e+01
1.173999977111816406e+01 1.850000000000000000e+01 2.517429733276367188e+01
1.760000038146972656e+01 1.779999923706054688e+01 1.153961944580078125e+01
6.360000133514404297e+00 3.160000038146972656e+01 2.339078903198242188e+01
1.629999923706054688e+01 1.560000038146972656e+01 1.512109565734863281e+01
2.131999969482421875e+01 1.910000038146972656e+01 1.328907489776611328e+01
7.340000152587890625e+00 2.260000038146972656e+01 3.284879302978515625e+01
2.030999946594238281e+01 1.210000038146972656e+01 4.044104099273681641e+00
5.079999923706054688e+00 2.460000038146972656e+01 3.467447280883789062e+01
1.467000007629394531e+01 1.750000000000000000e+01 1.733558082580566406e+01
1.435999965667724609e+01 2.320000076293945312e+01 2.172449302673339844e+01
1.309000015258789062e+01 1.739999961853027344e+01 1.500193977355957031e+01
8.930000305175781250e+00 2.839999961853027344e+01 2.038604545593261719e+01
3.950000047683715820e+00 4.829999923706054688e+01 3.574529266357421875e+01
2.540999984741210938e+01 1.729999923706054688e+01 6.709945797920227051e-01
3.259999990463256836e+00 5.000000000000000000e+01 4.508569717407226562e+01
3.529999971389770508e+00 2.960000038146972656e+01 2.949121284484863281e+01
1.834000015258789062e+01 1.430000019073486328e+01 1.546234703063964844e+01
6.469999790191650391e+00 3.340000152587890625e+01 2.206038093566894531e+01
1.879999923706054688e+01 1.660000038146972656e+01 2.101231765747070312e+01
1.584000015258789062e+01 2.029999923706054688e+01 1.252683353424072266e+01
1.806999969482421875e+01 1.360000038146972656e+01 1.364662075042724609e+01
2.287999916076660156e+01 1.280000019073486328e+01 1.265206050872802734e+01
1.812999916076660156e+01 1.410000038146972656e+01 1.409022045135498047e+01
1.901000022888183594e+01 1.269999980926513672e+01 1.320858287811279297e+01
7.139999866485595703e+00 2.320000076293945312e+01 3.414004516601562500e+01
1.414999961853027344e+01 2.000000000000000000e+01 2.040693092346191406e+01
3.529999971389770508e+00 3.240000152587890625e+01 2.949121284484863281e+01
7.219999790191650391e+00 2.389999961853027344e+01 3.966492462158203125e+01
1.197999954223632812e+01 2.100000000000000000e+01 1.725757980346679688e+01
2.993000030517578125e+01 1.650000000000000000e+01 1.171764850616455078e+00
