2.102000045776367188e+01 1.360000038146972656e+01 3.467668294906616211e+00
4.559999942779541016e+00 2.979999923706054688e+01 2.842803764343261719e+01
1.464999961853027344e+01 1.770000076293945312e+01 1.727055358886718750e+01
2.737999916076660156e+01 8.500000000000000000e+00 9.213459968566894531e+00
2.407999992370605469e+01 9.500000000000000000e+00 1.511885833740234375e+01
2.639999961853027344e+01 1.720000076293945312e+01 7.128057003021240234e+00
1.201000022888183594e+01 2.179999923706054688e+01 1.540770053863525391e+01
1.517000007629394531e+01 1.380000019073486328e+01 1.172005748748779297e+01
2.568000030517578125e+01 9.699999809265136719e+00 4.618315219879150391e+00
3.160000085830688477e+00 4.350000000000000000e+01 4.995123672485351562e+01
1.812999916076660156e+01 1.410000038146972656e+01 1.892401885986328125e+01
9.159999847412109375e+00 2.429999923706054688e+01 2.138907814025878906e+01
1.987999916076660156e+01 1.450000000000000000e+01 7.152204513549804688e+00
6.530000209808349609e+00 2.660000038146972656e+01 2.585231971740722656e+01
1.464000034332275391e+01 1.679999923706054688e+01 1.715810012817382812e+01
5.639999866485595703e+00 2.389999961853027344e+01 2.741389465332031250e+01
7.010000228881835938e+00 2.500000000000000000e+01 2.207571411132812500e+01
3.130000114440917969e+00 3.759999847412109375e+01 4.753688049316406250e+01
2.131999969482421875e+01 1.910000038146972656e+01 8.863313674926757812e+00
1.539000034332275391e+01 1.800000000000000000e+01 1.195106315612792969e+01
1.013000011444091797e+01 2.470000076293945312e+01 1.983502388000488281e+01
4.590000152587890625e+00 4.129999923706054688e+01 3.709413909912109375e+01
1.481000041961669922e+01 2.139999961853027344e+01 1.684776878356933594e+01
1.010999965667724609e+01 2.320000076293945312e+01 1.925403022766113281e+01
1.173999977111816406e+01 1.850000000000000000e+01 1.740087699890136719e+01
1.714999961853027344e+01 1.900000000000000000e+01 1.427701854705810547e+01
5.079999923706054688e+00 2.460000038146972656e+01 2.085762405395507812e+01
2.953000068664550781e+01 1.460000038146972656e+01 9.017953276634216309e-01
4.159999847412109375e+00 3.309999847412109375e+01 4.196434402465820312e+01
1.465999984741210938e+01 2.439999961853027344e+01 1.741733551025390625e+01
9.420000076293945312e+00 2.750000000000000000e+01 2.195901298522949219e+01
1.413000011444091797e+01 1.989999961853027344e+01 2.046930503845214844e+01
1.063000011444091797e+01 1.860000038146972656e+01 1.878630256652832031e+01
1.234000015258789062e+01 2.120000076293945312e+01 1.913953590393066406e+01
1.806999969482421875e+01 1.360000038146972656e+01 2.174957847595214844e+01
1.310999965667724609e+01 2.139999961853027344e+01 1.458036804199218750e+01
1.097000026702880859e+01 2.439999961853027344e+01 1.805506896972656250e+01
1.980000019073486328e+00 3.490000152587890625e+01 4.784104824066162109e+00
9.520000457763671875e+00 2.450000000000000000e+01 3.691156005859375000e+01
1.127999973297119141e+01 1.820000076293945312e+01 2.106698226928710938e+01
1.804999923706054688e+01 9.600000381469726562e+00 1.978421974182128906e+01
2.970000028610229492e+00 5.000000000000000000e+01 4.895612335205078125e+01
5.099999904632568359e+00 3.700000000000000000e+01 2.143323898315429688e+01
3.730000019073486328e+00 5.000000000000000000e+01 4.723376846313476562e+01
8.050000190734863281e+00 3.300000000000000000e+01 1.823294258117675781e+01
8.430000305175781250e+00 2.339999961853027344e+01 1.856222343444824219e+01
2.770999908447265625e+01 1.319999980926513672e+01 2.148098468780517578e+00
2.410000038146972656e+01 1.330000019073486328e+01 1.466515159606933594e+01
6.150000095367431641e+00 2.300000000000000000e+01 1.683322143554687500e+01
9.220000267028808594e+00 1.960000038146972656e+01 2.182005119323730469e+01
