2.470000028610229492e+00 4.170000076293945312e+01 1.749122262001037598e+00
5.039999961853027344e+00 3.720000076293945312e+01 2.935283851623535156e+01
1.168999958038330078e+01 2.020000076293945312e+01 2.376474761962890625e+01
1.397999954223632812e+01 2.639999961853027344e+01 1.860641288757324219e+01
1.097000026702880859e+01 2.439999961853027344e+01 1.646160697937011719e+01
5.980000019073486328e+00 2.210000038146972656e+01 2.295699882507324219e+01
2.663999938964843750e+01 1.039999961853027344e+01 3.343209505081176758e+00
7.670000076293945312e+00 2.650000000000000000e+01 2.052829551696777344e+01
9.739999771118164062e+00 1.900000000000000000e+01 2.287823104858398438e+01
1.027000045776367188e+01 2.079999923706054688e+01 1.872870826721191406e+01
3.059000015258789062e+01 5.000000000000000000e+00 7.859670639038085938e+00
9.520000457763671875e+00 2.450000000000000000e+01 4.053071975708007812e+01
8.260000228881835938e+00 2.039999961853027344e+01 1.890538597106933594e+01
1.343999958038330078e+01 1.500000000000000000e+01 1.929734611511230469e+01
1.476000022888183594e+01 2.010000038146972656e+01 1.776549911499023438e+01
1.443000030517578125e+01 1.739999961853027344e+01 1.646349906921386719e+01
1.035999965667724609e+01 2.310000038146972656e+01 1.903135490417480469e+01
5.210000038146972656e+00 2.870000076293945312e+01 2.560716629028320312e+01
9.380000114440917969e+00 2.810000038146972656e+01 2.197097396850585938e+01
1.226000022888183594e+01 1.960000038146972656e+01 1.926425933837890625e+01
1.744000053405761719e+01 1.339999961853027344e+01 9.846716880798339844e+00
1.711000061035156250e+01 1.510000038146972656e+01 1.592788982391357422e+01
1.478999996185302734e+01 3.070000076293945312e+01 1.841127967834472656e+01
5.389999866485595703e+00 3.490000152587890625e+01 2.548852920532226562e+01
1.517000007629394531e+01 1.380000019073486328e+01 1.170690822601318359e+01
4.980000019073486328e+00 2.400000000000000000e+01 2.348728179931640625e+01
3.109999895095825195e+00 4.229999923706054688e+01 3.632420730590820312e+01
7.219999790191650391e+00 2.389999961853027344e+01 2.937631034851074219e+01
1.502000045776367188e+01 1.560000038146972656e+01 1.672854995727539062e+01
9.279999732971191406e+00 2.379999923706054688e+01 1.903253936767578125e+01
1.467000007629394531e+01 1.750000000000000000e+01 2.297766685485839844e+01
2.968000030517578125e+01 8.100000381469726562e+00 9.444931030273437500e+00
1.202999973297119141e+01 1.610000038146972656e+01 1.910353469848632812e+01
7.789999961853027344e+00 1.860000038146972656e+01 3.047250556945800781e+01
7.139999866485595703e+00 2.320000076293945312e+01 2.555038833618164062e+01
1.673999977111816406e+01 1.779999923706054688e+01 1.039929008483886719e+01
3.920000076293945312e+00 4.670000076293945312e+01 3.718816375732421875e+01
1.468999958038330078e+01 2.310000038146972656e+01 2.083332824707031250e+01
1.203999996185302734e+01 2.120000076293945312e+01 1.821197319030761719e+01
1.285999965667724609e+01 2.250000000000000000e+01 1.902334785461425781e+01
1.901000022888183594e+01 1.269999980926513672e+01 1.131099224090576172e+01
2.145999908447265625e+01 2.170000076293945312e+01 1.445629119873046875e+01
7.440000057220458984e+00 2.470000076293945312e+01 4.962630081176757812e+01
1.805999946594238281e+01 2.250000000000000000e+01 1.499304199218750000e+01
1.760000038146972656e+01 2.310000038146972656e+01 1.779305839538574219e+01
5.289999961853027344e+00 2.800000000000000000e+01 2.199243545532226562e+01
7.530000209808349609e+00 2.820000076293945312e+01 2.312738990783691406e+01
1.714999961853027344e+01 1.900000000000000000e+01 1.194841194152832031e+01
9.510000228881835938e+00 2.479999923706054688e+01 3.194865417480468750e+01
3.109999895095825195e+00 4.400000000000000000e+01 3.632420730590820312e+01
