3.797000122070312500e+01 1.380000019073486328e+01 1.116812509138753740e-08
9.279999732971191406e+00 2.379999923706054688e+01 1.856808471679687500e+01
2.642000007629394531e+01 1.560000038146972656e+01 1.113006398081779480e-01
1.467000007629394531e+01 1.750000000000000000e+01 1.888949203491210938e+01
1.027000045776367188e+01 2.079999923706054688e+01 1.982195663452148438e+01
1.202999973297119141e+01 1.910000038146972656e+01 2.076728248596191406e+01
1.127999973297119141e+01 1.820000076293945312e+01 2.819216537475585938e+01
2.960000038146972656e+00 5.000000000000000000e+01 3.521144866943359375e+01
1.211999988555908203e+01 1.530000019073486328e+01 2.701892089843750000e+01
8.880000114440917969e+00 5.000000000000000000e+01 2.538935661315917969e+01
1.871999931335449219e+01 1.519999980926513672e+01 1.319699382781982422e+01
2.007999992370605469e+01 1.629999923706054688e+01 6.363629341125488281e+00
8.609999656677246094e+00 3.029999923706054688e+01 2.332914733886718750e+01
1.044999980926513672e+01 1.850000000000000000e+01 2.279640769958496094e+01
1.042000007629394531e+01 2.179999923706054688e+01 2.177576637268066406e+01
1.793000030517578125e+01 2.050000000000000000e+01 2.044873428344726562e+01
1.937000083923339844e+01 1.250000000000000000e+01 1.335542678833007812e+01
8.100000381469726562e+00 3.650000000000000000e+01 2.200815963745117188e+01
1.202999973297119141e+01 1.610000038146972656e+01 2.076728248596191406e+01
1.131999969482421875e+01 2.229999923706054688e+01 2.497574043273925781e+01
4.630000114440917969e+00 5.000000000000000000e+01 2.847830200195312500e+01
2.030999946594238281e+01 1.210000038146972656e+01 7.067880153656005859e+00
3.529999971389770508e+00 2.960000038146972656e+01 4.254405593872070312e+01
1.026000022888183594e+01 1.820000076293945312e+01 1.967174720764160156e+01
1.286999988555908203e+01 1.960000038146972656e+01 1.958911514282226562e+01
9.640000343322753906e+00 2.260000038146972656e+01 2.016418838500976562e+01
7.880000114440917969e+00 1.189999961853027344e+01 2.195606994628906250e+01
1.014999961853027344e+01 2.050000000000000000e+01 2.339942741394042969e+01
2.397999954223632812e+01 1.180000019073486328e+01 1.897214508056640625e+01
1.502999973297119141e+01 1.839999961853027344e+01 1.521183300018310547e+01
4.980000019073486328e+00 2.400000000000000000e+01 3.424667739868164062e+01
3.950000047683715820e+00 3.160000038146972656e+01 3.692015075683593750e+01
2.904999923706054688e+01 7.199999809265136719e+00 5.097586154937744141e+00
3.160000085830688477e+00 4.350000000000000000e+01 4.342355728149414062e+01
2.953000068664550781e+01 1.460000038146972656e+01 7.986381053924560547e+00
7.539999961853027344e+00 2.339999961853027344e+01 2.904434394836425781e+01
1.730999946594238281e+01 1.560000038146972656e+01 1.463404464721679688e+01
2.663999938964843750e+01 1.039999961853027344e+01 2.188902497291564941e-01
2.045000076293945312e+01 1.500000000000000000e+01 6.043761253356933594e+00
2.260000038146972656e+01 1.269999980926513672e+01 1.768159747123718262e+00
1.502000045776367188e+01 1.670000076293945312e+01 1.559731101989746094e+01
1.835000038146972656e+01 1.310000038146972656e+01 1.447291469573974609e+01
2.579000091552734375e+01 7.500000000000000000e+00 1.568898558616638184e-01
1.719000053405761719e+01 1.620000076293945312e+01 1.766794586181640625e+01
3.080999946594238281e+01 7.199999809265136719e+00 1.438955020904541016e+01
1.879999923706054688e+01 1.660000038146972656e+01 1.418607234954833984e+01
6.719999790191650391e+00 2.420000076293945312e+01 2.480605316162109375e+01
1.398999977111816406e+01 1.950000000000000000e+01 2.154966545104980469e+01
4.559999942779541016e+00 3.490000152587890625e+01 2.982643890380859375e+01
1.436999988555908203e+01 2.200000000000000000e+01 2.228508377075195312e+01
