2.121999931335449219e+01 1.720000076293945312e+01 1.224529552459716797e+01
7.559999942779541016e+00 3.979999923706054688e+01 2.814865493774414062e+01
5.329999923706054688e+00 2.939999961853027344e+01 3.612609863281250000e+01
8.100000381469726562e+00 2.200000000000000000e+01 3.638838577270507812e+01
1.728000068664550781e+01 1.480000019073486328e+01 1.792925262451171875e+01
8.050000190734863281e+00 3.300000000000000000e+01 2.361795425415039062e+01
6.730000019073486328e+00 2.220000076293945312e+01 2.312837791442871094e+01
1.593999958038330078e+01 1.979999923706054688e+01 1.236811065673828125e+01
1.613999938964843750e+01 1.310000038146972656e+01 1.412625122070312500e+01
8.770000457763671875e+00 2.100000000000000000e+01 2.076234054565429688e+01
1.344999980926513672e+01 1.970000076293945312e+01 1.775565528869628906e+01
1.172000026702880859e+01 1.939999961853027344e+01 2.064803886413574219e+01
8.880000114440917969e+00 5.000000000000000000e+01 2.323633193969726562e+01
1.398999977111816406e+01 1.950000000000000000e+01 2.406960868835449219e+01
1.709000015258789062e+01 1.870000076293945312e+01 1.822548866271972656e+01
5.489999771118164062e+00 2.410000038146972656e+01 3.261913299560546875e+01
8.939999580383300781e+00 2.139999961853027344e+01 2.731338310241699219e+01
8.430000305175781250e+00 2.339999961853027344e+01 2.128775215148925781e+01
8.810000419616699219e+00 2.260000038146972656e+01 2.070921325683593750e+01
1.779000091552734375e+01 1.489999961853027344e+01 1.432840633392333984e+01
1.127999973297119141e+01 1.820000076293945312e+01 2.646868133544921875e+01
3.950000047683715820e+00 4.829999923706054688e+01 3.166456794738769531e+01
4.449999809265136719e+00 3.290000152587890625e+01 4.983524703979492188e+01
7.369999885559082031e+00 2.329999923706054688e+01 2.270044517517089844e+01
1.285999965667724609e+01 2.250000000000000000e+01 1.916302299499511719e+01
2.831999969482421875e+01 1.779999923706054688e+01 7.952541828155517578e+00
4.159999847412109375e+00 3.309999847412109375e+01 4.201343536376953125e+01
9.420000076293945312e+00 2.750000000000000000e+01 2.192357635498046875e+01
3.109999895095825195e+00 4.229999923706054688e+01 4.391145324707031250e+01
3.529999971389770508e+00 3.240000152587890625e+01 2.964736175537109375e+01
2.455999946594238281e+01 1.230000019073486328e+01 2.560110092163085938e+00
1.694000053405761719e+01 1.350000000000000000e+01 1.751676750183105469e+01
6.360000133514404297e+00 2.310000038146972656e+01 2.184497833251953125e+01
9.550000190734863281e+00 2.120000076293945312e+01 2.764412498474121094e+01
1.144999980926513672e+01 2.060000038146972656e+01 2.090309143066406250e+01
2.540999984741210938e+01 1.729999923706054688e+01 5.487911701202392578e-01
1.432999992370605469e+01 1.679999923706054688e+01 2.129877281188964844e+01
6.360000133514404297e+00 2.370000076293945312e+01 2.184497833251953125e+01
1.010999965667724609e+01 1.500000000000000000e+01 2.319481849670410156e+01
5.030000209808349609e+00 3.110000038146972656e+01 3.463864517211914062e+01
2.396999931335449219e+01 7.000000000000000000e+00 1.469909858703613281e+01
1.629999923706054688e+01 1.560000038146972656e+01 1.846106719970703125e+01
1.478999996185302734e+01 3.070000076293945312e+01 1.909507751464843750e+01
7.440000057220458984e+00 5.000000000000000000e+01 2.467353248596191406e+01
2.113999938964843750e+01 1.970000076293945312e+01 1.027214431762695312e+01
3.259999990463256836e+00 5.000000000000000000e+01 4.230732345581054688e+01
4.840000152587890625e+00 2.660000038146972656e+01 3.583570098876953125e+01
1.969000053405761719e+01 1.410000038146972656e+01 8.329248428344726562e+00
2.677000045776367188e+01 5.599999904632568359e+00 1.090206432342529297e+01
1.410000038146972656e+01 2.150000000000000000e+01 1.955706787109375000e+01
