2.034000015258789062e+01 1.350000000000000000e+01 6.101409435272216797e+00
8.810000419616699219e+00 2.260000038146972656e+01 2.565665817260742188e+01
2.062000083923339844e+01 8.800000190734863281e+00 1.965485453605651855e+00
1.280000019073486328e+01 1.839999961853027344e+01 2.170774078369140625e+01
9.810000419616699219e+00 2.500000000000000000e+01 1.922490692138671875e+01
6.750000000000000000e+00 2.070000076293945312e+01 2.063616180419921875e+01
1.293000030517578125e+01 2.010000038146972656e+01 1.744364738464355469e+01
1.481000041961669922e+01 2.139999961853027344e+01 1.661747932434082031e+01
2.260000038146972656e+01 1.269999980926513672e+01 2.532426834106445312e+00
2.379000091552734375e+01 1.080000019073486328e+01 6.378374099731445312e+00
9.250000000000000000e+00 2.089999961853027344e+01 2.089404678344726562e+01
1.452000045776367188e+01 1.089999961853027344e+01 1.348201942443847656e+01
9.930000305175781250e+00 2.750000000000000000e+01 1.908904266357421875e+01
1.651000022888183594e+01 1.389999961853027344e+01 1.693444252014160156e+01
6.579999923706054688e+00 2.310000038146972656e+01 3.501903533935546875e+01
1.715999984741210938e+01 1.169999980926513672e+01 1.804868698120117188e+01
3.440999984741210938e+01 1.439999961853027344e+01 8.166521191596984863e-01
5.210000038146972656e+00 2.870000076293945312e+01 2.553522300720214844e+01
1.673999977111816406e+01 1.779999923706054688e+01 1.004102993011474609e+01
1.760000038146972656e+01 2.310000038146972656e+01 1.682323646545410156e+01
1.760000038146972656e+01 1.779999923706054688e+01 1.682323646545410156e+01
2.309000015258789062e+01 2.000000000000000000e+01 4.931002616882324219e+00
1.812999916076660156e+01 1.410000038146972656e+01 1.657125663757324219e+01
2.996999931335449219e+01 6.300000190734863281e+00 1.153556251525878906e+01
7.789999961853027344e+00 2.500000000000000000e+01 2.727331161499023438e+01
1.382999992370605469e+01 1.960000038146972656e+01 1.052923870086669922e+01
2.045000076293945312e+01 1.500000000000000000e+01 2.568040847778320312e+00
5.809999942779541016e+00 2.529999923706054688e+01 2.244207763671875000e+01
1.629000091552734375e+01 1.989999961853027344e+01 1.512993907928466797e+01
2.123999977111816406e+01 1.330000019073486328e+01 1.598783111572265625e+01
6.780000209808349609e+00 2.410000038146972656e+01 1.947216033935546875e+01
1.292000007629394531e+01 2.120000076293945312e+01 1.745450592041015625e+01
6.679999828338623047e+00 3.200000000000000000e+01 2.551870346069335938e+01
7.440000057220458984e+00 2.470000076293945312e+01 4.990089416503906250e+01
2.831999969482421875e+01 1.779999923706054688e+01 7.339408397674560547e+00
5.329999923706054688e+00 3.620000076293945312e+01 2.629773521423339844e+01
1.052999973297119141e+01 1.750000000000000000e+01 2.002430534362792969e+01
1.871999931335449219e+01 1.519999980926513672e+01 1.627441978454589844e+01
1.267000007629394531e+01 2.260000038146972656e+01 1.650703048706054688e+01
1.620000076293945312e+01 1.939999961853027344e+01 1.753378105163574219e+01
7.340000152587890625e+00 2.260000038146972656e+01 2.592621803283691406e+01
7.179999828338623047e+00 2.389999961853027344e+01 2.734786987304687500e+01
5.329999923706054688e+00 2.939999961853027344e+01 2.629773521423339844e+01
4.139999866485595703e+00 4.479999923706054688e+01 3.163223838806152344e+01
2.929000091552734375e+01 1.180000019073486328e+01 2.534024477005004883e+00
1.164999961853027344e+01 2.429999923706054688e+01 2.610732269287109375e+01
1.197000026702880859e+01 2.000000000000000000e+01 1.953204727172851562e+01
8.470000267028808594e+00 1.989999961853027344e+01 2.053705787658691406e+01
1.267000007629394531e+01 1.720000076293945312e+01 1.650703048706054688e+01
3.436999893188476562e+01 1.789999961853027344e+01 7.606183290481567383e-01
