1.805999946594238281e+01 1.519999980926513672e+01 1.453618907928466797e+01
8.199999809265136719e+00 2.200000000000000000e+01 1.967947959899902344e+01
4.980000019073486328e+00 2.400000000000000000e+01 2.538353538513183594e+01
7.789999961853027344e+00 2.500000000000000000e+01 2.239199829101562500e+01
6.619999885559082031e+00 3.459999847412109375e+01 2.379917144775390625e+01
1.327000045776367188e+01 1.889999961853027344e+01 2.159328651428222656e+01
2.869999885559082031e+00 3.640000152587890625e+01 4.983050918579101562e+01
1.150000000000000000e+01 1.620000076293945312e+01 2.263143157958984375e+01
1.845999908447265625e+01 1.779999923706054688e+01 1.469632053375244141e+01
1.144999980926513672e+01 2.060000038146972656e+01 2.249292373657226562e+01
9.810000419616699219e+00 2.500000000000000000e+01 2.253258895874023438e+01
7.539999961853027344e+00 2.339999961853027344e+01 2.472023582458496094e+01
3.700000047683715820e+00 5.000000000000000000e+01 3.865613937377929688e+01
9.529999732971191406e+00 5.000000000000000000e+01 2.466356849670410156e+01
1.443999958038330078e+01 1.600000000000000000e+01 2.008277702331542969e+01
1.409000015258789062e+01 2.039999961853027344e+01 2.201936721801757812e+01
2.123999977111816406e+01 1.330000019073486328e+01 1.379068660736083984e+01
1.712000083923339844e+01 1.310000038146972656e+01 1.567059135437011719e+01
1.260000038146972656e+01 1.920000076293945312e+01 1.754447174072265625e+01
5.289999961853027344e+00 2.800000000000000000e+01 2.606553649902343750e+01
2.397999954223632812e+01 1.929999923706054688e+01 1.361451816558837891e+01
2.329000091552734375e+01 1.339999961853027344e+01 1.373406219482421875e+01
1.568999958038330078e+01 1.019999980926513672e+01 2.148802947998046875e+01
2.360000038146972656e+01 1.130000019073486328e+01 1.339299297332763672e+01
2.996999931335449219e+01 6.300000190734863281e+00 7.589644908905029297e+00
1.134000015258789062e+01 2.139999961853027344e+01 2.192703628540039062e+01
4.820000171661376953e+00 3.790000152587890625e+01 2.675948715209960938e+01
1.413000011444091797e+01 1.989999961853027344e+01 2.147385597229003906e+01
6.869999885559082031e+00 2.310000038146972656e+01 2.528557968139648438e+01
1.110000038146972656e+01 2.379999923706054688e+01 2.102445030212402344e+01
9.380000114440917969e+00 2.810000038146972656e+01 2.437257194519042969e+01
1.646999931335449219e+01 1.950000000000000000e+01 1.274596500396728516e+01
7.699999809265136719e+00 2.039999961853027344e+01 2.316903305053710938e+01
4.610000133514404297e+00 3.120000076293945312e+01 2.998029518127441406e+01
2.407999992370605469e+01 9.500000000000000000e+00 1.379081726074218750e+01
1.727000045776367188e+01 2.170000076293945312e+01 1.530400180816650391e+01
1.757999992370605469e+01 1.879999923706054688e+01 2.099870300292968750e+01
4.210000038146972656e+00 3.870000076293945312e+01 4.014234161376953125e+01
9.220000267028808594e+00 1.960000038146972656e+01 2.382407569885253906e+01
4.449999809265136719e+00 5.000000000000000000e+01 3.380433654785156250e+01
3.062999916076660156e+01 8.800000190734863281e+00 4.891847610473632812e+00
7.530000209808349609e+00 2.820000076293945312e+01 2.482463645935058594e+01
2.960000038146972656e+00 5.000000000000000000e+01 4.966375732421875000e+01
4.380000114440917969e+00 2.910000038146972656e+01 3.557417297363281250e+01
8.770000457763671875e+00 2.100000000000000000e+01 2.346225547790527344e+01
1.569999980926513672e+01 1.419999980926513672e+01 2.154558753967285156e+01
1.480000019073486328e+01 1.889999961853027344e+01 1.934820175170898438e+01
1.865999984741210938e+01 1.950000000000000000e+01 1.509585952758789062e+01
4.320000171661376953e+00 3.079999923706054688e+01 3.714136886596679688e+01
1.806999969482421875e+01 1.360000038146972656e+01 1.453007030487060547e+01
