2.145000076293945312e+01 1.539999961853027344e+01 1.123010063171386719e+01
6.050000190734863281e+00 3.320000076293945312e+01 2.116514587402343750e+01
1.111999988555908203e+01 2.300000000000000000e+01 1.634346580505371094e+01
2.880000114440917969e+00 5.000000000000000000e+01 3.562534332275390625e+01
7.849999904632568359e+00 3.220000076293945312e+01 1.876906585693359375e+01
3.759999990463256836e+00 4.540000152587890625e+01 4.833693695068359375e+01
6.579999923706054688e+00 3.520000076293945312e+01 2.613954162597656250e+01
2.415999984741210938e+01 1.400000000000000000e+01 2.686485052108764648e+00
2.455999946594238281e+01 1.230000019073486328e+01 2.092182874679565430e+00
7.119999885559082031e+00 2.750000000000000000e+01 2.247528457641601562e+01
1.351000022888183594e+01 2.329999923706054688e+01 1.513796901702880859e+01
4.030000209808349609e+00 3.470000076293945312e+01 3.685800933837890625e+01
4.840000152587890625e+00 2.660000038146972656e+01 3.523731231689453125e+01
1.571000003814697266e+01 2.170000076293945312e+01 1.661555099487304688e+01
7.369999885559082031e+00 2.329999923706054688e+01 2.220898818969726562e+01
1.536999988555908203e+01 2.039999961853027344e+01 1.673713684082031250e+01
5.329999923706054688e+00 3.620000076293945312e+01 2.939564323425292969e+01
6.190000057220458984e+00 3.320000076293945312e+01 2.225164985656738281e+01
4.699999809265136719e+00 2.789999961853027344e+01 3.970227432250976562e+01
1.418999958038330078e+01 1.989999961853027344e+01 1.873748779296875000e+01
1.052999973297119141e+01 1.750000000000000000e+01 1.903182792663574219e+01
1.035999965667724609e+01 2.310000038146972656e+01 1.753486442565917969e+01
1.763999938964843750e+01 1.450000000000000000e+01 8.246050834655761719e+00
4.849999904632568359e+00 3.509999847412109375e+01 3.412747192382812500e+01
1.452000045776367188e+01 1.089999961853027344e+01 1.446499252319335938e+01
1.642000007629394531e+01 1.639999961853027344e+01 1.687229537963867188e+01
2.369000053405761719e+01 1.310000038146972656e+01 2.697272300720214844e+00
1.969000053405761719e+01 1.410000038146972656e+01 9.090961456298828125e+00
7.530000209808349609e+00 2.820000076293945312e+01 3.112126731872558594e+01
1.097000026702880859e+01 2.439999961853027344e+01 1.645577621459960938e+01
7.559999942779541016e+00 3.979999923706054688e+01 2.688718986511230469e+01
3.259999990463256836e+00 5.000000000000000000e+01 4.478652191162109375e+01
1.568999958038330078e+01 1.019999980926513672e+01 1.628789329528808594e+01
1.980000019073486328e+00 3.490000152587890625e+01 2.960622072219848633e+00
1.327000045776367188e+01 1.889999961853027344e+01 2.168302536010742188e+01
2.904999923706054688e+01 7.199999809265136719e+00 3.545961141586303711e+00
1.468999958038330078e+01 2.310000038146972656e+01 2.229999351501464844e+01
4.320000171661376953e+00 3.079999923706054688e+01 2.950399780273437500e+01
1.620000076293945312e+01 1.939999961853027344e+01 1.340219020843505859e+01
9.470000267028808594e+00 2.500000000000000000e+01 2.274333381652832031e+01
8.100000381469726562e+00 3.650000000000000000e+01 2.203571891784667969e+01
1.480000019073486328e+01 1.889999961853027344e+01 1.910226440429687500e+01
9.590000152587890625e+00 3.379999923706054688e+01 2.225380516052246094e+01
7.340000152587890625e+00 2.260000038146972656e+01 2.184047508239746094e+01
2.737999916076660156e+01 8.500000000000000000e+00 9.655873298645019531e+00
6.480000019073486328e+00 2.200000000000000000e+01 2.368574714660644531e+01
6.070000171661376953e+00 2.479999923706054688e+01 2.060507774353027344e+01
2.121999931335449219e+01 1.720000076293945312e+01 1.160473251342773438e+01
8.430000305175781250e+00 2.339999961853027344e+01 1.697363281250000000e+01
9.739999771118164062e+00 1.900000000000000000e+01 2.353053665161132812e+01
