1.497999954223632812e+01 1.910000038146972656e+01 1.430982017517089844e+01
1.730999946594238281e+01 1.560000038146972656e+01 1.400254249572753906e+01
1.127999973297119141e+01 1.820000076293945312e+01 2.680404663085937500e+01
8.789999961853027344e+00 2.089999961853027344e+01 2.512379074096679688e+01
1.432999992370605469e+01 1.679999923706054688e+01 2.141863822937011719e+01
1.879999923706054688e+01 1.660000038146972656e+01 1.431465148925781250e+01
2.131999969482421875e+01 1.910000038146972656e+01 1.458715724945068359e+01
1.044999980926513672e+01 1.850000000000000000e+01 2.155578422546386719e+01
2.869999885559082031e+00 3.640000152587890625e+01 4.721981048583984375e+01
9.500000000000000000e+00 2.200000000000000000e+01 2.643169593811035156e+01
5.980000019073486328e+00 2.289999961853027344e+01 3.362638473510742188e+01
1.122000026702880859e+01 2.220000076293945312e+01 2.750547981262207031e+01
4.030000209808349609e+00 3.470000076293945312e+01 3.307651901245117188e+01
1.710000038146972656e+01 1.889999961853027344e+01 1.483624267578125000e+01
1.203999996185302734e+01 2.120000076293945312e+01 1.777638626098632812e+01
1.147999954223632812e+01 2.270000076293945312e+01 1.906865119934082031e+01
1.030000019073486328e+01 1.920000076293945312e+01 2.035959053039550781e+01
3.477000045776367188e+01 1.380000019073486328e+01 1.438067317008972168e+00
1.621999931335449219e+01 1.430000019073486328e+01 1.794211769104003906e+01
1.382999992370605469e+01 1.960000038146972656e+01 8.458392143249511719e+00
1.150000000000000000e+01 1.620000076293945312e+01 1.845371627807617188e+01
2.211000061035156250e+01 1.050000000000000000e+01 1.764942884445190430e+00
2.123999977111816406e+01 1.330000019073486328e+01 1.614458274841308594e+01
6.579999923706054688e+00 2.310000038146972656e+01 3.491376876831054688e+01
5.389999866485595703e+00 3.490000152587890625e+01 2.226527976989746094e+01
8.050000190734863281e+00 1.820000076293945312e+01 2.894566535949707031e+01
2.062000083923339844e+01 8.800000190734863281e+00 4.674615859985351562e+00
1.876000022888183594e+01 2.320000076293945312e+01 1.453024673461914062e+01
1.622999954223632812e+01 1.489999961853027344e+01 1.716482162475585938e+01
2.960000038146972656e+00 5.000000000000000000e+01 4.908040237426757812e+01
1.131999969482421875e+01 2.229999923706054688e+01 2.282471847534179688e+01
8.810000419616699219e+00 2.260000038146972656e+01 2.964351272583007812e+01
8.470000267028808594e+00 1.989999961853027344e+01 2.100144767761230469e+01
3.589999914169311523e+00 2.479999923706054688e+01 3.732734680175781250e+01
6.190000057220458984e+00 3.320000076293945312e+01 2.088398933410644531e+01
1.481000041961669922e+01 2.139999961853027344e+01 1.663172531127929688e+01
1.232999992370605469e+01 2.010000038146972656e+01 1.831928253173828125e+01
1.267000007629394531e+01 1.720000076293945312e+01 2.253781890869140625e+01
7.699999809265136719e+00 2.039999961853027344e+01 2.497546005249023438e+01
2.369000053405761719e+01 1.310000038146972656e+01 6.543374061584472656e+00
2.007999992370605469e+01 1.629999923706054688e+01 4.295623302459716797e+00
1.018999958038330078e+01 2.079999923706054688e+01 2.042466926574707031e+01
2.579000091552734375e+01 7.500000000000000000e+00 4.988271713256835938e+00
2.954999923706054688e+01 2.370000076293945312e+01 5.225465774536132812e+00
5.329999923706054688e+00 2.939999961853027344e+01 2.449571990966796875e+01
1.400000000000000000e+01 2.189999961853027344e+01 1.171294116973876953e+01
7.880000114440917969e+00 1.189999961853027344e+01 2.543707466125488281e+01
2.407999992370605469e+01 9.500000000000000000e+00 1.313962936401367188e+01
2.045000076293945312e+01 1.500000000000000000e+01 7.267711639404296875e+00
2.415999984741210938e+01 1.400000000000000000e+01 9.512806892395019531e+00
