8.199999809265136719e+00 2.200000000000000000e+01 2.189403533935546875e+01
1.382999992370605469e+01 1.960000038146972656e+01 1.478415298461914062e+01
5.289999961853027344e+00 2.189999961853027344e+01 2.716903686523437500e+01
3.198999977111816406e+01 7.400000095367431641e+00 2.338877692818641663e-02
1.267000007629394531e+01 2.260000038146972656e+01 1.759148979187011719e+01
2.131999969482421875e+01 1.330000019073486328e+01 1.909797286987304688e+01
1.727000045776367188e+01 2.170000076293945312e+01 1.610035705566406250e+01
1.125000000000000000e+01 3.100000000000000000e+01 2.012124061584472656e+01
7.670000076293945312e+00 2.650000000000000000e+01 3.613410186767578125e+01
5.809999942779541016e+00 2.529999923706054688e+01 2.630737495422363281e+01
1.711000061035156250e+01 1.510000038146972656e+01 1.860705947875976562e+01
2.880000114440917969e+00 5.000000000000000000e+01 4.216361236572265625e+01
1.140999984741210938e+01 2.000000000000000000e+01 2.156790351867675781e+01
6.119999885559082031e+00 2.500000000000000000e+01 2.785762023925781250e+01
6.269999980926513672e+00 2.860000038146972656e+01 2.612400245666503906e+01
8.510000228881835938e+00 2.060000038146972656e+01 2.033966636657714844e+01
1.459000015258789062e+01 1.710000038146972656e+01 1.770869064331054688e+01
2.152000045776367188e+01 1.100000000000000000e+01 1.820081329345703125e+01
1.364999961853027344e+01 2.070000076293945312e+01 1.761066246032714844e+01
4.739999771118164062e+00 2.900000000000000000e+01 2.948467445373535156e+01
2.828000068664550781e+01 1.050000000000000000e+01 1.579071807861328125e+01
9.250000000000000000e+00 2.089999961853027344e+01 2.029294395446777344e+01
1.517000007629394531e+01 1.169999980926513672e+01 1.350807571411132812e+01
2.726000022888183594e+01 1.569999980926513672e+01 8.528464436531066895e-01
1.327999973297119141e+01 1.960000038146972656e+01 2.071954536437988281e+01
2.490999984741210938e+01 1.200000000000000000e+01 7.584311962127685547e+00
1.969000053405761719e+01 1.410000038146972656e+01 5.277147769927978516e+00
2.211000061035156250e+01 1.050000000000000000e+01 4.184431552886962891e+00
1.871999931335449219e+01 1.519999980926513672e+01 2.107339859008789062e+01
1.292000007629394531e+01 2.120000076293945312e+01 1.982469558715820312e+01
3.759999990463256836e+00 3.150000000000000000e+01 4.540261840820312500e+01
1.059000015258789062e+01 2.060000038146972656e+01 1.987093734741210938e+01
4.449999809265136719e+00 3.290000152587890625e+01 2.126086235046386719e+01
4.320000171661376953e+00 3.079999923706054688e+01 2.167962265014648438e+01
5.039999961853027344e+00 3.720000076293945312e+01 2.975234794616699219e+01
1.868000030517578125e+01 1.670000076293945312e+01 1.925314903259277344e+01
2.045000076293945312e+01 1.500000000000000000e+01 5.618624210357666016e+00
1.267000007629394531e+01 1.720000076293945312e+01 1.759148979187011719e+01
5.500000000000000000e+00 2.700000000000000000e+01 2.359924697875976562e+01
1.812999916076660156e+01 1.410000038146972656e+01 1.378332805633544922e+01
2.178000068664550781e+01 1.019999980926513672e+01 8.710960388183593750e+00
6.360000133514404297e+00 3.160000038146972656e+01 2.707451629638671875e+01
2.145000076293945312e+01 1.539999961853027344e+01 2.139960861206054688e+01
3.950000047683715820e+00 4.829999923706054688e+01 4.315539550781250000e+01
1.173999977111816406e+01 1.850000000000000000e+01 2.531916236877441406e+01
1.409000015258789062e+01 2.039999961853027344e+01 1.844277763366699219e+01
7.599999904632568359e+00 2.229999923706054688e+01 3.835060119628906250e+01
1.469999980926513672e+01 2.000000000000000000e+01 2.260477828979492188e+01
1.987999916076660156e+01 1.450000000000000000e+01 3.634091854095458984e+00
1.744000053405761719e+01 1.339999961853027344e+01 1.633699226379394531e+01
