2.107999992370605469e+01 1.089999961853027344e+01 1.514235115051269531e+01
6.860000133514404297e+00 2.329999923706054688e+01 2.273726463317871094e+01
2.145000076293945312e+01 1.539999961853027344e+01 2.044235610961914062e+01
6.619999885559082031e+00 3.459999847412109375e+01 2.775259971618652344e+01
1.410000038146972656e+01 1.829999923706054688e+01 2.113774299621582031e+01
4.500000000000000000e+00 3.010000038146972656e+01 2.950688362121582031e+01
2.954999923706054688e+01 2.370000076293945312e+01 4.558664798736572266e+00
1.382999992370605469e+01 1.960000038146972656e+01 1.314061737060546875e+01
2.737999916076660156e+01 8.500000000000000000e+00 7.435751438140869141e+00
1.138000011444091797e+01 2.200000000000000000e+01 1.994795799255371094e+01
1.593999958038330078e+01 1.979999923706054688e+01 1.708522987365722656e+01
3.160000085830688477e+00 4.350000000000000000e+01 3.734205245971679688e+01
1.027000045776367188e+01 2.079999923706054688e+01 1.876553344726562500e+01
6.750000000000000000e+00 2.070000076293945312e+01 2.371566390991210938e+01
1.712000083923339844e+01 1.310000038146972656e+01 1.592536449432373047e+01
4.670000076293945312e+00 2.350000000000000000e+01 3.612536621093750000e+01
1.013000011444091797e+01 2.470000076293945312e+01 1.958099365234375000e+01
2.953000068664550781e+01 1.460000038146972656e+01 4.434289455413818359e+00
1.250000000000000000e+01 1.760000038146972656e+01 1.648056030273437500e+01
4.840000152587890625e+00 2.660000038146972656e+01 3.576661682128906250e+01
5.250000000000000000e+00 3.170000076293945312e+01 2.570687675476074219e+01
1.413000011444091797e+01 1.989999961853027344e+01 2.012576484680175781e+01
3.160000085830688477e+00 5.000000000000000000e+01 3.734205245971679688e+01
8.649999618530273438e+00 1.650000000000000000e+01 2.707962799072265625e+01
7.440000057220458984e+00 5.000000000000000000e+01 2.467388916015625000e+01
2.980000019073486328e+00 3.200000000000000000e+01 4.880338668823242188e+01
1.644000053405761719e+01 1.260000038146972656e+01 1.526948261260986328e+01
1.517000007629394531e+01 1.380000019073486328e+01 1.171182250976562500e+01
6.530000209808349609e+00 2.660000038146972656e+01 2.718883323669433594e+01
1.314999961853027344e+01 2.960000038146972656e+01 1.985762977600097656e+01
1.792000007629394531e+01 2.150000000000000000e+01 1.045925140380859375e+01
1.804999923706054688e+01 9.600000381469726562e+00 1.730176734924316406e+01
1.164000034332275391e+01 2.270000076293945312e+01 2.690626144409179688e+01
1.730999946594238281e+01 1.560000038146972656e+01 1.324217700958251953e+01
9.140000343322753906e+00 2.160000038146972656e+01 2.246013641357421875e+01
1.710000038146972656e+01 1.889999961853027344e+01 1.476052951812744141e+01
1.760000038146972656e+01 2.310000038146972656e+01 1.778856277465820312e+01
1.359000015258789062e+01 2.450000000000000000e+01 1.924099922180175781e+01
7.699999809265136719e+00 2.039999961853027344e+01 2.483600997924804688e+01
1.885000038146972656e+01 1.539999961853027344e+01 1.305621147155761719e+01
9.430000305175781250e+00 2.050000000000000000e+01 3.021399307250976562e+01
8.810000419616699219e+00 2.260000038146972656e+01 2.910591125488281250e+01
4.559999942779541016e+00 3.490000152587890625e+01 2.972717094421386719e+01
8.579999923706054688e+00 2.389999961853027344e+01 2.596134567260742188e+01
8.789999961853027344e+00 2.089999961853027344e+01 2.480211448669433594e+01
1.930999946594238281e+01 1.300000000000000000e+01 1.134938907623291016e+01
6.679999828338623047e+00 3.200000000000000000e+01 2.587405586242675781e+01
1.436999988555908203e+01 2.200000000000000000e+01 1.597681236267089844e+01
1.211999988555908203e+01 1.530000019073486328e+01 2.653531265258789062e+01
2.996999931335449219e+01 6.300000190734863281e+00 1.229903221130371094e+01
