3.160000085830688477e+00 4.350000000000000000e+01 4.301252746582031250e+01
1.044999980926513672e+01 1.850000000000000000e+01 2.276733970642089844e+01
3.402000045776367188e+01 8.399999618530273438e+00 5.441420711576938629e-03
3.259999990463256836e+00 5.000000000000000000e+01 4.512532806396484375e+01
3.477000045776367188e+01 1.380000019073486328e+01 2.979540033265948296e-03
7.789999961853027344e+00 2.500000000000000000e+01 2.790309333801269531e+01
1.264000034332275391e+01 1.610000038146972656e+01 1.896145057678222656e+01
3.130000114440917969e+00 3.759999847412109375e+01 4.343104171752929688e+01
9.449999809265136719e+00 3.620000076293945312e+01 2.541317749023437500e+01
1.804999923706054688e+01 9.600000381469726562e+00 1.407324409484863281e+01
1.635000038146972656e+01 1.269999980926513672e+01 1.776982307434082031e+01
1.481000041961669922e+01 1.660000038146972656e+01 1.862520790100097656e+01
3.950000047683715820e+00 3.160000038146972656e+01 4.819362258911132812e+01
6.619999885559082031e+00 3.459999847412109375e+01 2.003210258483886719e+01
1.014999961853027344e+01 2.050000000000000000e+01 2.232428359985351562e+01
8.199999809265136719e+00 2.200000000000000000e+01 2.076281547546386719e+01
2.929000091552734375e+01 1.180000019073486328e+01 6.470565319061279297e+00
8.609999656677246094e+00 3.029999923706054688e+01 1.523393058776855469e+01
3.009999990463256836e+00 4.600000000000000000e+01 4.645597457885742188e+01
1.711000061035156250e+01 1.510000038146972656e+01 1.847012138366699219e+01
1.744000053405761719e+01 1.339999961853027344e+01 1.458136653900146484e+01
1.772999954223632812e+01 1.519999980926513672e+01 1.504931926727294922e+01
8.579999923706054688e+00 2.389999961853027344e+01 1.475410366058349609e+01
1.122000026702880859e+01 2.220000076293945312e+01 2.874617385864257812e+01
1.073999977111816406e+01 2.300000000000000000e+01 1.933598709106445312e+01
1.052999973297119141e+01 1.750000000000000000e+01 2.124556159973144531e+01
1.845999908447265625e+01 1.850000000000000000e+01 1.777248764038085938e+01
2.940000057220458984e+00 3.340000152587890625e+01 4.729563903808593750e+01
3.700000047683715820e+00 5.000000000000000000e+01 4.271908569335937500e+01
1.243000030517578125e+01 2.289999961853027344e+01 1.831307983398437500e+01
7.119999885559082031e+00 2.750000000000000000e+01 2.291025161743164062e+01
9.930000305175781250e+00 2.750000000000000000e+01 2.007401084899902344e+01
7.389999866485595703e+00 2.329999923706054688e+01 3.570972442626953125e+01
9.529999732971191406e+00 5.000000000000000000e+01 2.413691711425781250e+01
1.464999961853027344e+01 1.770000076293945312e+01 2.320880126953125000e+01
8.010000228881835938e+00 2.110000038146972656e+01 2.007610702514648438e+01
9.289999961853027344e+00 1.870000076293945312e+01 2.238205718994140625e+01
8.670000076293945312e+00 2.639999961853027344e+01 1.672509002685546875e+01
1.410000038146972656e+01 1.829999923706054688e+01 2.077132987976074219e+01
7.730000019073486328e+00 2.439999961853027344e+01 2.498110961914062500e+01
4.159999847412109375e+00 3.309999847412109375e+01 3.002761840820312500e+01
7.789999961853027344e+00 1.860000038146972656e+01 2.790309333801269531e+01
6.469999790191650391e+00 3.340000152587890625e+01 2.196743202209472656e+01
1.901000022888183594e+01 1.269999980926513672e+01 1.064125442504882812e+01
1.335000038146972656e+01 2.010000038146972656e+01 2.223554229736328125e+01
1.478999996185302734e+01 3.070000076293945312e+01 1.911437034606933594e+01
1.360999965667724609e+01 1.929999923706054688e+01 1.941784667968750000e+01
6.289999961853027344e+00 2.460000038146972656e+01 2.343799400329589844e+01
1.168999958038330078e+01 2.020000076293945312e+01 2.694048309326171875e+01
1.980000019073486328e+00 3.490000152587890625e+01 4.242719268798828125e+01
