2.085000038146972656e+01 1.150000000000000000e+01 2.914309024810791016e+00
3.529999971389770508e+00 2.960000038146972656e+01 4.126858901977539062e+01
4.739999771118164062e+00 2.900000000000000000e+01 2.797615051269531250e+01
1.715999984741210938e+01 1.169999980926513672e+01 1.172876644134521484e+01
8.880000114440917969e+00 5.000000000000000000e+01 2.488625526428222656e+01
1.418999958038330078e+01 1.989999961853027344e+01 1.892067909240722656e+01
4.969999790191650391e+00 2.250000000000000000e+01 3.138185501098632812e+01
1.056000041961669922e+01 1.850000000000000000e+01 2.075431632995605469e+01
9.670000076293945312e+00 2.239999961853027344e+01 1.895777130126953125e+01
1.211999988555908203e+01 1.530000019073486328e+01 2.687442398071289062e+01
8.649999618530273438e+00 1.650000000000000000e+01 1.468157386779785156e+01
6.150000095367431641e+00 2.300000000000000000e+01 2.318378257751464844e+01
1.464999961853027344e+01 1.770000076293945312e+01 1.635055160522460938e+01
1.042000007629394531e+01 2.179999923706054688e+01 2.114169502258300781e+01
1.427000045776367188e+01 2.029999923706054688e+01 1.983218002319335938e+01
3.080999946594238281e+01 7.199999809265136719e+00 9.966991841793060303e-02
1.569999980926513672e+01 1.419999980926513672e+01 1.506355953216552734e+01
1.711000061035156250e+01 1.510000038146972656e+01 1.598670196533203125e+01
1.481000041961669922e+01 1.660000038146972656e+01 1.224400711059570312e+01
7.530000209808349609e+00 2.820000076293945312e+01 3.702130508422851562e+01
1.673999977111816406e+01 1.779999923706054688e+01 1.305055809020996094e+01
1.793000030517578125e+01 2.050000000000000000e+01 2.042810821533203125e+01
6.900000095367431641e+00 3.010000038146972656e+01 1.680574226379394531e+01
1.620000076293945312e+01 1.939999961853027344e+01 1.828903579711914062e+01
1.397999954223632812e+01 2.639999961853027344e+01 1.553721904754638672e+01
1.292000007629394531e+01 2.120000076293945312e+01 1.826363754272460938e+01
1.978000068664550781e+01 2.750000000000000000e+01 8.800122261047363281e+00
9.529999732971191406e+00 5.000000000000000000e+01 2.323583221435546875e+01
1.805999946594238281e+01 2.250000000000000000e+01 1.512999248504638672e+01
7.260000228881835938e+00 4.309999847412109375e+01 1.488992500305175781e+01
1.364999961853027344e+01 2.070000076293945312e+01 1.736961364746093750e+01
7.900000095367431641e+00 2.160000038146972656e+01 1.307077598571777344e+01
6.210000038146972656e+00 2.500000000000000000e+01 2.049342155456542969e+01
1.122000026702880859e+01 2.220000076293945312e+01 2.788303756713867188e+01
1.593999958038330078e+01 1.979999923706054688e+01 1.331390285491943359e+01
7.789999961853027344e+00 3.600000000000000000e+01 1.545356178283691406e+01
3.700000047683715820e+00 5.000000000000000000e+01 3.331403350830078125e+01
2.045000076293945312e+01 1.500000000000000000e+01 4.272393703460693359e+00
1.629999923706054688e+01 1.560000038146972656e+01 1.935404396057128906e+01
7.849999904632568359e+00 3.220000076293945312e+01 1.290760707855224609e+01
1.845999908447265625e+01 1.850000000000000000e+01 1.123263645172119141e+01
2.779999923706054688e+01 1.380000019073486328e+01 4.191358089447021484e+00
2.062000083923339844e+01 8.800000190734863281e+00 2.834564685821533203e+00
1.197000026702880859e+01 2.000000000000000000e+01 1.578487873077392578e+01
1.351000022888183594e+01 2.329999923706054688e+01 1.399191284179687500e+01
1.728000068664550781e+01 1.480000019073486328e+01 1.039303302764892578e+01
1.432999992370605469e+01 1.679999923706054688e+01 2.177931022644042969e+01
2.438999938964843750e+01 8.300000190734863281e+00 9.053711891174316406e+00
1.832999992370605469e+01 1.779999923706054688e+01 1.280279541015625000e+01
1.344999980926513672e+01 1.970000076293945312e+01 1.188094425201416016e+01
