1.410000038146972656e+01 2.079999923706054688e+01 1.833983802795410156e+01
2.410000038146972656e+01 1.330000019073486328e+01 1.162695789337158203e+01
4.849999904632568359e+00 3.509999847412109375e+01 2.966784858703613281e+01
5.280000209808349609e+00 2.500000000000000000e+01 2.637344169616699219e+01
1.056000041961669922e+01 1.850000000000000000e+01 1.933023262023925781e+01
1.502000045776367188e+01 1.670000076293945312e+01 1.565404510498046875e+01
6.719999790191650391e+00 2.420000076293945312e+01 2.479816627502441406e+01
8.050000190734863281e+00 1.820000076293945312e+01 3.095830917358398438e+01
6.650000095367431641e+00 2.839999961853027344e+01 3.227529525756835938e+01
1.834000015258789062e+01 1.430000019073486328e+01 1.541364860534667969e+01
4.670000076293945312e+00 2.350000000000000000e+01 3.588715744018554688e+01
8.609999656677246094e+00 3.029999923706054688e+01 1.995307731628417969e+01
2.940000057220458984e+00 3.340000152587890625e+01 4.704003524780273438e+01
1.322000026702880859e+01 2.139999961853027344e+01 2.150795555114746094e+01
2.113999938964843750e+01 1.970000076293945312e+01 1.161022663116455078e+01
5.119999885559082031e+00 5.000000000000000000e+01 3.252629089355468750e+01
2.407999992370605469e+01 9.500000000000000000e+00 1.152215957641601562e+01
1.730000019073486328e+00 5.000000000000000000e+01 4.474976539611816406e+00
7.789999961853027344e+00 3.600000000000000000e+01 2.179252243041992188e+01
8.880000114440917969e+00 5.000000000000000000e+01 2.314800071716308594e+01
1.227000045776367188e+01 1.979999923706054688e+01 1.927339935302734375e+01
2.540999984741210938e+01 1.729999923706054688e+01 1.250900506973266602e+00
1.868000030517578125e+01 1.670000076293945312e+01 1.730261039733886719e+01
1.021000003814697266e+01 1.929999923706054688e+01 1.983312606811523438e+01
7.340000152587890625e+00 2.260000038146972656e+01 2.631685638427734375e+01
2.960000038146972656e+00 5.000000000000000000e+01 4.904003524780273438e+01
1.919999957084655762e+00 5.000000000000000000e+01 2.127889823913574219e+01
2.737999916076660156e+01 8.500000000000000000e+00 6.580909729003906250e+00
1.744000053405761719e+01 1.339999961853027344e+01 1.019596576690673828e+01
2.297999954223632812e+01 5.000000000000000000e+00 1.159099102020263672e+01
4.590000152587890625e+00 4.129999923706054688e+01 3.537608337402343750e+01
3.109999895095825195e+00 4.400000000000000000e+01 3.649929046630859375e+01
1.327999973297119141e+01 1.960000038146972656e+01 2.040562820434570312e+01
6.360000133514404297e+00 2.310000038146972656e+01 2.762267875671386719e+01
1.517000007629394531e+01 1.169999980926513672e+01 1.379435348510742188e+01
1.314999961853027344e+01 1.870000076293945312e+01 2.953141212463378906e+01
1.042000007629394531e+01 2.179999923706054688e+01 2.085345649719238281e+01
1.646999931335449219e+01 1.950000000000000000e+01 1.265196228027343750e+01
2.968000030517578125e+01 8.100000381469726562e+00 9.891410827636718750e+00
6.559999942779541016e+00 2.620000076293945312e+01 2.297007369995117188e+01
1.536999988555908203e+01 2.039999961853027344e+01 1.585269737243652344e+01
1.027000045776367188e+01 2.079999923706054688e+01 1.873944473266601562e+01
4.739999771118164062e+00 2.900000000000000000e+01 3.119462013244628906e+01
1.578999996185302734e+01 1.939999961853027344e+01 1.811628532409667969e+01
1.398999977111816406e+01 1.950000000000000000e+01 2.405019760131835938e+01
1.410000038146972656e+01 2.150000000000000000e+01 1.833983802795410156e+01
9.689999580383300781e+00 2.870000076293945312e+01 2.138842582702636719e+01
6.590000152587890625e+00 2.520000076293945312e+01 3.013754463195800781e+01
3.109999895095825195e+00 4.229999923706054688e+01 3.649929046630859375e+01
8.100000381469726562e+00 3.650000000000000000e+01 2.201702880859375000e+01
