6.559999942779541016e+00 2.620000076293945312e+01 2.138990402221679688e+01
4.809999942779541016e+00 3.540000152587890625e+01 2.419690132141113281e+01
8.159999847412109375e+00 2.289999961853027344e+01 2.284310150146484375e+01
2.329000091552734375e+01 1.339999961853027344e+01 9.513569831848144531e+00
1.285999965667724609e+01 2.250000000000000000e+01 1.902490615844726562e+01
7.119999885559082031e+00 2.750000000000000000e+01 1.948853874206542969e+01
6.469999790191650391e+00 3.340000152587890625e+01 2.212649917602539062e+01
2.726000022888183594e+01 1.569999980926513672e+01 3.326279878616333008e+00
6.530000209808349609e+00 2.660000038146972656e+01 2.044440269470214844e+01
1.197000026702880859e+01 2.000000000000000000e+01 1.963662719726562500e+01
1.010999965667724609e+01 1.500000000000000000e+01 2.319990730285644531e+01
8.930000305175781250e+00 2.839999961853027344e+01 3.453784561157226562e+01
1.879999923706054688e+01 1.660000038146972656e+01 1.839208984375000000e+01
2.579000091552734375e+01 7.500000000000000000e+00 3.876864433288574219e+00
4.559999942779541016e+00 3.490000152587890625e+01 2.975714111328125000e+01
1.351000022888183594e+01 2.329999923706054688e+01 1.841648864746093750e+01
6.360000133514404297e+00 2.370000076293945312e+01 3.159568977355957031e+01
7.260000228881835938e+00 4.309999847412109375e+01 2.102638244628906250e+01
9.289999961853027344e+00 1.870000076293945312e+01 2.345020484924316406e+01
1.805999946594238281e+01 2.250000000000000000e+01 9.901975631713867188e+00
1.343999958038330078e+01 1.500000000000000000e+01 1.929935646057128906e+01
6.619999885559082031e+00 3.459999847412109375e+01 2.596311187744140625e+01
4.030000209808349609e+00 3.470000076293945312e+01 3.511836624145507812e+01
2.327000045776367188e+01 1.339999961853027344e+01 1.101698875427246094e+01
7.530000209808349609e+00 2.820000076293945312e+01 2.301962089538574219e+01
4.860000133514404297e+00 3.309999847412109375e+01 3.292591857910156250e+01
3.009999990463256836e+00 4.600000000000000000e+01 3.081458282470703125e+01
6.920000076293945312e+00 2.989999961853027344e+01 3.336672973632812500e+01
4.320000171661376953e+00 3.079999923706054688e+01 2.308086395263671875e+01
7.849999904632568359e+00 3.220000076293945312e+01 1.606734657287597656e+01
2.145000076293945312e+01 1.539999961853027344e+01 2.067986106872558594e+01
1.806999969482421875e+01 1.360000038146972656e+01 1.025247192382812500e+01
1.042000007629394531e+01 2.179999923706054688e+01 2.082250595092773438e+01
2.031999969482421875e+01 7.199999809265136719e+00 6.758286952972412109e+00
1.569999980926513672e+01 1.419999980926513672e+01 9.747996330261230469e+00
4.449999809265136719e+00 5.000000000000000000e+01 3.288736343383789062e+01
6.070000171661376953e+00 2.479999923706054688e+01 2.057624816894531250e+01
3.080999946594238281e+01 1.439999961853027344e+01 1.907446622848510742e+00
1.642000007629394531e+01 1.639999961853027344e+01 1.197468090057373047e+01
1.651000022888183594e+01 1.389999961853027344e+01 1.713150024414062500e+01
9.100000381469726562e+00 2.029999923706054688e+01 2.033568954467773438e+01
1.805999946594238281e+01 1.519999980926513672e+01 9.901975631713867188e+00
4.670000076293945312e+00 2.350000000000000000e+01 3.585976409912109375e+01
1.728000068664550781e+01 1.480000019073486328e+01 1.773323059082031250e+01
2.953000068664550781e+01 1.460000038146972656e+01 2.042586708068847656e+01
3.436999893188476562e+01 1.789999961853027344e+01 1.047677993774414062e+01
1.571000003814697266e+01 2.170000076293945312e+01 9.367637634277343750e+00
1.272999954223632812e+01 2.100000000000000000e+01 1.856410026550292969e+01
2.455999946594238281e+01 1.230000019073486328e+01 2.517743825912475586e+00
1.300000000000000000e+01 2.170000076293945312e+01 2.109575271606445312e+01
