8.050000190734863281e+00 2.900000000000000000e+01 1.821296501159667969e+01
8.100000381469726562e+00 2.200000000000000000e+01 3.648156356811523438e+01
1.400000000000000000e+01 2.189999961853027344e+01 1.917996406555175781e+01
6.679999828338623047e+00 3.200000000000000000e+01 2.291199302673339844e+01
6.929999828338623047e+00 3.609999847412109375e+01 2.867838287353515625e+01
1.035999965667724609e+01 2.310000038146972656e+01 1.988046455383300781e+01
6.050000190734863281e+00 3.320000076293945312e+01 2.018800735473632812e+01
7.440000057220458984e+00 5.000000000000000000e+01 2.243421554565429688e+01
1.832999992370605469e+01 1.779999923706054688e+01 1.388449859619140625e+01
1.510000038146972656e+01 1.750000000000000000e+01 1.330103874206542969e+01
1.300000000000000000e+01 2.170000076293945312e+01 1.550297737121582031e+01
9.970000267028808594e+00 1.929999923706054688e+01 2.029609107971191406e+01
6.619999885559082031e+00 3.459999847412109375e+01 2.368714332580566406e+01
2.869999885559082031e+00 3.640000152587890625e+01 2.084812736511230469e+01
1.644000053405761719e+01 1.260000038146972656e+01 1.739878082275390625e+01
2.334000015258789062e+01 1.189999961853027344e+01 9.599164009094238281e+00
2.131999969482421875e+01 1.910000038146972656e+01 1.251200103759765625e+01
3.569999933242797852e+00 4.379999923706054688e+01 3.299531173706054688e+01
6.579999923706054688e+00 2.310000038146972656e+01 3.485318374633789062e+01
1.018999958038330078e+01 2.079999923706054688e+01 2.046171760559082031e+01
1.980000019073486328e+00 3.490000152587890625e+01 3.334688949584960938e+01
9.220000267028808594e+00 1.960000038146972656e+01 2.056347084045410156e+01
1.469999980926513672e+01 2.000000000000000000e+01 2.425962257385253906e+01
6.730000019073486328e+00 2.220000076293945312e+01 2.415565490722656250e+01
4.630000114440917969e+00 5.000000000000000000e+01 3.022485733032226562e+01
3.062999916076660156e+01 8.800000190734863281e+00 9.598896026611328125e+00
1.868000030517578125e+01 1.670000076293945312e+01 1.573586940765380859e+01
9.680000305175781250e+00 1.889999961853027344e+01 2.548513793945312500e+01
8.199999809265136719e+00 2.200000000000000000e+01 2.076238822937011719e+01
1.147999954223632812e+01 2.270000076293945312e+01 1.896150207519531250e+01
1.010999965667724609e+01 2.320000076293945312e+01 1.914225769042968750e+01
2.062000083923339844e+01 8.800000190734863281e+00 2.497199535369873047e+00
1.397999954223632812e+01 2.639999961853027344e+01 1.848058891296386719e+01
4.030000209808349609e+00 3.470000076293945312e+01 3.567949295043945312e+01
7.789999961853027344e+00 2.500000000000000000e+01 3.598859024047851562e+01
2.379000091552734375e+01 1.080000019073486328e+01 2.378603696823120117e+00
1.021000003814697266e+01 1.929999923706054688e+01 1.937988281250000000e+01
9.930000305175781250e+00 2.750000000000000000e+01 1.726447677612304688e+01
1.468999958038330078e+01 2.310000038146972656e+01 2.412787628173828125e+01
6.480000019073486328e+00 2.200000000000000000e+01 3.169256019592285156e+01
1.201000022888183594e+01 2.179999923706054688e+01 1.870347595214843750e+01
3.160000085830688477e+00 4.350000000000000000e+01 4.998263168334960938e+01
1.052999973297119141e+01 1.750000000000000000e+01 1.807960891723632812e+01
1.571000003814697266e+01 2.170000076293945312e+01 1.470393562316894531e+01
1.555000019073486328e+01 1.939999961853027344e+01 1.000346374511718750e+01
9.539999961853027344e+00 2.510000038146972656e+01 3.552100372314453125e+01
1.278999996185302734e+01 2.220000076293945312e+01 1.802926254272460938e+01
3.759999990463256836e+00 4.540000152587890625e+01 3.148445129394531250e+01
6.190000057220458984e+00 3.320000076293945312e+01 2.304189109802246094e+01
3.198999977111816406e+01 7.400000095367431641e+00 2.581447130069136620e-03
