9.670000076293945312e+00 2.239999961853027344e+01 2.295302963256835938e+01
1.122000026702880859e+01 2.220000076293945312e+01 1.751512336730957031e+01
8.010000228881835938e+00 2.110000038146972656e+01 2.882674407958984375e+01
6.150000095367431641e+00 2.300000000000000000e+01 2.155388832092285156e+01
3.697999954223632812e+01 7.000000000000000000e+00 1.189646244049072266e+00
8.810000419616699219e+00 2.260000038146972656e+01 2.079610252380371094e+01
2.568000030517578125e+01 9.699999809265136719e+00 9.332066535949707031e+00
1.793000030517578125e+01 2.050000000000000000e+01 1.297634983062744141e+01
1.603000068664550781e+01 2.239999961853027344e+01 1.711037445068359375e+01
8.939999580383300781e+00 2.139999961853027344e+01 2.146694946289062500e+01
1.613999938964843750e+01 1.310000038146972656e+01 1.506258296966552734e+01
5.570000171661376953e+00 2.060000038146972656e+01 2.269928550720214844e+01
8.649999618530273438e+00 1.650000000000000000e+01 2.551421737670898438e+01
1.812999916076660156e+01 1.410000038146972656e+01 1.406810855865478516e+01
2.102000045776367188e+01 1.360000038146972656e+01 1.709248781204223633e+00
2.639999961853027344e+01 1.720000076293945312e+01 1.648653626441955566e+00
6.050000190734863281e+00 3.320000076293945312e+01 2.103412246704101562e+01
2.327000045776367188e+01 1.339999961853027344e+01 6.490417480468750000e+00
1.351000022888183594e+01 2.329999923706054688e+01 1.737528038024902344e+01
1.620999908447265625e+01 1.879999923706054688e+01 1.435851669311523438e+01
3.160000085830688477e+00 5.000000000000000000e+01 3.907550048828125000e+01
2.929000091552734375e+01 1.180000019073486328e+01 9.171725273132324219e+00
9.619999885559082031e+00 2.389999961853027344e+01 2.291247177124023438e+01
9.800000190734863281e+00 1.950000000000000000e+01 2.474544715881347656e+01
8.050000190734863281e+00 1.820000076293945312e+01 3.194995880126953125e+01
7.179999828338623047e+00 2.389999961853027344e+01 3.032648468017578125e+01
1.267000007629394531e+01 1.720000076293945312e+01 1.203517627716064453e+01
1.992000007629394531e+01 8.500000000000000000e+00 2.928010463714599609e+00
1.035999965667724609e+01 2.310000038146972656e+01 2.078511428833007812e+01
2.369000053405761719e+01 1.310000038146972656e+01 9.469057083129882812e+00
1.173999977111816406e+01 1.850000000000000000e+01 1.943419647216796875e+01
1.303999996185302734e+01 1.450000000000000000e+01 1.196294307708740234e+01
2.779999923706054688e+01 1.380000019073486328e+01 3.689772188663482666e-01
2.470000028610229492e+00 4.170000076293945312e+01 2.142506980895996094e+01
1.286999988555908203e+01 1.960000038146972656e+01 1.083268165588378906e+01
7.429999828338623047e+00 2.410000038146972656e+01 4.856423187255859375e+01
4.159999847412109375e+00 3.309999847412109375e+01 4.305120468139648438e+01
2.113999938964843750e+01 1.970000076293945312e+01 2.194226026535034180e+00
3.080999946594238281e+01 1.439999961853027344e+01 7.189486503601074219e+00
7.389999866485595703e+00 2.329999923706054688e+01 4.457619094848632812e+01
2.145000076293945312e+01 1.539999961853027344e+01 4.520270824432373047e+00
8.260000228881835938e+00 2.039999961853027344e+01 2.102461051940917969e+01
1.052999973297119141e+01 1.750000000000000000e+01 1.886142349243164062e+01
2.954999923706054688e+01 2.370000076293945312e+01 1.359000396728515625e+01
1.359000015258789062e+01 2.450000000000000000e+01 1.709880447387695312e+01
2.677000045776367188e+01 5.599999904632568359e+00 6.763193607330322266e-01
8.470000267028808594e+00 1.989999961853027344e+01 2.095054435729980469e+01
2.329000091552734375e+01 1.339999961853027344e+01 6.631469249725341797e+00
1.987999916076660156e+01 1.450000000000000000e+01 3.215241909027099609e+00
7.559999942779541016e+00 3.979999923706054688e+01 2.669501113891601562e+01
