2.960000038146972656e+00 5.000000000000000000e+01 4.436470413208007812e+01
1.845999908447265625e+01 1.850000000000000000e+01 1.779620933532714844e+01
2.062000083923339844e+01 8.800000190734863281e+00 6.754033565521240234e+00
1.511999988555908203e+01 1.700000000000000000e+01 1.241157627105712891e+01
5.289999961853027344e+00 2.189999961853027344e+01 2.805768966674804688e+01
1.360999965667724609e+01 1.929999923706054688e+01 2.174322891235351562e+01
8.510000228881835938e+00 2.060000038146972656e+01 2.068856048583984375e+01
1.027000045776367188e+01 2.079999923706054688e+01 1.791570091247558594e+01
1.028999996185302734e+01 2.020000076293945312e+01 1.758917617797851562e+01
4.320000171661376953e+00 3.079999923706054688e+01 2.804621315002441406e+01
1.164999961853027344e+01 2.429999923706054688e+01 2.618556213378906250e+01
2.397999954223632812e+01 1.180000019073486328e+01 7.056541442871093750e+00
4.860000133514404297e+00 3.309999847412109375e+01 3.323163223266601562e+01
4.590000152587890625e+00 3.540000152587890625e+01 4.128821182250976562e+01
6.730000019073486328e+00 2.220000076293945312e+01 2.335887527465820312e+01
9.640000343322753906e+00 2.260000038146972656e+01 2.470401191711425781e+01
1.211999988555908203e+01 1.530000019073486328e+01 2.670020675659179688e+01
1.772999954223632812e+01 1.519999980926513672e+01 1.173823833465576172e+01
5.329999923706054688e+00 3.620000076293945312e+01 2.939933967590332031e+01
1.779000091552734375e+01 1.489999961853027344e+01 1.238136768341064453e+01
1.620000076293945312e+01 1.939999961853027344e+01 1.830348014831542969e+01
9.380000114440917969e+00 2.810000038146972656e+01 2.298690223693847656e+01
3.109999895095825195e+00 4.400000000000000000e+01 4.234608078002929688e+01
1.030000019073486328e+01 1.920000076293945312e+01 1.754653930664062500e+01
1.303999996185302734e+01 1.450000000000000000e+01 1.876560592651367188e+01
9.810000419616699219e+00 2.500000000000000000e+01 1.945776367187500000e+01
2.145000076293945312e+01 1.539999961853027344e+01 2.075168609619140625e+01
2.968000030517578125e+01 8.100000381469726562e+00 1.207925224304199219e+01
7.789999961853027344e+00 2.500000000000000000e+01 1.860299301147460938e+01
1.673999977111816406e+01 1.779999923706054688e+01 1.119503307342529297e+01
1.914999961853027344e+01 2.710000038146972656e+01 8.245938301086425781e+00
1.452000045776367188e+01 1.089999961853027344e+01 1.322759914398193359e+01
3.160000085830688477e+00 5.000000000000000000e+01 4.349981689453125000e+01
3.730000019073486328e+00 5.000000000000000000e+01 3.857074737548828125e+01
1.035999965667724609e+01 2.310000038146972656e+01 1.900160217285156250e+01
1.803000068664550781e+01 1.460000038146972656e+01 1.081258678436279297e+01
2.397999954223632812e+01 1.929999923706054688e+01 7.056541442871093750e+00
8.609999656677246094e+00 3.029999923706054688e+01 2.373914146423339844e+01
1.314999961853027344e+01 2.960000038146972656e+01 1.752702713012695312e+01
1.243000030517578125e+01 1.710000038146972656e+01 2.289561080932617188e+01
7.739999771118164062e+00 2.370000076293945312e+01 2.318705558776855469e+01
1.730999946594238281e+01 1.560000038146972656e+01 1.301566028594970703e+01
1.327999973297119141e+01 1.960000038146972656e+01 1.936850929260253906e+01
8.930000305175781250e+00 2.839999961853027344e+01 3.711120605468750000e+01
7.119999885559082031e+00 2.750000000000000000e+01 2.235841178894042969e+01
1.664999961853027344e+01 1.560000038146972656e+01 1.383548641204833984e+01
1.382999992370605469e+01 1.960000038146972656e+01 1.105897712707519531e+01
9.449999809265136719e+00 3.620000076293945312e+01 2.253894233703613281e+01
6.070000171661376953e+00 2.479999923706054688e+01 3.020485877990722656e+01
3.059000015258789062e+01 5.000000000000000000e+00 8.390855789184570312e+00
