1.651000022888183594e+01 1.389999961853027344e+01 1.772633171081542969e+01
4.320000171661376953e+00 3.079999923706054688e+01 2.772842597961425781e+01
7.849999904632568359e+00 3.220000076293945312e+01 1.615523529052734375e+01
7.789999961853027344e+00 3.600000000000000000e+01 2.179025459289550781e+01
1.125000000000000000e+01 3.100000000000000000e+01 1.975818443298339844e+01
1.140999984741210938e+01 2.000000000000000000e+01 2.078146171569824219e+01
1.413000011444091797e+01 1.989999961853027344e+01 2.029567718505859375e+01
2.960000038146972656e+00 5.000000000000000000e+01 4.437191772460937500e+01
2.034000015258789062e+01 1.350000000000000000e+01 7.963306427001953125e+00
3.080999946594238281e+01 7.199999809265136719e+00 1.439334678649902344e+01
3.950000047683715820e+00 3.160000038146972656e+01 4.829557418823242188e+01
1.057999992370605469e+01 2.120000076293945312e+01 1.980205154418945312e+01
1.344999980926513672e+01 1.970000076293945312e+01 1.774260139465332031e+01
6.920000076293945312e+00 2.989999961853027344e+01 3.389496994018554688e+01
1.410000038146972656e+01 1.829999923706054688e+01 2.149792480468750000e+01
2.309000015258789062e+01 2.000000000000000000e+01 7.199696063995361328e+00
1.073999977111816406e+01 2.300000000000000000e+01 1.483909130096435547e+01
5.519999980926513672e+00 2.279999923706054688e+01 2.337418746948242188e+01
1.511999988555908203e+01 1.700000000000000000e+01 1.576845169067382812e+01
2.297999954223632812e+01 5.000000000000000000e+00 7.904839992523193359e+00
2.085000038146972656e+01 1.150000000000000000e+01 5.557199478149414062e+00
1.409000015258789062e+01 2.039999961853027344e+01 2.107732391357421875e+01
1.197000026702880859e+01 2.000000000000000000e+01 1.996593284606933594e+01
2.770999908447265625e+01 1.319999980926513672e+01 7.878011703491210938e+00
3.920000076293945312e+00 4.670000076293945312e+01 4.473622512817382812e+01
1.398999977111816406e+01 1.950000000000000000e+01 2.408818626403808594e+01
1.804999923706054688e+01 9.600000381469726562e+00 1.740888977050781250e+01
9.619999885559082031e+00 2.389999961853027344e+01 2.666358566284179688e+01
5.889999866485595703e+00 2.660000038146972656e+01 2.362375450134277344e+01
4.980000019073486328e+00 2.400000000000000000e+01 2.364760589599609375e+01
1.410000038146972656e+01 2.079999923706054688e+01 2.149792480468750000e+01
7.670000076293945312e+00 2.650000000000000000e+01 2.099461174011230469e+01
1.870999908447265625e+01 1.489999961853027344e+01 1.545462512969970703e+01
3.198999977111816406e+01 7.400000095367431641e+00 3.746639005839824677e-03
1.719000053405761719e+01 1.620000076293945312e+01 1.074027252197265625e+01
1.327999973297119141e+01 1.960000038146972656e+01 2.051361274719238281e+01
7.539999961853027344e+00 2.339999961853027344e+01 3.190207290649414062e+01
9.529999732971191406e+00 5.000000000000000000e+01 2.473920822143554688e+01
1.578999996185302734e+01 1.939999961853027344e+01 1.835913848876953125e+01
1.727000045776367188e+01 2.170000076293945312e+01 1.610008621215820312e+01
4.559999942779541016e+00 2.979999923706054688e+01 3.486598205566406250e+01
2.490999984741210938e+01 1.200000000000000000e+01 1.558943748474121094e+00
2.869999885559082031e+00 3.640000152587890625e+01 4.633428955078125000e+01
1.978000068664550781e+01 2.750000000000000000e+01 8.607591629028320312e+00
1.452000045776367188e+01 1.089999961853027344e+01 1.453175354003906250e+01
1.028999996185302734e+01 2.020000076293945312e+01 1.963319396972656250e+01
3.589999914169311523e+00 2.479999923706054688e+01 4.234824752807617188e+01
2.470000028610229492e+00 4.170000076293945312e+01 3.904914379119873047e+00
6.679999828338623047e+00 3.200000000000000000e+01 2.595999717712402344e+01
3.436999893188476562e+01 1.789999961853027344e+01 1.112595272064208984e+01
