3.539999961853027344e+00 4.279999923706054688e+01 3.256868743896484375e+01
6.719999790191650391e+00 2.479999923706054688e+01 2.653522682189941406e+01
1.042000007629394531e+01 2.179999923706054688e+01 2.099878501892089844e+01
2.131999969482421875e+01 1.910000038146972656e+01 1.403792476654052734e+01
5.210000038146972656e+00 2.870000076293945312e+01 2.960042381286621094e+01
3.950000047683715820e+00 3.160000038146972656e+01 3.154383659362792969e+01
1.620000076293945312e+01 1.939999961853027344e+01 1.756437301635742188e+01
6.929999828338623047e+00 3.609999847412109375e+01 2.611248779296875000e+01
6.360000133514404297e+00 2.310000038146972656e+01 2.370633316040039062e+01
1.122000026702880859e+01 2.220000076293945312e+01 2.031300163269042969e+01
8.670000076293945312e+00 2.639999961853027344e+01 2.224769020080566406e+01
4.380000114440917969e+00 2.910000038146972656e+01 3.100309562683105469e+01
4.590000152587890625e+00 4.129999923706054688e+01 3.068679809570312500e+01
1.243000030517578125e+01 1.710000038146972656e+01 1.947761726379394531e+01
1.028999996185302734e+01 2.020000076293945312e+01 2.112332916259765625e+01
3.477000045776367188e+01 1.380000019073486328e+01 1.857667326927185059e+00
4.079999923706054688e+00 3.329999923706054688e+01 3.139714241027832031e+01
2.287999916076660156e+01 1.280000019073486328e+01 1.252117633819580078e+01
1.327000045776367188e+01 1.889999961853027344e+01 1.899116516113281250e+01
1.232999992370605469e+01 2.010000038146972656e+01 1.953950881958007812e+01
2.007999992370605469e+01 1.629999923706054688e+01 1.515485000610351562e+01
2.273999977111816406e+01 8.399999618530273438e+00 1.266434669494628906e+01
4.630000114440917969e+00 5.000000000000000000e+01 3.062297630310058594e+01
1.510000038146972656e+01 1.750000000000000000e+01 1.805528450012207031e+01
3.697999954223632812e+01 7.000000000000000000e+00 1.140191912651062012e+00
2.645000076293945312e+01 8.699999809265136719e+00 8.452952384948730469e+00
1.727000045776367188e+01 1.610000038146972656e+01 1.627489852905273438e+01
2.663999938964843750e+01 1.039999961853027344e+01 8.232813835144042969e+00
6.730000019073486328e+00 2.220000076293945312e+01 2.651494789123535156e+01
1.760000038146972656e+01 1.779999923706054688e+01 1.689972496032714844e+01
1.023999977111816406e+01 1.939999961853027344e+01 2.117289161682128906e+01
8.439999580383300781e+00 2.220000076293945312e+01 2.341500282287597656e+01
5.699999809265136719e+00 2.870000076293945312e+01 2.863498878479003906e+01
3.436999893188476562e+01 1.789999961853027344e+01 2.023513317108154297e+00
4.860000133514404297e+00 3.309999847412109375e+01 3.023809051513671875e+01
7.510000228881835938e+00 2.289999961853027344e+01 2.499498176574707031e+01
9.520000457763671875e+00 2.450000000000000000e+01 2.195070648193359375e+01
1.467000007629394531e+01 1.750000000000000000e+01 1.826358222961425781e+01
5.809999942779541016e+00 2.529999923706054688e+01 2.841040611267089844e+01
8.100000381469726562e+00 2.200000000000000000e+01 2.392675971984863281e+01
5.679999828338623047e+00 2.220000076293945312e+01 2.867552566528320312e+01
2.681999969482421875e+01 1.339999961853027344e+01 8.025783538818359375e+00
1.992000007629394531e+01 8.500000000000000000e+00 1.529196262359619141e+01
8.880000114440917969e+00 5.000000000000000000e+01 2.276922607421875000e+01
3.700000047683715820e+00 5.000000000000000000e+01 3.180774879455566406e+01
1.459000015258789062e+01 1.710000038146972656e+01 1.829741477966308594e+01
2.639999961853027344e+01 1.720000076293945312e+01 8.511150360107421875e+00
9.739999771118164062e+00 1.900000000000000000e+01 2.169799423217773438e+01
1.695999908447265625e+01 1.810000038146972656e+01 1.721872138977050781e+01
1.803000068664550781e+01 1.460000038146972656e+01 1.691688919067382812e+01
