1.131999969482421875e+01 2.229999923706054688e+01 1.993309020996093750e+01
9.420000076293945312e+00 2.750000000000000000e+01 2.177304840087890625e+01
8.930000305175781250e+00 2.839999961853027344e+01 2.575589179992675781e+01
3.529999971389770508e+00 3.240000152587890625e+01 4.047582244873046875e+01
1.400000000000000000e+01 2.189999961853027344e+01 1.361703014373779297e+01
1.125000000000000000e+01 3.100000000000000000e+01 1.733379173278808594e+01
4.809999942779541016e+00 3.540000152587890625e+01 2.584980583190917969e+01
4.730000019073486328e+00 3.150000000000000000e+01 2.848398590087890625e+01
1.314999961853027344e+01 2.960000038146972656e+01 1.870030403137207031e+01
3.920000076293945312e+00 4.670000076293945312e+01 3.230007934570312500e+01
2.828000068664550781e+01 1.050000000000000000e+01 1.357645130157470703e+01
1.285999965667724609e+01 2.250000000000000000e+01 1.914128303527832031e+01
4.500000000000000000e+00 3.010000038146972656e+01 2.591326141357421875e+01
1.464999961853027344e+01 1.770000076293945312e+01 1.694792938232421875e+01
2.360000038146972656e+01 1.130000019073486328e+01 8.133250236511230469e+00
9.079999923706054688e+00 2.060000038146972656e+01 1.924921989440917969e+01
2.309000015258789062e+01 2.000000000000000000e+01 5.132734775543212891e+00
1.502000045776367188e+01 1.560000038146972656e+01 1.670009231567382812e+01
3.062999916076660156e+01 8.800000190734863281e+00 9.632186889648437500e+00
7.530000209808349609e+00 2.820000076293945312e+01 2.320569038391113281e+01
1.272999954223632812e+01 2.100000000000000000e+01 1.802243423461914062e+01
1.629999923706054688e+01 1.560000038146972656e+01 1.847658348083496094e+01
3.950000047683715820e+00 4.829999923706054688e+01 3.159935951232910156e+01
7.849999904632568359e+00 3.220000076293945312e+01 1.598389911651611328e+01
6.070000171661376953e+00 2.479999923706054688e+01 3.004654693603515625e+01
1.709000015258789062e+01 1.870000076293945312e+01 1.560501194000244141e+01
1.712000083923339844e+01 1.310000038146972656e+01 1.690994644165039062e+01
5.809999942779541016e+00 2.529999923706054688e+01 2.103544044494628906e+01
1.465999984741210938e+01 2.439999961853027344e+01 1.718475723266601562e+01
1.232999992370605469e+01 2.010000038146972656e+01 2.068833351135253906e+01
2.323999977111816406e+01 1.389999961853027344e+01 1.100741004943847656e+01
1.885000038146972656e+01 1.539999961853027344e+01 1.317943191528320312e+01
1.150000000000000000e+01 1.620000076293945312e+01 2.125595664978027344e+01
6.869999885559082031e+00 2.310000038146972656e+01 2.407625389099121094e+01
4.820000171661376953e+00 3.790000152587890625e+01 2.594209098815917969e+01
3.259999990463256836e+00 5.000000000000000000e+01 4.207523345947265625e+01
7.829999923706054688e+00 1.939999961853027344e+01 1.909092903137207031e+01
5.099999904632568359e+00 3.700000000000000000e+01 3.688227081298828125e+01
6.530000209808349609e+00 2.660000038146972656e+01 2.369224548339843750e+01
2.178000068664550781e+01 1.019999980926513672e+01 2.687183380126953125e+00
1.413000011444091797e+01 1.989999961853027344e+01 1.965957832336425781e+01
1.834000015258789062e+01 1.430000019073486328e+01 1.538990211486816406e+01
1.710000038146972656e+01 1.889999961853027344e+01 1.596202468872070312e+01
1.122000026702880859e+01 2.220000076293945312e+01 1.726266479492187500e+01
5.329999923706054688e+00 3.620000076293945312e+01 2.940057373046875000e+01
1.571000003814697266e+01 2.170000076293945312e+01 1.468751811981201172e+01
1.715999984741210938e+01 1.169999980926513672e+01 1.815823173522949219e+01
1.202999973297119141e+01 1.610000038146972656e+01 1.909860038757324219e+01
1.138000011444091797e+01 2.200000000000000000e+01 1.998522949218750000e+01
1.760000038146972656e+01 1.779999923706054688e+01 2.309561157226562500e+01
