1.234000015258789062e+01 2.120000076293945312e+01 1.704156875610351562e+01
1.202999973297119141e+01 1.610000038146972656e+01 1.910080528259277344e+01
5.989999771118164062e+00 2.450000000000000000e+01 2.330498123168945312e+01
1.140999984741210938e+01 2.000000000000000000e+01 2.075433158874511719e+01
2.360000038146972656e+01 1.130000019073486328e+01 8.083735466003417969e+00
9.970000267028808594e+00 2.029999923706054688e+01 2.262672042846679688e+01
4.210000038146972656e+00 3.870000076293945312e+01 2.835595130920410156e+01
1.239999961853027344e+01 2.010000038146972656e+01 1.818127822875976562e+01
1.511999988555908203e+01 1.700000000000000000e+01 1.546331691741943359e+01
2.645000076293945312e+01 8.699999809265136719e+00 1.327880668640136719e+01
1.035999965667724609e+01 2.310000038146972656e+01 1.949292945861816406e+01
1.719000053405761719e+01 1.620000076293945312e+01 1.075590133666992188e+01
1.901000022888183594e+01 1.269999980926513672e+01 6.176126003265380859e+00
2.102000045776367188e+01 1.360000038146972656e+01 7.223761081695556641e+00
4.969999790191650391e+00 2.250000000000000000e+01 2.405318069458007812e+01
1.952000045776367188e+01 1.710000038146972656e+01 7.633854866027832031e+00
5.980000019073486328e+00 2.289999961853027344e+01 2.212649917602539062e+01
2.287999916076660156e+01 1.280000019073486328e+01 6.797355651855468750e+00
1.659000015258789062e+01 1.839999961853027344e+01 1.321320724487304688e+01
1.400000000000000000e+01 2.189999961853027344e+01 1.916342735290527344e+01
4.590000152587890625e+00 3.540000152587890625e+01 3.231032180786132812e+01
7.429999828338623047e+00 2.410000038146972656e+01 2.394438171386718750e+01
8.789999961853027344e+00 2.089999961853027344e+01 2.159152984619140625e+01
8.649999618530273438e+00 1.650000000000000000e+01 2.713456535339355469e+01
1.689999961853027344e+01 1.739999961853027344e+01 1.226807117462158203e+01
1.314999961853027344e+01 2.960000038146972656e+01 1.869920730590820312e+01
1.122000026702880859e+01 2.220000076293945312e+01 2.716802597045898438e+01
9.430000305175781250e+00 2.050000000000000000e+01 2.673060417175292969e+01
1.468999958038330078e+01 2.310000038146972656e+01 1.743239021301269531e+01
1.914999961853027344e+01 2.710000038146972656e+01 5.675843238830566406e+00
9.970000267028808594e+00 1.929999923706054688e+01 2.262672042846679688e+01
1.427000045776367188e+01 2.029999923706054688e+01 1.608240127563476562e+01
1.310999965667724609e+01 2.139999961853027344e+01 1.746762275695800781e+01
4.539999961853027344e+00 2.279999923706054688e+01 3.267864990234375000e+01
1.760000038146972656e+01 2.310000038146972656e+01 1.780136680603027344e+01
9.529999732971191406e+00 5.000000000000000000e+01 2.329138565063476562e+01
1.629999923706054688e+01 1.560000038146972656e+01 1.848072624206542969e+01
1.709000015258789062e+01 1.870000076293945312e+01 1.797122764587402344e+01
1.478999996185302734e+01 3.070000076293945312e+01 1.904702377319335938e+01
7.599999904632568359e+00 3.010000038146972656e+01 2.231198692321777344e+01
8.010000228881835938e+00 2.110000038146972656e+01 2.074468994140625000e+01
4.699999809265136719e+00 2.789999961853027344e+01 2.688503646850585938e+01
1.343999958038330078e+01 1.500000000000000000e+01 1.929993057250976562e+01
1.568999958038330078e+01 1.019999980926513672e+01 1.348388481140136719e+01
2.954999923706054688e+01 2.370000076293945312e+01 1.303594684600830078e+01
1.576000022888183594e+01 1.829999923706054688e+01 1.949036979675292969e+01
1.203999996185302734e+01 2.120000076293945312e+01 1.832744598388671875e+01
1.620999908447265625e+01 1.879999923706054688e+01 1.906318664550781250e+01
1.197999954223632812e+01 2.100000000000000000e+01 2.028822326660156250e+01
2.996999931335449219e+01 6.300000190734863281e+00 1.066225409507751465e+00
