1.644000053405761719e+01 1.260000038146972656e+01 1.727361297607421875e+01
4.159999847412109375e+00 3.309999847412109375e+01 3.964149475097656250e+01
4.210000038146972656e+00 3.870000076293945312e+01 3.135639572143554688e+01
1.435999965667724609e+01 2.320000076293945312e+01 2.047877311706542969e+01
2.737999916076660156e+01 8.500000000000000000e+00 6.690038681030273438e+00
1.517000007629394531e+01 1.380000019073486328e+01 1.170829296112060547e+01
2.645000076293945312e+01 8.699999809265136719e+00 1.289430904388427734e+01
2.309000015258789062e+01 2.000000000000000000e+01 6.134380817413330078e+00
3.920000076293945312e+00 4.670000076293945312e+01 3.760169219970703125e+01
1.056000041961669922e+01 1.850000000000000000e+01 1.933971214294433594e+01
5.489999771118164062e+00 3.270000076293945312e+01 2.411824989318847656e+01
2.410000038146972656e+01 1.330000019073486328e+01 1.018128108978271484e+01
1.280000019073486328e+01 1.839999961853027344e+01 2.179469680786132812e+01
2.940000057220458984e+00 3.340000152587890625e+01 4.805804061889648438e+01
4.739999771118164062e+00 2.900000000000000000e+01 3.124376296997070312e+01
2.929000091552734375e+01 1.180000019073486328e+01 3.058848857879638672e+00
1.571000003814697266e+01 2.170000076293945312e+01 1.431456947326660156e+01
1.327000045776367188e+01 2.170000076293945312e+01 1.891291046142578125e+01
1.452000045776367188e+01 1.089999961853027344e+01 1.395216369628906250e+01
7.389999866485595703e+00 2.710000038146972656e+01 2.331740570068359375e+01
7.340000152587890625e+00 2.260000038146972656e+01 2.637231254577636719e+01
7.670000076293945312e+00 2.650000000000000000e+01 2.067766189575195312e+01
1.987999916076660156e+01 1.450000000000000000e+01 1.423340225219726562e+01
9.470000267028808594e+00 2.500000000000000000e+01 3.045032882690429688e+01
1.334000015258789062e+01 2.060000038146972656e+01 2.151115798950195312e+01
9.159999847412109375e+00 2.429999923706054688e+01 2.029888153076171875e+01
7.539999961853027344e+00 2.339999961853027344e+01 3.181296539306640625e+01
1.469999980926513672e+01 2.000000000000000000e+01 2.220890045166015625e+01
1.613999938964843750e+01 1.310000038146972656e+01 1.668312072753906250e+01
2.540999984741210938e+01 1.729999923706054688e+01 1.296667814254760742e+00
5.639999866485595703e+00 2.389999961853027344e+01 2.283684539794921875e+01
3.160000085830688477e+00 5.000000000000000000e+01 4.347442626953125000e+01
3.569999933242797852e+00 4.379999923706054688e+01 3.291910934448242188e+01
2.131999969482421875e+01 1.330000019073486328e+01 1.906785583496093750e+01
1.694000053405761719e+01 1.350000000000000000e+01 1.739497184753417969e+01
1.760000038146972656e+01 1.779999923706054688e+01 2.302287864685058594e+01
4.969999790191650391e+00 2.250000000000000000e+01 2.383948326110839844e+01
4.820000171661376953e+00 3.790000152587890625e+01 3.240464782714843750e+01
1.576000022888183594e+01 1.829999923706054688e+01 1.668096351623535156e+01
1.410000038146972656e+01 1.829999923706054688e+01 2.113806724548339844e+01
1.027000045776367188e+01 2.079999923706054688e+01 1.874306106567382812e+01
1.164999961853027344e+01 2.429999923706054688e+01 2.613264274597167969e+01
8.100000381469726562e+00 3.650000000000000000e+01 2.200468444824218750e+01
1.593999958038330078e+01 1.979999923706054688e+01 1.633541870117187500e+01
3.529999971389770508e+00 3.240000152587890625e+01 3.031864738464355469e+01
2.297999954223632812e+01 5.000000000000000000e+00 6.983482360839843750e+00
1.992000007629394531e+01 8.500000000000000000e+00 1.213257598876953125e+01
1.730000019073486328e+00 5.000000000000000000e+01 1.072844886779785156e+01
2.031999969482421875e+01 7.199999809265136719e+00 1.247541332244873047e+01
1.168999958038330078e+01 2.020000076293945312e+01 2.385152435302734375e+01
