5.289999961853027344e+00 2.800000000000000000e+01 2.541849327087402344e+01
1.969000053405761719e+01 1.410000038146972656e+01 2.267783355712890625e+01
4.699999809265136719e+00 2.789999961853027344e+01 3.195633125305175781e+01
1.468999958038330078e+01 2.310000038146972656e+01 1.233347415924072266e+01
1.063000011444091797e+01 1.860000038146972656e+01 8.620814323425292969e+00
2.940000057220458984e+00 3.340000152587890625e+01 3.747726058959960938e+01
3.109999895095825195e+00 4.229999923706054688e+01 4.575373077392578125e+01
9.590000152587890625e+00 3.379999923706054688e+01 2.012694358825683594e+01
1.502999973297119141e+01 1.839999961853027344e+01 1.098871040344238281e+01
1.511999988555908203e+01 1.700000000000000000e+01 9.868880271911621094e+00
1.278999996185302734e+01 2.220000076293945312e+01 1.790083885192871094e+01
9.039999961853027344e+00 2.360000038146972656e+01 1.907668304443359375e+01
1.571000003814697266e+01 2.170000076293945312e+01 1.636948013305664062e+01
1.876000022888183594e+01 2.320000076293945312e+01 5.009340763092041016e+00
1.835000038146972656e+01 1.310000038146972656e+01 8.459803581237792969e+00
2.297999954223632812e+01 5.000000000000000000e+00 2.406659573316574097e-01
1.293000030517578125e+01 2.010000038146972656e+01 1.611725234985351562e+01
6.190000057220458984e+00 3.320000076293945312e+01 2.781371498107910156e+01
2.828000068664550781e+01 1.050000000000000000e+01 2.876339256763458252e-01
1.052999973297119141e+01 1.750000000000000000e+01 9.987609863281250000e+00
1.111999988555908203e+01 2.300000000000000000e+01 1.009298038482666016e+01
2.360000038146972656e+01 1.130000019073486328e+01 6.989235430955886841e-02
9.810000419616699219e+00 2.500000000000000000e+01 1.748455429077148438e+01
6.679999828338623047e+00 3.200000000000000000e+01 1.952840232849121094e+01
1.870999908447265625e+01 1.489999961853027344e+01 5.077943801879882812e+00
8.229999542236328125e+00 2.200000000000000000e+01 2.661550712585449219e+01
5.190000057220458984e+00 2.370000076293945312e+01 3.051305580139160156e+01
1.635000038146972656e+01 1.269999980926513672e+01 5.991788864135742188e+00
1.410000038146972656e+01 1.829999923706054688e+01 5.235892295837402344e+00
2.490999984741210938e+01 1.200000000000000000e+01 7.407962083816528320e-01
2.121999931335449219e+01 1.720000076293945312e+01 6.483279705047607422e+00
6.590000152587890625e+00 2.520000076293945312e+01 1.927378273010253906e+01
1.023999977111816406e+01 1.939999961853027344e+01 1.843531990051269531e+01
1.343999958038330078e+01 1.500000000000000000e+01 1.598939418792724609e+01
1.027000045776367188e+01 2.079999923706054688e+01 1.716799736022949219e+01
1.021000003814697266e+01 1.929999923706054688e+01 1.981741142272949219e+01
1.303999996185302734e+01 1.450000000000000000e+01 1.572419261932373047e+01
1.409000015258789062e+01 2.039999961853027344e+01 5.244307994842529297e+00
1.168999958038330078e+01 2.020000076293945312e+01 1.364751148223876953e+01
3.198999977111816406e+01 7.400000095367431641e+00 1.879156661743763834e-05
2.030999946594238281e+01 1.210000038146972656e+01 1.365974807739257812e+01
1.267000007629394531e+01 2.260000038146972656e+01 1.351027679443359375e+01
1.476000022888183594e+01 2.010000038146972656e+01 1.460945987701416016e+01
4.980000019073486328e+00 2.400000000000000000e+01 3.420094299316406250e+01
1.300000000000000000e+01 2.170000076293945312e+01 1.571462059020996094e+01
1.286999988555908203e+01 1.960000038146972656e+01 1.689685058593750000e+01
5.030000209808349609e+00 3.110000038146972656e+01 3.490126037597656250e+01
1.267000007629394531e+01 1.720000076293945312e+01 1.351027679443359375e+01
4.739999771118164062e+00 2.900000000000000000e+01 3.215942382812500000e+01
7.440000057220458984e+00 5.000000000000000000e+01 2.383991813659667969e+01
