1.203999996185302734e+01 2.120000076293945312e+01 1.697313117980957031e+01
1.023999977111816406e+01 1.939999961853027344e+01 1.950919914245605469e+01
9.810000419616699219e+00 2.500000000000000000e+01 1.942527961730957031e+01
9.100000381469726562e+00 2.029999923706054688e+01 2.043930816650390625e+01
2.273999977111816406e+01 8.399999618530273438e+00 7.669499397277832031e+00
1.651000022888183594e+01 1.389999961853027344e+01 1.739220046997070312e+01
1.642000007629394531e+01 1.639999961853027344e+01 1.213603782653808594e+01
1.360999965667724609e+01 1.929999923706054688e+01 2.266347694396972656e+01
6.730000019073486328e+00 2.220000076293945312e+01 2.310154914855957031e+01
1.664999961853027344e+01 1.560000038146972656e+01 1.553071212768554688e+01
6.469999790191650391e+00 3.340000152587890625e+01 2.218474769592285156e+01
1.459000015258789062e+01 1.710000038146972656e+01 1.297411537170410156e+01
1.334000015258789062e+01 2.060000038146972656e+01 2.151637840270996094e+01
1.727000045776367188e+01 2.170000076293945312e+01 1.457406806945800781e+01
6.590000152587890625e+00 2.520000076293945312e+01 3.015553092956542969e+01
1.772999954223632812e+01 1.519999980926513672e+01 1.262393188476562500e+01
3.436999893188476562e+01 1.789999961853027344e+01 1.053955936431884766e+01
4.559999942779541016e+00 3.490000152587890625e+01 2.982179260253906250e+01
4.630000114440917969e+00 5.000000000000000000e+01 2.796222877502441406e+01
4.969999790191650391e+00 2.250000000000000000e+01 2.646094894409179688e+01
1.197000026702880859e+01 2.000000000000000000e+01 1.973473930358886719e+01
3.529999971389770508e+00 2.960000038146972656e+01 3.235236358642578125e+01
4.730000019073486328e+00 3.150000000000000000e+01 2.772666168212890625e+01
3.319999933242797852e+00 5.000000000000000000e+01 3.089131164550781250e+01
1.413000011444091797e+01 1.989999961853027344e+01 1.945970726013183594e+01
3.797000122070312500e+01 1.380000019073486328e+01 1.977804447994557790e-10
6.900000095367431641e+00 3.010000038146972656e+01 2.678781700134277344e+01
1.730999946594238281e+01 1.560000038146972656e+01 1.249257087707519531e+01
5.699999809265136719e+00 2.870000076293945312e+01 2.567479324340820312e+01
1.720999908447265625e+01 1.039999961853027344e+01 1.522128486633300781e+01
1.239999961853027344e+01 2.010000038146972656e+01 1.746505355834960938e+01
1.812999916076660156e+01 1.410000038146972656e+01 1.655976867675781250e+01
1.173999977111816406e+01 1.850000000000000000e+01 1.735398674011230469e+01
7.510000228881835938e+00 2.289999961853027344e+01 2.895742988586425781e+01
2.470000028610229492e+00 4.170000076293945312e+01 2.367526531219482422e+00
7.849999904632568359e+00 3.220000076293945312e+01 1.611834335327148438e+01
1.243000030517578125e+01 2.289999961853027344e+01 1.709433555603027344e+01
2.645000076293945312e+01 8.699999809265136719e+00 1.301736068725585938e+01
8.670000076293945312e+00 2.639999961853027344e+01 1.621432685852050781e+01
1.144999980926513672e+01 2.060000038146972656e+01 2.074655342102050781e+01
9.800000190734863281e+00 1.950000000000000000e+01 1.957894134521484375e+01
7.900000095367431641e+00 2.160000038146972656e+01 1.202877712249755859e+01
6.780000209808349609e+00 2.410000038146972656e+01 1.992711067199707031e+01
1.760000038146972656e+01 1.779999923706054688e+01 2.302055549621582031e+01
9.090000152587890625e+00 1.979999923706054688e+01 2.046032142639160156e+01
9.670000076293945312e+00 2.239999961853027344e+01 1.975150680541992188e+01
6.269999980926513672e+00 2.860000038146972656e+01 2.221933937072753906e+01
7.670000076293945312e+00 2.650000000000000000e+01 2.230430221557617188e+01
3.697999954223632812e+01 7.000000000000000000e+00 4.473461387988209026e-07
1.026000022888183594e+01 1.820000076293945312e+01 2.023491477966308594e+01
