6.900000095367431641e+00 3.010000038146972656e+01 2.901708602905273438e+01
1.481000041961669922e+01 2.139999961853027344e+01 1.808084297180175781e+01
1.202999973297119141e+01 1.910000038146972656e+01 2.130443954467773438e+01
1.322000026702880859e+01 2.139999961853027344e+01 2.028567314147949219e+01
1.173999977111816406e+01 1.850000000000000000e+01 1.772793769836425781e+01
2.030999946594238281e+01 1.210000038146972656e+01 7.132829189300537109e+00
7.789999961853027344e+00 2.500000000000000000e+01 1.859562301635742188e+01
1.413000011444091797e+01 1.989999961853027344e+01 2.019076347351074219e+01
2.085000038146972656e+01 1.150000000000000000e+01 3.335972309112548828e+00
3.319999933242797852e+00 5.000000000000000000e+01 3.109395790100097656e+01
9.100000381469726562e+00 2.029999923706054688e+01 1.945853233337402344e+01
1.030000019073486328e+01 1.920000076293945312e+01 2.033265304565429688e+01
9.500000000000000000e+00 2.200000000000000000e+01 2.468838500976562500e+01
3.109999895095825195e+00 4.400000000000000000e+01 4.225542068481445312e+01
9.500000000000000000e+00 2.500000000000000000e+01 2.468838500976562500e+01
1.010999965667724609e+01 2.320000076293945312e+01 1.500016880035400391e+01
1.714999961853027344e+01 1.900000000000000000e+01 1.196258544921875000e+01
1.343999958038330078e+01 1.929999923706054688e+01 1.501079177856445312e+01
1.478999996185302734e+01 3.070000076293945312e+01 1.907028770446777344e+01
1.360999965667724609e+01 1.929999923706054688e+01 2.226407623291015625e+01
1.664999961853027344e+01 1.560000038146972656e+01 1.618751144409179688e+01
5.989999771118164062e+00 2.450000000000000000e+01 2.401467132568359375e+01
1.779000091552734375e+01 1.489999961853027344e+01 1.451476860046386719e+01
4.590000152587890625e+00 4.129999923706054688e+01 3.538655090332031250e+01
1.197999954223632812e+01 2.100000000000000000e+01 1.881244277954101562e+01
4.320000171661376953e+00 3.079999923706054688e+01 2.623357009887695312e+01
1.013000011444091797e+01 2.470000076293945312e+01 1.759398078918457031e+01
9.039999961853027344e+00 2.360000038146972656e+01 1.912027359008789062e+01
8.199999809265136719e+00 2.200000000000000000e+01 2.180148124694824219e+01
5.250000000000000000e+00 3.170000076293945312e+01 2.804199409484863281e+01
4.030000209808349609e+00 3.470000076293945312e+01 3.284711456298828125e+01
6.920000076293945312e+00 2.989999961853027344e+01 3.359713745117187500e+01
2.178000068664550781e+01 1.019999980926513672e+01 1.996142745018005371e+00
1.727000045776367188e+01 2.170000076293945312e+01 9.045681953430175781e+00
1.901000022888183594e+01 1.269999980926513672e+01 1.413186836242675781e+01
9.670000076293945312e+00 2.239999961853027344e+01 2.591329956054687500e+01
2.737999916076660156e+01 8.500000000000000000e+00 8.151034355163574219e+00
1.568999958038330078e+01 1.019999980926513672e+01 1.357687950134277344e+01
1.165999984741210938e+01 2.979999923706054688e+01 2.330141448974609375e+01
1.110000038146972656e+01 2.379999923706054688e+01 2.193982505798339844e+01
1.364999961853027344e+01 2.070000076293945312e+01 1.895426559448242188e+01
7.599999904632568359e+00 2.229999923706054688e+01 3.011917495727539062e+01
9.159999847412109375e+00 2.429999923706054688e+01 1.806439018249511719e+01
5.769999980926513672e+00 2.470000076293945312e+01 2.494705581665039062e+01
5.980000019073486328e+00 2.210000038146972656e+01 2.291144180297851562e+01
7.369999885559082031e+00 2.329999923706054688e+01 2.806180953979492188e+01
1.088000011444091797e+01 2.400000000000000000e+01 2.232959747314453125e+01
2.645000076293945312e+01 8.699999809265136719e+00 1.342682838439941406e+01
3.797000122070312500e+01 1.380000019073486328e+01 9.585503488779067993e-03
2.211000061035156250e+01 1.050000000000000000e+01 6.997868418693542480e-01
