1.023999977111816406e+01 1.939999961853027344e+01 1.771544456481933594e+01
1.919999957084655762e+00 5.000000000000000000e+01 1.100382709503173828e+01
3.402000045776367188e+01 8.399999618530273438e+00 3.500813618302345276e-02
1.165999984741210938e+01 2.979999923706054688e+01 2.129316711425781250e+01
6.730000019073486328e+00 2.220000076293945312e+01 2.307655525207519531e+01
1.804999923706054688e+01 9.600000381469726562e+00 1.491424369812011719e+01
9.710000038146972656e+00 2.670000076293945312e+01 1.932308769226074219e+01
5.889999866485595703e+00 2.660000038146972656e+01 2.381110954284667969e+01
1.659000015258789062e+01 1.839999961853027344e+01 1.287055969238281250e+01
3.130000114440917969e+00 3.759999847412109375e+01 1.065720081329345703e+01
1.364999961853027344e+01 2.070000076293945312e+01 5.269956111907958984e+00
4.030000209808349609e+00 3.470000076293945312e+01 2.274218750000000000e+01
1.728000068664550781e+01 1.480000019073486328e+01 1.582075500488281250e+01
2.929000091552734375e+01 1.180000019073486328e+01 1.037359088659286499e-01
2.470000028610229492e+00 4.170000076293945312e+01 2.037167549133300781e+00
1.603000068664550781e+01 2.239999961853027344e+01 8.948271751403808594e+00
5.989999771118164062e+00 2.450000000000000000e+01 2.217018318176269531e+01
1.980000019073486328e+00 3.490000152587890625e+01 6.843299388885498047e+00
1.173999977111816406e+01 1.850000000000000000e+01 1.730935668945312500e+01
6.900000095367431641e+00 3.010000038146972656e+01 2.949405288696289062e+01
4.500000000000000000e+00 3.010000038146972656e+01 3.935748672485351562e+01
1.621999931335449219e+01 1.430000019073486328e+01 1.629336166381835938e+01
1.021000003814697266e+01 1.929999923706054688e+01 1.565255165100097656e+01
1.813999938964843750e+01 1.380000019073486328e+01 1.351251125335693359e+01
3.198999977111816406e+01 7.400000095367431641e+00 1.346210483461618423e-03
6.360000133514404297e+00 2.310000038146972656e+01 2.107780265808105469e+01
7.199999809265136719e+00 2.379999923706054688e+01 2.359453201293945312e+01
5.329999923706054688e+00 3.620000076293945312e+01 2.939509773254394531e+01
5.519999980926513672e+00 2.279999923706054688e+01 2.440136337280273438e+01
1.015999984741210938e+01 2.279999923706054688e+01 1.418311214447021484e+01
7.260000228881835938e+00 4.309999847412109375e+01 2.078220748901367188e+01
8.100000381469726562e+00 3.650000000000000000e+01 2.200208473205566406e+01
2.639999961853027344e+01 1.720000076293945312e+01 1.332463836669921875e+01
9.930000305175781250e+00 2.750000000000000000e+01 1.939164924621582031e+01
1.539000034332275391e+01 1.800000000000000000e+01 7.301305770874023438e+00
2.329000091552734375e+01 1.339999961853027344e+01 8.040187835693359375e+00
1.835000038146972656e+01 1.310000038146972656e+01 1.407495212554931641e+01
1.351000022888183594e+01 2.329999923706054688e+01 1.247321891784667969e+01
1.410000038146972656e+01 2.150000000000000000e+01 2.079827690124511719e+01
7.789999961853027344e+00 3.600000000000000000e+01 2.510133361816406250e+01
4.730000019073486328e+00 3.150000000000000000e+01 2.984596061706542969e+01
2.131999969482421875e+01 1.330000019073486328e+01 1.909869575500488281e+01
3.700000047683715820e+00 5.000000000000000000e+01 4.085861587524414062e+01
1.327000045776367188e+01 2.170000076293945312e+01 1.890141868591308594e+01
7.730000019073486328e+00 2.439999961853027344e+01 2.265635490417480469e+01
7.510000228881835938e+00 2.289999961853027344e+01 2.920845794677734375e+01
2.102000045776367188e+01 1.360000038146972656e+01 8.345612525939941406e+00
2.123999977111816406e+01 1.330000019073486328e+01 1.671978759765625000e+01
6.650000095367431641e+00 2.839999961853027344e+01 2.965991592407226562e+01
2.309000015258789062e+01 2.000000000000000000e+01 2.119890451431274414e+00
