2.121999931335449219e+01 1.720000076293945312e+01 1.225415992736816406e+01
7.559999942779541016e+00 3.979999923706054688e+01 2.819386482238769531e+01
5.329999923706054688e+00 2.939999961853027344e+01 3.618631362915039062e+01
8.100000381469726562e+00 2.200000000000000000e+01 3.648174667358398438e+01
1.728000068664550781e+01 1.480000019073486328e+01 1.794942092895507812e+01
8.050000190734863281e+00 3.300000000000000000e+01 2.359397315979003906e+01
6.730000019073486328e+00 2.220000076293945312e+01 2.313142395019531250e+01
1.593999958038330078e+01 1.979999923706054688e+01 1.238431549072265625e+01
1.613999938964843750e+01 1.310000038146972656e+01 1.415617465972900391e+01
8.770000457763671875e+00 2.100000000000000000e+01 2.078353691101074219e+01
1.344999980926513672e+01 1.970000076293945312e+01 1.775907135009765625e+01
1.172000026702880859e+01 1.939999961853027344e+01 2.067619895935058594e+01
8.880000114440917969e+00 5.000000000000000000e+01 2.326254844665527344e+01
1.398999977111816406e+01 1.950000000000000000e+01 2.408925437927246094e+01
1.709000015258789062e+01 1.870000076293945312e+01 1.830781745910644531e+01
5.489999771118164062e+00 2.410000038146972656e+01 3.268732833862304688e+01
8.939999580383300781e+00 2.139999961853027344e+01 2.735458564758300781e+01
8.430000305175781250e+00 2.339999961853027344e+01 2.132409095764160156e+01
8.810000419616699219e+00 2.260000038146972656e+01 2.071970558166503906e+01
1.779000091552734375e+01 1.489999961853027344e+01 1.434610462188720703e+01
1.127999973297119141e+01 1.820000076293945312e+01 2.651452064514160156e+01
3.950000047683715820e+00 4.829999923706054688e+01 3.156956481933593750e+01
4.449999809265136719e+00 3.290000152587890625e+01 4.998189163208007812e+01
7.369999885559082031e+00 2.329999923706054688e+01 2.270139122009277344e+01
1.285999965667724609e+01 2.250000000000000000e+01 1.915905952453613281e+01
2.831999969482421875e+01 1.779999923706054688e+01 7.971693038940429688e+00
4.159999847412109375e+00 3.309999847412109375e+01 4.207130050659179688e+01
9.420000076293945312e+00 2.750000000000000000e+01 2.180627250671386719e+01
3.109999895095825195e+00 4.229999923706054688e+01 4.402715301513671875e+01
3.529999971389770508e+00 3.240000152587890625e+01 2.954014968872070312e+01
2.455999946594238281e+01 1.230000019073486328e+01 2.564367055892944336e+00
1.694000053405761719e+01 1.350000000000000000e+01 1.752839088439941406e+01
6.360000133514404297e+00 2.310000038146972656e+01 2.184506797790527344e+01
9.550000190734863281e+00 2.120000076293945312e+01 2.766386795043945312e+01
1.144999980926513672e+01 2.060000038146972656e+01 2.093911361694335938e+01
2.540999984741210938e+01 1.729999923706054688e+01 5.497946739196777344e-01
1.432999992370605469e+01 1.679999923706054688e+01 2.132334518432617188e+01
6.360000133514404297e+00 2.370000076293945312e+01 2.184506797790527344e+01
1.010999965667724609e+01 1.500000000000000000e+01 2.319978713989257812e+01
5.030000209808349609e+00 3.110000038146972656e+01 3.464920043945312500e+01
2.396999931335449219e+01 7.000000000000000000e+00 1.467272281646728516e+01
1.629999923706054688e+01 1.560000038146972656e+01 1.849802589416503906e+01
1.478999996185302734e+01 3.070000076293945312e+01 1.906860923767089844e+01
7.440000057220458984e+00 5.000000000000000000e+01 2.470086669921875000e+01
2.113999938964843750e+01 1.970000076293945312e+01 1.027331542968750000e+01
3.259999990463256836e+00 5.000000000000000000e+01 4.257159805297851562e+01
4.840000152587890625e+00 2.660000038146972656e+01 3.585782623291015625e+01
1.969000053405761719e+01 1.410000038146972656e+01 8.179798126220703125e+00
2.677000045776367188e+01 5.599999904632568359e+00 1.093658638000488281e+01
1.410000038146972656e+01 2.150000000000000000e+01 1.955458068847656250e+01
