1.459000015258789062e+01 1.710000038146972656e+01 1.431853675842285156e+01
8.100000381469726562e+00 2.200000000000000000e+01 2.171569061279296875e+01
5.889999866485595703e+00 2.660000038146972656e+01 2.329532623291015625e+01
1.413000011444091797e+01 1.989999961853027344e+01 1.756546783447265625e+01
6.150000095367431641e+00 2.300000000000000000e+01 2.766195487976074219e+01
9.380000114440917969e+00 2.810000038146972656e+01 2.483195114135742188e+01
3.009999990463256836e+00 4.600000000000000000e+01 3.265608978271484375e+01
1.584000015258789062e+01 2.029999923706054688e+01 1.014312744140625000e+01
1.293000030517578125e+01 2.010000038146972656e+01 2.089679527282714844e+01
1.300000000000000000e+01 2.110000038146972656e+01 2.164817047119140625e+01
9.220000267028808594e+00 1.960000038146972656e+01 1.993388175964355469e+01
2.642000007629394531e+01 1.560000038146972656e+01 2.385521650314331055e+00
1.250000000000000000e+01 1.760000038146972656e+01 1.668466186523437500e+01
9.689999580383300781e+00 2.870000076293945312e+01 2.093588256835937500e+01
7.730000019073486328e+00 2.439999961853027344e+01 2.275480079650878906e+01
1.555000019073486328e+01 1.939999961853027344e+01 1.190029239654541016e+01
1.885000038146972656e+01 1.539999961853027344e+01 1.341367340087890625e+01
3.730000019073486328e+00 5.000000000000000000e+01 3.532977676391601562e+01
1.110000038146972656e+01 2.379999923706054688e+01 1.265075588226318359e+01
1.621999931335449219e+01 1.430000019073486328e+01 1.808888816833496094e+01
1.659000015258789062e+01 1.839999961853027344e+01 1.333178615570068359e+01
1.264000034332275391e+01 1.610000038146972656e+01 1.559889984130859375e+01
7.789999961853027344e+00 2.500000000000000000e+01 3.585123825073242188e+01
1.792000007629394531e+01 2.150000000000000000e+01 1.085219955444335938e+01
8.880000114440917969e+00 5.000000000000000000e+01 2.390191078186035156e+01
2.540999984741210938e+01 1.729999923706054688e+01 1.552500367164611816e+00
1.715999984741210938e+01 1.169999980926513672e+01 1.869449615478515625e+01
2.645000076293945312e+01 8.699999809265136719e+00 2.889700889587402344e+00
6.719999790191650391e+00 2.479999923706054688e+01 2.257854843139648438e+01
2.045000076293945312e+01 1.500000000000000000e+01 8.020172119140625000e+00
5.389999866485595703e+00 3.490000152587890625e+01 2.667327308654785156e+01
8.010000228881835938e+00 2.110000038146972656e+01 1.881988334655761719e+01
4.590000152587890625e+00 3.540000152587890625e+01 4.128830718994140625e+01
1.712000083923339844e+01 1.310000038146972656e+01 1.595878791809082031e+01
1.835000038146972656e+01 1.310000038146972656e+01 1.347207355499267578e+01
9.470000267028808594e+00 2.500000000000000000e+01 3.185321426391601562e+01
1.593999958038330078e+01 1.979999923706054688e+01 7.377033710479736328e+00
2.030999946594238281e+01 1.210000038146972656e+01 1.197473907470703125e+01
1.057999992370605469e+01 2.120000076293945312e+01 1.978758239746093750e+01
1.243000030517578125e+01 1.710000038146972656e+01 2.285080337524414062e+01
1.992000007629394531e+01 8.500000000000000000e+00 7.473821640014648438e+00
2.490999984741210938e+01 1.200000000000000000e+01 1.159622788429260254e+00
1.409000015258789062e+01 2.039999961853027344e+01 1.993262481689453125e+01
1.086999988555908203e+01 2.260000038146972656e+01 1.125646114349365234e+01
4.380000114440917969e+00 2.910000038146972656e+01 3.240181350708007812e+01
2.993000030517578125e+01 1.650000000000000000e+01 5.505429267883300781e+00
1.202999973297119141e+01 1.610000038146972656e+01 2.172183609008789062e+01
1.805999946594238281e+01 1.519999980926513672e+01 1.359898376464843750e+01
1.260000038146972656e+01 1.920000076293945312e+01 1.452475547790527344e+01
1.427000045776367188e+01 2.029999923706054688e+01 1.420006084442138672e+01
