4.559999942779541016e+00 3.490000152587890625e+01 3.439958190917968750e+01
1.044999980926513672e+01 2.279999923706054688e+01 1.853967857360839844e+01
1.322000026702880859e+01 2.139999961853027344e+01 2.250006866455078125e+01
1.303999996185302734e+01 1.450000000000000000e+01 2.043073654174804688e+01
5.500000000000000000e+00 2.700000000000000000e+01 2.378694534301757812e+01
7.219999790191650391e+00 2.389999961853027344e+01 2.592105674743652344e+01
5.570000171661376953e+00 2.060000038146972656e+01 2.171482658386230469e+01
1.250000000000000000e+01 1.760000038146972656e+01 1.664372634887695312e+01
7.829999923706054688e+00 1.939999961853027344e+01 3.100750923156738281e+01
5.030000209808349609e+00 3.110000038146972656e+01 3.449892044067382812e+01
4.860000133514404297e+00 3.309999847412109375e+01 3.330077362060546875e+01
2.645000076293945312e+01 8.699999809265136719e+00 1.304371929168701172e+01
6.480000019073486328e+00 2.200000000000000000e+01 2.282947731018066406e+01
1.267000007629394531e+01 1.720000076293945312e+01 2.256419181823730469e+01
2.954999923706054688e+01 2.370000076293945312e+01 3.779874324798583984e+00
1.010999965667724609e+01 2.320000076293945312e+01 1.510133934020996094e+01
1.727000045776367188e+01 1.610000038146972656e+01 2.149028587341308594e+01
1.517000007629394531e+01 1.169999980926513672e+01 1.380566596984863281e+01
7.429999828338623047e+00 2.410000038146972656e+01 3.465375518798828125e+01
6.289999961853027344e+00 2.460000038146972656e+01 2.153751754760742188e+01
4.449999809265136719e+00 3.290000152587890625e+01 2.768968391418457031e+01
1.977000045776367188e+01 8.300000190734863281e+00 2.561029434204101562e+01
3.477000045776367188e+01 1.380000019073486328e+01 1.465187907218933105e+00
1.468999958038330078e+01 2.310000038146972656e+01 1.912648582458496094e+01
1.400000000000000000e+01 2.189999961853027344e+01 1.937536621093750000e+01
1.651000022888183594e+01 1.389999961853027344e+01 1.369825363159179688e+01
1.300000000000000000e+01 2.110000038146972656e+01 2.167903900146484375e+01
9.470000267028808594e+00 2.500000000000000000e+01 2.340279197692871094e+01
1.413000011444091797e+01 1.989999961853027344e+01 2.020668792724609375e+01
2.062000083923339844e+01 8.800000190734863281e+00 4.741215229034423828e+00
2.726000022888183594e+01 1.569999980926513672e+01 4.586348533630371094e+00
3.759999990463256836e+00 3.150000000000000000e+01 4.540998458862304688e+01
9.539999961853027344e+00 2.510000038146972656e+01 4.615950775146484375e+01
9.140000343322753906e+00 2.160000038146972656e+01 2.257731056213378906e+01
8.670000076293945312e+00 2.639999961853027344e+01 1.896285820007324219e+01
1.901000022888183594e+01 1.269999980926513672e+01 7.146521091461181641e+00
5.389999866485595703e+00 3.490000152587890625e+01 3.094660377502441406e+01
2.131999969482421875e+01 1.330000019073486328e+01 1.315294551849365234e+01
9.670000076293945312e+00 2.239999961853027344e+01 2.595426559448242188e+01
1.264000034332275391e+01 1.610000038146972656e+01 1.997275543212890625e+01
2.007999992370605469e+01 1.629999923706054688e+01 5.365127086639404297e+00
6.119999885559082031e+00 2.500000000000000000e+01 2.301753807067871094e+01
1.165999984741210938e+01 2.979999923706054688e+01 2.309271621704101562e+01
8.609999656677246094e+00 3.029999923706054688e+01 2.146672821044921875e+01
1.432999992370605469e+01 1.679999923706054688e+01 2.090569114685058594e+01
1.097000026702880859e+01 2.439999961853027344e+01 1.626891136169433594e+01
2.579000091552734375e+01 7.500000000000000000e+00 1.827831864356994629e+00
1.057999992370605469e+01 2.120000076293945312e+01 1.611632728576660156e+01
2.396999931335449219e+01 7.000000000000000000e+00 1.803574943542480469e+01
2.329000091552734375e+01 1.339999961853027344e+01 1.271581554412841797e+01
