1.173999977111816406e+01 1.850000000000000000e+01 1.905246162414550781e+01
1.711000061035156250e+01 1.510000038146972656e+01 1.877321243286132812e+01
1.122000026702880859e+01 2.220000076293945312e+01 2.749993133544921875e+01
3.080999946594238281e+01 7.199999809265136719e+00 1.435329914093017578e+01
5.519999980926513672e+00 2.279999923706054688e+01 2.271404075622558594e+01
5.809999942779541016e+00 2.529999923706054688e+01 1.815507125854492188e+01
2.397999954223632812e+01 1.929999923706054688e+01 1.178694629669189453e+01
1.360999965667724609e+01 1.929999923706054688e+01 2.053984451293945312e+01
2.980000019073486328e+00 3.200000000000000000e+01 4.099632263183593750e+01
9.680000305175781250e+00 1.889999961853027344e+01 2.549184608459472656e+01
2.145999908447265625e+01 2.170000076293945312e+01 1.467484760284423828e+01
1.327000045776367188e+01 1.889999961853027344e+01 2.171517944335937500e+01
1.267000007629394531e+01 1.720000076293945312e+01 2.255803489685058594e+01
1.197999954223632812e+01 2.100000000000000000e+01 1.947204017639160156e+01
9.710000038146972656e+00 2.670000076293945312e+01 2.635917091369628906e+01
1.436999988555908203e+01 2.200000000000000000e+01 1.612706565856933594e+01
6.480000019073486328e+00 2.200000000000000000e+01 3.194156074523925781e+01
1.719000053405761719e+01 1.620000076293945312e+01 1.421984004974365234e+01
2.642000007629394531e+01 1.560000038146972656e+01 1.570881462097167969e+01
8.789999961853027344e+00 2.089999961853027344e+01 2.254331398010253906e+01
6.360000133514404297e+00 2.310000038146972656e+01 2.777792930603027344e+01
8.510000228881835938e+00 2.060000038146972656e+01 2.096524238586425781e+01
1.727000045776367188e+01 1.610000038146972656e+01 2.163468360900878906e+01
6.429999828338623047e+00 2.429999923706054688e+01 3.042732810974121094e+01
1.642000007629394531e+01 1.639999961853027344e+01 1.605875587463378906e+01
1.712000083923339844e+01 1.310000038146972656e+01 1.870919036865234375e+01
1.992000007629394531e+01 8.500000000000000000e+00 8.569748878479003906e+00
1.410000038146972656e+01 2.150000000000000000e+01 1.831258010864257812e+01
1.264000034332275391e+01 1.610000038146972656e+01 2.040414047241210938e+01
2.470000028610229492e+00 4.170000076293945312e+01 9.522635459899902344e+00
1.728000068664550781e+01 1.480000019073486328e+01 2.085474395751953125e+01
1.243000030517578125e+01 1.710000038146972656e+01 1.462713336944580078e+01
2.085000038146972656e+01 1.150000000000000000e+01 4.225101470947265625e+00
9.880000114440917969e+00 2.170000076293945312e+01 1.522265625000000000e+01
1.292000007629394531e+01 2.120000076293945312e+01 1.972297859191894531e+01
2.407999992370605469e+01 9.500000000000000000e+00 1.199450302124023438e+01
1.468999958038330078e+01 2.310000038146972656e+01 1.909289932250976562e+01
1.459000015258789062e+01 1.710000038146972656e+01 1.320989894866943359e+01
8.930000305175781250e+00 2.839999961853027344e+01 2.120953559875488281e+01
5.699999809265136719e+00 2.870000076293945312e+01 2.109464263916015625e+01
4.739999771118164062e+00 2.900000000000000000e+01 3.187907028198242188e+01
8.199999809265136719e+00 2.200000000000000000e+01 2.132674026489257812e+01
7.440000057220458984e+00 2.470000076293945312e+01 2.428173065185546875e+01
1.813999938964843750e+01 1.380000019073486328e+01 1.288640880584716797e+01
7.179999828338623047e+00 2.389999961853027344e+01 2.872959518432617188e+01
2.540999984741210938e+01 1.729999923706054688e+01 3.052104949951171875e+00
8.100000381469726562e+00 3.650000000000000000e+01 2.203249168395996094e+01
4.690000057220458984e+00 3.050000000000000000e+01 2.608393859863281250e+01
1.465999984741210938e+01 2.439999961853027344e+01 1.685198974609375000e+01
7.599999904632568359e+00 3.010000038146972656e+01 2.108627891540527344e+01
