5.809999942779541016e+00 2.529999923706054688e+01 3.142245101928710938e+01
1.481000041961669922e+01 2.139999961853027344e+01 1.184968471527099609e+01
6.289999961853027344e+00 2.460000038146972656e+01 3.149925231933593750e+01
1.343999958038330078e+01 1.500000000000000000e+01 2.242789840698242188e+01
9.380000114440917969e+00 2.810000038146972656e+01 2.299207305908203125e+01
1.260000038146972656e+01 1.920000076293945312e+01 1.778246879577636719e+01
6.900000095367431641e+00 3.010000038146972656e+01 2.947563743591308594e+01
2.327000045776367188e+01 1.339999961853027344e+01 1.512258052825927734e+01
1.359000015258789062e+01 2.450000000000000000e+01 2.168589782714843750e+01
1.710000038146972656e+01 1.889999961853027344e+01 1.801119613647460938e+01
1.443999958038330078e+01 1.600000000000000000e+01 1.646252441406250000e+01
7.730000019073486328e+00 2.439999961853027344e+01 2.044288253784179688e+01
1.871999931335449219e+01 1.519999980926513672e+01 8.819083213806152344e+00
7.179999828338623047e+00 2.389999961853027344e+01 2.587241744995117188e+01
2.438999938964843750e+01 8.300000190734863281e+00 2.667305231094360352e+00
3.160000085830688477e+00 4.350000000000000000e+01 4.514543151855468750e+01
1.164000034332275391e+01 2.270000076293945312e+01 1.910015869140625000e+01
4.840000152587890625e+00 2.660000038146972656e+01 3.080625343322753906e+01
1.689999961853027344e+01 1.739999961853027344e+01 1.527581787109375000e+01
1.664999961853027344e+01 1.560000038146972656e+01 1.392081260681152344e+01
5.639999866485595703e+00 2.389999961853027344e+01 2.328846740722656250e+01
1.467000007629394531e+01 1.750000000000000000e+01 1.307250118255615234e+01
1.497999954223632812e+01 1.910000038146972656e+01 1.111466026306152344e+01
6.269999980926513672e+00 2.860000038146972656e+01 3.209251785278320312e+01
1.300000000000000000e+01 2.170000076293945312e+01 1.820413208007812500e+01
1.593999958038330078e+01 1.979999923706054688e+01 1.578557777404785156e+01
2.779999923706054688e+01 1.380000019073486328e+01 6.205184459686279297e-01
2.369000053405761719e+01 1.310000038146972656e+01 7.886904239654541016e+00
6.590000152587890625e+00 2.520000076293945312e+01 2.646712112426757812e+01
2.726000022888183594e+01 1.569999980926513672e+01 2.939463257789611816e-01
3.529999971389770508e+00 3.240000152587890625e+01 3.794237899780273438e+01
9.420000076293945312e+00 2.750000000000000000e+01 2.381823348999023438e+01
1.327000045776367188e+01 1.889999961853027344e+01 2.141081047058105469e+01
3.697999954223632812e+01 7.000000000000000000e+00 2.684687972068786621e-01
1.382999992370605469e+01 1.960000038146972656e+01 1.865140151977539062e+01
4.539999961853027344e+00 2.279999923706054688e+01 3.808726119995117188e+01
1.481000041961669922e+01 1.660000038146972656e+01 1.184968471527099609e+01
1.413000011444091797e+01 1.989999961853027344e+01 1.855655479431152344e+01
8.939999580383300781e+00 2.139999961853027344e+01 3.979114532470703125e+01
1.013000011444091797e+01 2.470000076293945312e+01 2.037748146057128906e+01
8.439999580383300781e+00 2.220000076293945312e+01 1.983980751037597656e+01
9.680000305175781250e+00 1.889999961853027344e+01 2.278871345520019531e+01
8.100000381469726562e+00 3.650000000000000000e+01 2.116644668579101562e+01
2.121999931335449219e+01 1.720000076293945312e+01 1.753157806396484375e+01
2.145000076293945312e+01 1.539999961853027344e+01 1.274391555786132812e+01
2.677000045776367188e+01 5.599999904632568359e+00 1.895024180412292480e-01
1.211999988555908203e+01 1.530000019073486328e+01 1.871868705749511719e+01
7.599999904632568359e+00 2.229999923706054688e+01 2.144888305664062500e+01
1.028999996185302734e+01 2.020000076293945312e+01 2.197294235229492188e+01
1.243000030517578125e+01 1.710000038146972656e+01 1.965778160095214844e+01
