3.329999923706054688e+00 2.850000000000000000e+01 4.684824752807617188e+01
4.699999809265136719e+00 2.789999961853027344e+01 3.042513656616210938e+01
2.287999916076660156e+01 1.280000019073486328e+01 4.341186046600341797e+00
5.639999866485595703e+00 2.389999961853027344e+01 2.598815345764160156e+01
1.714999961853027344e+01 1.900000000000000000e+01 1.194185638427734375e+01
1.760000038146972656e+01 2.310000038146972656e+01 1.779858589172363281e+01
1.497999954223632812e+01 1.910000038146972656e+01 1.412823295593261719e+01
1.987999916076660156e+01 1.450000000000000000e+01 1.481624794006347656e+01
7.599999904632568359e+00 2.229999923706054688e+01 3.011540603637695312e+01
1.310999965667724609e+01 2.139999961853027344e+01 1.916148757934570312e+01
7.789999961853027344e+00 2.500000000000000000e+01 3.598167800903320312e+01
9.619999885559082031e+00 2.389999961853027344e+01 2.656744956970214844e+01
1.028999996185302734e+01 2.020000076293945312e+01 1.960944747924804688e+01
8.229999542236328125e+00 2.200000000000000000e+01 2.062337684631347656e+01
5.210000038146972656e+00 2.870000076293945312e+01 2.570670127868652344e+01
7.699999809265136719e+00 2.039999961853027344e+01 2.348120498657226562e+01
1.063000011444091797e+01 1.860000038146972656e+01 1.649838638305664062e+01
1.234000015258789062e+01 2.120000076293945312e+01 1.973361968994140625e+01
8.510000228881835938e+00 2.060000038146972656e+01 1.961840248107910156e+01
1.343999958038330078e+01 1.929999923706054688e+01 1.500563621520996094e+01
1.727000045776367188e+01 1.610000038146972656e+01 2.165136528015136719e+01
1.792000007629394531e+01 2.150000000000000000e+01 1.943426704406738281e+01
3.920000076293945312e+00 4.670000076293945312e+01 3.781760406494140625e+01
5.679999828338623047e+00 2.220000076293945312e+01 3.249141693115234375e+01
1.285999965667724609e+01 2.250000000000000000e+01 1.908451843261718750e+01
1.992000007629394531e+01 8.500000000000000000e+00 1.265240478515625000e+01
1.322000026702880859e+01 2.139999961853027344e+01 1.972450447082519531e+01
9.510000228881835938e+00 2.479999923706054688e+01 2.399198150634765625e+01
1.481000041961669922e+01 1.660000038146972656e+01 2.142639541625976562e+01
7.789999961853027344e+00 1.860000038146972656e+01 3.598167800903320312e+01
7.900000095367431641e+00 2.160000038146972656e+01 1.235382175445556641e+01
8.100000381469726562e+00 3.650000000000000000e+01 2.199775314331054688e+01
7.539999961853027344e+00 2.339999961853027344e+01 3.185599327087402344e+01
1.267000007629394531e+01 1.720000076293945312e+01 2.259520721435546875e+01
1.719000053405761719e+01 1.620000076293945312e+01 1.071676158905029297e+01
8.050000190734863281e+00 2.900000000000000000e+01 2.559806632995605469e+01
7.389999866485595703e+00 2.329999923706054688e+01 2.708641052246093750e+01
1.203999996185302734e+01 2.120000076293945312e+01 1.564341163635253906e+01
1.646999931335449219e+01 1.950000000000000000e+01 1.268281364440917969e+01
1.202999973297119141e+01 1.910000038146972656e+01 1.610414505004882812e+01
1.969000053405761719e+01 1.410000038146972656e+01 7.484403133392333984e+00
1.013000011444091797e+01 2.470000076293945312e+01 1.955451583862304688e+01
3.130000114440917969e+00 3.759999847412109375e+01 4.378770446777343750e+01
7.670000076293945312e+00 2.650000000000000000e+01 2.386342239379882812e+01
1.272999954223632812e+01 2.100000000000000000e+01 2.011679267883300781e+01
1.835000038146972656e+01 1.310000038146972656e+01 1.415291976928710938e+01
1.293000030517578125e+01 2.010000038146972656e+01 2.077862739562988281e+01
1.351000022888183594e+01 2.329999923706054688e+01 1.885798263549804688e+01
2.490999984741210938e+01 1.200000000000000000e+01 1.125962734222412109e+00
1.073999977111816406e+01 2.300000000000000000e+01 1.304505825042724609e+01
