1.234000015258789062e+01 2.120000076293945312e+01 1.703016281127929688e+01
1.202999973297119141e+01 1.610000038146972656e+01 1.910746765136718750e+01
5.989999771118164062e+00 2.450000000000000000e+01 2.329106330871582031e+01
1.140999984741210938e+01 2.000000000000000000e+01 2.073563194274902344e+01
2.360000038146972656e+01 1.130000019073486328e+01 8.069647789001464844e+00
9.970000267028808594e+00 2.029999923706054688e+01 2.259800529479980469e+01
4.210000038146972656e+00 3.870000076293945312e+01 2.840204238891601562e+01
1.239999961853027344e+01 2.010000038146972656e+01 1.816840171813964844e+01
1.511999988555908203e+01 1.700000000000000000e+01 1.544978332519531250e+01
2.645000076293945312e+01 8.699999809265136719e+00 1.323980808258056641e+01
1.035999965667724609e+01 2.310000038146972656e+01 1.948876380920410156e+01
1.719000053405761719e+01 1.620000076293945312e+01 1.076596260070800781e+01
1.901000022888183594e+01 1.269999980926513672e+01 6.169829845428466797e+00
2.102000045776367188e+01 1.360000038146972656e+01 7.218195438385009766e+00
4.969999790191650391e+00 2.250000000000000000e+01 2.406135368347167969e+01
1.952000045776367188e+01 1.710000038146972656e+01 7.625034809112548828e+00
5.980000019073486328e+00 2.289999961853027344e+01 2.213179969787597656e+01
2.287999916076660156e+01 1.280000019073486328e+01 6.788864612579345703e+00
1.659000015258789062e+01 1.839999961853027344e+01 1.321176338195800781e+01
1.400000000000000000e+01 2.189999961853027344e+01 1.925528717041015625e+01
4.590000152587890625e+00 3.540000152587890625e+01 3.219929885864257812e+01
7.429999828338623047e+00 2.410000038146972656e+01 2.393547248840332031e+01
8.789999961853027344e+00 2.089999961853027344e+01 2.160849952697753906e+01
8.649999618530273438e+00 1.650000000000000000e+01 2.709611892700195312e+01
1.689999961853027344e+01 1.739999961853027344e+01 1.225712299346923828e+01
1.314999961853027344e+01 2.960000038146972656e+01 1.869081878662109375e+01
1.122000026702880859e+01 2.220000076293945312e+01 2.708630561828613281e+01
9.430000305175781250e+00 2.050000000000000000e+01 2.671046638488769531e+01
1.468999958038330078e+01 2.310000038146972656e+01 1.742179489135742188e+01
1.914999961853027344e+01 2.710000038146972656e+01 5.668679237365722656e+00
9.970000267028808594e+00 1.929999923706054688e+01 2.259800529479980469e+01
1.427000045776367188e+01 2.029999923706054688e+01 1.608965682983398438e+01
1.310999965667724609e+01 2.139999961853027344e+01 1.745553970336914062e+01
4.539999961853027344e+00 2.279999923706054688e+01 3.265468215942382812e+01
1.760000038146972656e+01 2.310000038146972656e+01 1.778878021240234375e+01
9.529999732971191406e+00 5.000000000000000000e+01 2.329256248474121094e+01
1.629999923706054688e+01 1.560000038146972656e+01 1.845335960388183594e+01
1.709000015258789062e+01 1.870000076293945312e+01 1.788225173950195312e+01
1.478999996185302734e+01 3.070000076293945312e+01 1.901362609863281250e+01
7.599999904632568359e+00 3.010000038146972656e+01 2.242452430725097656e+01
8.010000228881835938e+00 2.110000038146972656e+01 2.075432968139648438e+01
4.699999809265136719e+00 2.789999961853027344e+01 2.701232528686523438e+01
1.343999958038330078e+01 1.500000000000000000e+01 1.929991912841796875e+01
1.568999958038330078e+01 1.019999980926513672e+01 1.358418941497802734e+01
2.954999923706054688e+01 2.370000076293945312e+01 1.292861843109130859e+01
1.576000022888183594e+01 1.829999923706054688e+01 1.944111824035644531e+01
1.203999996185302734e+01 2.120000076293945312e+01 1.834087753295898438e+01
1.620999908447265625e+01 1.879999923706054688e+01 1.903303527832031250e+01
1.197999954223632812e+01 2.100000000000000000e+01 2.026800155639648438e+01
2.996999931335449219e+01 6.300000190734863281e+00 1.065198183059692383e+00
