3.950000047683715820e+00 3.160000038146972656e+01 4.148693847656250000e+01
9.090000152587890625e+00 1.979999923706054688e+01 2.075781059265136719e+01
1.435999965667724609e+01 2.320000076293945312e+01 1.493498516082763672e+01
1.712000083923339844e+01 1.310000038146972656e+01 1.871047782897949219e+01
4.690000057220458984e+00 3.050000000000000000e+01 3.066560363769531250e+01
1.314999961853027344e+01 1.870000076293945312e+01 2.024095535278320312e+01
1.164000034332275391e+01 2.270000076293945312e+01 2.333056640625000000e+01
5.329999923706054688e+00 3.620000076293945312e+01 2.930167961120605469e+01
1.260000038146972656e+01 1.920000076293945312e+01 1.527405643463134766e+01
1.727000045776367188e+01 1.610000038146972656e+01 2.169098854064941406e+01
9.380000114440917969e+00 2.810000038146972656e+01 2.449397277832031250e+01
1.536999988555908203e+01 2.039999961853027344e+01 4.743133544921875000e+00
1.267000007629394531e+01 1.720000076293945312e+01 2.259332084655761719e+01
1.243000030517578125e+01 1.710000038146972656e+01 1.480906295776367188e+01
4.559999942779541016e+00 3.490000152587890625e+01 3.272930908203125000e+01
3.569999933242797852e+00 4.379999923706054688e+01 3.081966018676757812e+01
5.329999923706054688e+00 2.939999961853027344e+01 2.930167961120605469e+01
5.679999828338623047e+00 3.250000000000000000e+01 2.220023345947265625e+01
1.659000015258789062e+01 1.839999961853027344e+01 1.213965892791748047e+01
1.243000030517578125e+01 2.289999961853027344e+01 1.480906295776367188e+01
1.360999965667724609e+01 1.929999923706054688e+01 2.192144012451171875e+01
9.689999580383300781e+00 2.870000076293945312e+01 2.142038345336914062e+01
7.119999885559082031e+00 2.750000000000000000e+01 2.258619308471679688e+01
1.760000038146972656e+01 2.310000038146972656e+01 1.779664611816406250e+01
2.379000091552734375e+01 1.080000019073486328e+01 5.078949451446533203e+00
7.829999923706054688e+00 1.939999961853027344e+01 2.932619476318359375e+01
1.885000038146972656e+01 1.539999961853027344e+01 9.332905769348144531e+00
3.062999916076660156e+01 8.800000190734863281e+00 9.571311950683593750e+00
1.397999954223632812e+01 2.639999961853027344e+01 1.853177452087402344e+01
1.443000030517578125e+01 1.739999961853027344e+01 1.263513183593750000e+01
1.202999973297119141e+01 1.610000038146972656e+01 1.910572624206542969e+01
2.970000028610229492e+00 5.000000000000000000e+01 4.110686492919921875e+01
7.010000228881835938e+00 2.500000000000000000e+01 2.579738616943359375e+01
4.539999961853027344e+00 2.279999923706054688e+01 3.161881065368652344e+01
4.739999771118164062e+00 2.900000000000000000e+01 2.923284530639648438e+01
7.190000057220458984e+00 2.910000038146972656e+01 1.994999885559082031e+01
2.145000076293945312e+01 1.539999961853027344e+01 2.059894371032714844e+01
8.880000114440917969e+00 5.000000000000000000e+01 2.426328849792480469e+01
6.920000076293945312e+00 2.989999961853027344e+01 3.359263229370117188e+01
1.481000041961669922e+01 1.660000038146972656e+01 2.137842941284179688e+01
1.344999980926513672e+01 1.970000076293945312e+01 1.962259292602539062e+01
6.360000133514404297e+00 3.160000038146972656e+01 2.369885063171386719e+01
2.770999908447265625e+01 1.319999980926513672e+01 1.172026515007019043e+00
1.502999973297119141e+01 1.839999961853027344e+01 1.284783172607421875e+01
7.789999961853027344e+00 1.860000038146972656e+01 2.500090599060058594e+01
2.297999954223632812e+01 5.000000000000000000e+00 1.315706157684326172e+01
1.937000083923339844e+01 1.250000000000000000e+01 9.191982269287109375e+00
1.620000076293945312e+01 1.939999961853027344e+01 1.410411167144775391e+01
8.260000228881835938e+00 2.039999961853027344e+01 1.949484062194824219e+01
9.970000267028808594e+00 2.029999923706054688e+01 1.186225891113281250e+01
