1.039999961853027344e+01 2.170000076293945312e+01 2.218627548217773438e+01
9.500000000000000000e+00 2.500000000000000000e+01 2.416946792602539062e+01
2.726000022888183594e+01 1.569999980926513672e+01 8.229101181030273438e+00
8.199999809265136719e+00 2.200000000000000000e+01 2.037449455261230469e+01
1.260000038146972656e+01 1.920000076293945312e+01 1.580297183990478516e+01
9.500000000000000000e+00 2.200000000000000000e+01 2.416946792602539062e+01
1.763999938964843750e+01 1.450000000000000000e+01 1.747721481323242188e+01
3.759999990463256836e+00 4.540000152587890625e+01 3.454786682128906250e+01
2.828000068664550781e+01 1.050000000000000000e+01 1.665489006042480469e+01
9.689999580383300781e+00 2.870000076293945312e+01 2.198309135437011719e+01
7.730000019073486328e+00 2.439999961853027344e+01 2.006908798217773438e+01
6.679999828338623047e+00 3.200000000000000000e+01 2.663386535644531250e+01
1.359000015258789062e+01 2.450000000000000000e+01 2.166832733154296875e+01
7.900000095367431641e+00 2.160000038146972656e+01 1.873789405822753906e+01
9.079999923706054688e+00 2.060000038146972656e+01 2.033633041381835938e+01
1.164999961853027344e+01 2.429999923706054688e+01 1.851003074645996094e+01
9.100000381469726562e+00 2.029999923706054688e+01 1.987817764282226562e+01
1.502000045776367188e+01 1.670000076293945312e+01 1.844923210144042969e+01
1.202999973297119141e+01 1.610000038146972656e+01 2.096212768554687500e+01
1.868000030517578125e+01 1.670000076293945312e+01 1.762141609191894531e+01
1.027000045776367188e+01 2.079999923706054688e+01 2.028070068359375000e+01
9.550000190734863281e+00 2.120000076293945312e+01 2.477894401550292969e+01
1.013000011444091797e+01 2.470000076293945312e+01 2.218021392822265625e+01
3.477000045776367188e+01 1.380000019073486328e+01 2.287454843521118164e+00
2.323999977111816406e+01 1.389999961853027344e+01 1.238074207305908203e+01
4.809999942779541016e+00 3.540000152587890625e+01 2.925217056274414062e+01
4.079999923706054688e+00 3.329999923706054688e+01 3.682557296752929688e+01
1.930999946594238281e+01 1.300000000000000000e+01 2.056415557861328125e+01
2.904999923706054688e+01 7.199999809265136719e+00 1.330530357360839844e+01
5.809999942779541016e+00 2.529999923706054688e+01 3.646022415161132812e+01
6.750000000000000000e+00 2.070000076293945312e+01 2.726955986022949219e+01
2.779999923706054688e+01 1.380000019073486328e+01 8.940503120422363281e+00
6.860000133514404297e+00 2.329999923706054688e+01 2.910845756530761719e+01
4.690000057220458984e+00 3.050000000000000000e+01 2.658737182617187500e+01
1.876000022888183594e+01 2.320000076293945312e+01 1.583320045471191406e+01
2.334000015258789062e+01 1.189999961853027344e+01 1.298861980438232422e+01
1.987999916076660156e+01 1.450000000000000000e+01 8.901520729064941406e+00
3.130000114440917969e+00 3.759999847412109375e+01 2.083329772949218750e+01
1.165999984741210938e+01 2.979999923706054688e+01 1.846811676025390625e+01
1.812999916076660156e+01 1.410000038146972656e+01 1.410531139373779297e+01
1.659000015258789062e+01 1.839999961853027344e+01 1.187903690338134766e+01
5.099999904632568359e+00 3.700000000000000000e+01 2.635480308532714844e+01
1.232999992370605469e+01 2.010000038146972656e+01 1.635713005065917969e+01
7.340000152587890625e+00 2.260000038146972656e+01 3.367773056030273438e+01
1.642000007629394531e+01 1.639999961853027344e+01 1.259130477905273438e+01
9.970000267028808594e+00 1.929999923706054688e+01 2.030480194091796875e+01
1.086999988555908203e+01 2.260000038146972656e+01 2.240620803833007812e+01
2.211000061035156250e+01 1.050000000000000000e+01 6.583885192871093750e+00
1.409000015258789062e+01 2.039999961853027344e+01 2.131350517272949219e+01
9.880000114440917969e+00 2.170000076293945312e+01 2.030291175842285156e+01
