1.644000053405761719e+01 1.260000038146972656e+01 1.729294013977050781e+01
4.159999847412109375e+00 3.309999847412109375e+01 3.970986175537109375e+01
4.210000038146972656e+00 3.870000076293945312e+01 3.140221405029296875e+01
1.435999965667724609e+01 2.320000076293945312e+01 2.050247573852539062e+01
2.737999916076660156e+01 8.500000000000000000e+00 6.702293395996093750e+00
1.517000007629394531e+01 1.380000019073486328e+01 1.170008468627929688e+01
2.645000076293945312e+01 8.699999809265136719e+00 1.290081310272216797e+01
2.309000015258789062e+01 2.000000000000000000e+01 6.143113136291503906e+00
3.920000076293945312e+00 4.670000076293945312e+01 3.761104965209960938e+01
1.056000041961669922e+01 1.850000000000000000e+01 1.934471893310546875e+01
5.489999771118164062e+00 3.270000076293945312e+01 2.412741661071777344e+01
2.410000038146972656e+01 1.330000019073486328e+01 1.019703578948974609e+01
1.280000019073486328e+01 1.839999961853027344e+01 2.181567192077636719e+01
2.940000057220458984e+00 3.340000152587890625e+01 4.808939743041992188e+01
4.739999771118164062e+00 2.900000000000000000e+01 3.121835136413574219e+01
2.929000091552734375e+01 1.180000019073486328e+01 3.083624362945556641e+00
1.571000003814697266e+01 2.170000076293945312e+01 1.435755348205566406e+01
1.327000045776367188e+01 2.170000076293945312e+01 1.890306091308593750e+01
1.452000045776367188e+01 1.089999961853027344e+01 1.395553970336914062e+01
7.389999866485595703e+00 2.710000038146972656e+01 2.330854415893554688e+01
7.340000152587890625e+00 2.260000038146972656e+01 2.640006637573242188e+01
7.670000076293945312e+00 2.650000000000000000e+01 2.066345214843750000e+01
1.987999916076660156e+01 1.450000000000000000e+01 1.443846702575683594e+01
9.470000267028808594e+00 2.500000000000000000e+01 3.052039527893066406e+01
1.334000015258789062e+01 2.060000038146972656e+01 2.152722167968750000e+01
9.159999847412109375e+00 2.429999923706054688e+01 2.031496047973632812e+01
7.539999961853027344e+00 2.339999961853027344e+01 3.184051704406738281e+01
1.469999980926513672e+01 2.000000000000000000e+01 2.224881553649902344e+01
1.613999938964843750e+01 1.310000038146972656e+01 1.670863342285156250e+01
2.540999984741210938e+01 1.729999923706054688e+01 1.298862695693969727e+00
5.639999866485595703e+00 2.389999961853027344e+01 2.285604286193847656e+01
3.160000085830688477e+00 5.000000000000000000e+01 4.349438476562500000e+01
3.569999933242797852e+00 4.379999923706054688e+01 3.296499633789062500e+01
2.131999969482421875e+01 1.330000019073486328e+01 1.909923362731933594e+01
1.694000053405761719e+01 1.350000000000000000e+01 1.741403007507324219e+01
1.760000038146972656e+01 1.779999923706054688e+01 2.309215164184570312e+01
4.969999790191650391e+00 2.250000000000000000e+01 2.385299491882324219e+01
4.820000171661376953e+00 3.790000152587890625e+01 3.240233612060546875e+01
1.576000022888183594e+01 1.829999923706054688e+01 1.670660591125488281e+01
1.410000038146972656e+01 1.829999923706054688e+01 2.114696884155273438e+01
1.027000045776367188e+01 2.079999923706054688e+01 1.874163246154785156e+01
1.164999961853027344e+01 2.429999923706054688e+01 2.616193580627441406e+01
8.100000381469726562e+00 3.650000000000000000e+01 2.200372123718261719e+01
1.593999958038330078e+01 1.979999923706054688e+01 1.635616683959960938e+01
3.529999971389770508e+00 3.240000152587890625e+01 2.963795280456542969e+01
2.297999954223632812e+01 5.000000000000000000e+00 6.995204925537109375e+00
1.992000007629394531e+01 8.500000000000000000e+00 1.227818298339843750e+01
1.730000019073486328e+00 5.000000000000000000e+01 1.074582004547119141e+01
2.031999969482421875e+01 7.199999809265136719e+00 1.248089504241943359e+01
1.168999958038330078e+01 2.020000076293945312e+01 2.388772773742675781e+01
