2.260000038146972656e+01 1.269999980926513672e+01 7.439997673034667969e+00
4.670000076293945312e+00 2.350000000000000000e+01 4.699481201171875000e+01
7.179999828338623047e+00 2.389999961853027344e+01 2.129113197326660156e+01
1.620999908447265625e+01 1.879999923706054688e+01 1.863339805603027344e+01
4.860000133514404297e+00 3.309999847412109375e+01 3.555217742919921875e+01
1.977000045776367188e+01 8.300000190734863281e+00 4.983655929565429688e+00
2.062000083923339844e+01 8.800000190734863281e+00 8.229816436767578125e+00
2.045000076293945312e+01 1.500000000000000000e+01 6.630881309509277344e+00
1.052999973297119141e+01 1.750000000000000000e+01 1.982519531250000000e+01
1.335000038146972656e+01 2.010000038146972656e+01 2.246663475036621094e+01
7.119999885559082031e+00 2.750000000000000000e+01 2.169459915161132812e+01
1.510000038146972656e+01 1.750000000000000000e+01 6.846987724304199219e+00
2.663999938964843750e+01 1.039999961853027344e+01 2.057602882385253906e+00
1.035999965667724609e+01 2.310000038146972656e+01 1.908763885498046875e+01
1.310999965667724609e+01 2.139999961853027344e+01 2.082713890075683594e+01
9.739999771118164062e+00 1.900000000000000000e+01 2.781056785583496094e+01
1.578999996185302734e+01 1.939999961853027344e+01 1.591261100769042969e+01
1.792000007629394531e+01 2.150000000000000000e+01 1.442875480651855469e+01
1.728000068664550781e+01 1.480000019073486328e+01 1.261239910125732422e+01
3.160000085830688477e+00 5.000000000000000000e+01 1.150893878936767578e+01
9.970000267028808594e+00 2.029999923706054688e+01 2.200999259948730469e+01
1.409000015258789062e+01 2.039999961853027344e+01 1.132141780853271484e+01
1.621999931335449219e+01 1.430000019073486328e+01 1.847727203369140625e+01
5.900000095367431641e+00 2.439999961853027344e+01 4.814729309082031250e+01
3.059000015258789062e+01 5.000000000000000000e+00 5.433446168899536133e-01
1.059000015258789062e+01 2.060000038146972656e+01 2.046613883972167969e+01
2.287999916076660156e+01 1.280000019073486328e+01 1.248645114898681641e+01
1.063000011444091797e+01 1.860000038146972656e+01 2.100821876525878906e+01
4.079999923706054688e+00 3.329999923706054688e+01 3.463723754882812500e+01
1.202999973297119141e+01 1.910000038146972656e+01 2.275043487548828125e+01
1.622999954223632812e+01 1.489999961853027344e+01 1.832622909545898438e+01
1.727000045776367188e+01 1.610000038146972656e+01 1.251525497436523438e+01
1.042000007629394531e+01 2.179999923706054688e+01 1.916907501220703125e+01
4.699999809265136719e+00 2.789999961853027344e+01 4.489793395996093750e+01
1.517000007629394531e+01 1.380000019073486328e+01 7.249796390533447266e+00
1.300000000000000000e+01 2.170000076293945312e+01 2.110104942321777344e+01
1.730999946594238281e+01 1.560000038146972656e+01 1.292531108856201172e+01
8.670000076293945312e+00 2.639999961853027344e+01 1.891098213195800781e+01
6.210000038146972656e+00 2.500000000000000000e+01 2.304634475708007812e+01
7.440000057220458984e+00 2.470000076293945312e+01 2.202871894836425781e+01
3.730000019073486328e+00 5.000000000000000000e+01 2.994331550598144531e+01
2.438999938964843750e+01 8.300000190734863281e+00 6.321059703826904297e+00
1.144999980926513672e+01 2.060000038146972656e+01 2.536354827880859375e+01
4.159999847412109375e+00 3.309999847412109375e+01 3.692482757568359375e+01
3.109999895095825195e+00 4.229999923706054688e+01 1.058294010162353516e+01
9.800000190734863281e+00 1.950000000000000000e+01 2.593852043151855469e+01
7.389999866485595703e+00 2.710000038146972656e+01 2.157142257690429688e+01
1.502000045776367188e+01 1.560000038146972656e+01 6.502132892608642578e+00
1.056000041961669922e+01 1.850000000000000000e+01 2.012018775939941406e+01
2.334000015258789062e+01 1.189999961853027344e+01 1.439831924438476562e+01
