9.970000267028808594e+00 1.929999923706054688e+01 2.031314468383789062e+01
4.739999771118164062e+00 2.900000000000000000e+01 2.912409591674804688e+01
3.697999954223632812e+01 7.000000000000000000e+00 1.108826364060178093e-08
3.062999916076660156e+01 8.800000190734863281e+00 9.574835777282714844e+00
4.559999942779541016e+00 3.490000152587890625e+01 2.975546073913574219e+01
6.360000133514404297e+00 2.370000076293945312e+01 2.309908103942871094e+01
1.398999977111816406e+01 1.950000000000000000e+01 2.502128410339355469e+01
5.909999847412109375e+00 4.879999923706054688e+01 2.456650733947753906e+01
2.579000091552734375e+01 7.500000000000000000e+00 4.036934852600097656e+00
1.400000000000000000e+01 2.189999961853027344e+01 2.386529922485351562e+01
6.289999961853027344e+00 2.460000038146972656e+01 2.620286369323730469e+01
5.030000209808349609e+00 3.110000038146972656e+01 2.059571266174316406e+01
1.510000038146972656e+01 1.750000000000000000e+01 1.651250267028808594e+01
1.709000015258789062e+01 1.870000076293945312e+01 1.806472015380859375e+01
7.440000057220458984e+00 2.470000076293945312e+01 4.948529815673828125e+01
3.700000047683715820e+00 5.000000000000000000e+01 2.772843933105468750e+01
2.455999946594238281e+01 1.230000019073486328e+01 1.236847281455993652e+00
7.389999866485595703e+00 2.710000038146972656e+01 2.325942611694335938e+01
2.297999954223632812e+01 5.000000000000000000e+00 9.026459693908691406e+00
7.340000152587890625e+00 2.260000038146972656e+01 2.634399414062500000e+01
3.809999942779541016e+00 4.850000000000000000e+01 3.447745132446289062e+01
1.763999938964843750e+01 1.450000000000000000e+01 1.852395820617675781e+01
1.197000026702880859e+01 2.000000000000000000e+01 1.970766448974609375e+01
1.018999958038330078e+01 2.079999923706054688e+01 2.048240661621093750e+01
1.322000026702880859e+01 2.139999961853027344e+01 1.957007408142089844e+01
1.629999923706054688e+01 1.560000038146972656e+01 1.839320373535156250e+01
1.147999954223632812e+01 2.270000076293945312e+01 1.813918876647949219e+01
1.642000007629394531e+01 1.639999961853027344e+01 1.209006595611572266e+01
4.980000019073486328e+00 2.400000000000000000e+01 1.998097229003906250e+01
1.414999961853027344e+01 2.000000000000000000e+01 1.852385520935058594e+01
1.327999973297119141e+01 1.960000038146972656e+01 1.994129371643066406e+01
2.869999885559082031e+00 3.640000152587890625e+01 1.894701957702636719e+01
2.369000053405761719e+01 1.310000038146972656e+01 5.930922031402587891e+00
2.980000019073486328e+00 3.200000000000000000e+01 4.835762405395507812e+01
1.613999938964843750e+01 1.310000038146972656e+01 1.664345932006835938e+01
1.267000007629394531e+01 1.720000076293945312e+01 2.254801177978515625e+01
2.540999984741210938e+01 1.729999923706054688e+01 1.282527685165405273e+00
3.529999971389770508e+00 2.960000038146972656e+01 3.289582061767578125e+01
4.699999809265136719e+00 2.789999961853027344e+01 2.981936454772949219e+01
1.569999980926513672e+01 1.419999980926513672e+01 1.589169788360595703e+01
1.418999958038330078e+01 1.989999961853027344e+01 1.724840164184570312e+01
1.057999992370605469e+01 2.120000076293945312e+01 1.665826606750488281e+01
6.579999923706054688e+00 3.520000076293945312e+01 2.309783363342285156e+01
1.465999984741210938e+01 2.439999961853027344e+01 1.755473136901855469e+01
5.900000095367431641e+00 2.439999961853027344e+01 2.548180007934570312e+01
2.438999938964843750e+01 8.300000190734863281e+00 2.328007221221923828e+00
9.689999580383300781e+00 2.870000076293945312e+01 2.138751983642578125e+01
9.590000152587890625e+00 3.379999923706054688e+01 2.331267547607421875e+01
3.402000045776367188e+01 8.399999618530273438e+00 1.039894223213195801e+00
4.730000019073486328e+00 3.150000000000000000e+01 2.900772285461425781e+01
