4.840000152587890625e+00 2.660000038146972656e+01 3.576822662353515625e+01
2.980000019073486328e+00 3.200000000000000000e+01 4.853205108642578125e+01
1.410000038146972656e+01 2.079999923706054688e+01 2.146862602233886719e+01
7.559999942779541016e+00 3.979999923706054688e+01 2.374385833740234375e+01
1.502999973297119141e+01 1.839999961853027344e+01 1.643478012084960938e+01
1.172000026702880859e+01 1.939999961853027344e+01 1.884526252746582031e+01
9.420000076293945312e+00 2.750000000000000000e+01 2.183750915527343750e+01
1.629999923706054688e+01 1.560000038146972656e+01 1.841414451599121094e+01
1.517000007629394531e+01 1.169999980926513672e+01 1.379628849029541016e+01
1.202999973297119141e+01 1.910000038146972656e+01 1.623020935058593750e+01
1.147999954223632812e+01 2.270000076293945312e+01 1.763078117370605469e+01
2.273999977111816406e+01 8.399999618530273438e+00 7.727588176727294922e+00
2.152000045776367188e+01 1.100000000000000000e+01 1.421150779724121094e+01
5.250000000000000000e+00 3.170000076293945312e+01 2.563024902343750000e+01
4.380000114440917969e+00 2.910000038146972656e+01 3.160827827453613281e+01
9.619999885559082031e+00 2.389999961853027344e+01 2.656255149841308594e+01
1.646999931335449219e+01 1.950000000000000000e+01 1.271122550964355469e+01
2.726000022888183594e+01 1.569999980926513672e+01 3.722262144088745117e+00
1.039999961853027344e+01 2.170000076293945312e+01 2.169247055053710938e+01
1.056000041961669922e+01 1.850000000000000000e+01 2.087319564819335938e+01
1.885000038146972656e+01 1.539999961853027344e+01 1.281529426574707031e+01
1.052999973297119141e+01 1.750000000000000000e+01 2.134571838378906250e+01
1.719000053405761719e+01 1.620000076293945312e+01 1.078686809539794922e+01
7.530000209808349609e+00 2.820000076293945312e+01 2.309282493591308594e+01
1.727000045776367188e+01 2.170000076293945312e+01 1.605909156799316406e+01
1.327000045776367188e+01 2.170000076293945312e+01 1.891434288024902344e+01
6.869999885559082031e+00 2.310000038146972656e+01 2.477250289916992188e+01
8.010000228881835938e+00 2.110000038146972656e+01 2.248953056335449219e+01
1.164999961853027344e+01 2.429999923706054688e+01 2.612864112854003906e+01
1.502000045776367188e+01 1.560000038146972656e+01 1.668132591247558594e+01
8.930000305175781250e+00 2.839999961853027344e+01 3.615917587280273438e+01
5.489999771118164062e+00 2.410000038146972656e+01 3.275477981567382812e+01
1.097000026702880859e+01 2.439999961853027344e+01 1.632746124267578125e+01
1.497999954223632812e+01 1.910000038146972656e+01 1.426573848724365234e+01
8.430000305175781250e+00 2.339999961853027344e+01 2.112041854858398438e+01
7.670000076293945312e+00 2.650000000000000000e+01 2.078582572937011719e+01
1.300000000000000000e+01 2.110000038146972656e+01 2.165511894226074219e+01
1.760000038146972656e+01 2.310000038146972656e+01 1.779943275451660156e+01
8.199999809265136719e+00 2.200000000000000000e+01 2.160224151611328125e+01
4.079999923706054688e+00 3.329999923706054688e+01 3.594977569580078125e+01
1.476000022888183594e+01 2.010000038146972656e+01 2.566583824157714844e+01
1.014999961853027344e+01 2.050000000000000000e+01 2.326592254638671875e+01
1.987999916076660156e+01 1.450000000000000000e+01 1.205441665649414062e+01
6.480000019073486328e+00 2.200000000000000000e+01 3.176278686523437500e+01
7.199999809265136719e+00 2.379999923706054688e+01 2.715644645690917969e+01
1.131999969482421875e+01 2.229999923706054688e+01 1.987765693664550781e+01
5.389999866485595703e+00 3.490000152587890625e+01 2.765568923950195312e+01
1.359000015258789062e+01 2.450000000000000000e+01 1.790564727783203125e+01
1.664999961853027344e+01 1.560000038146972656e+01 1.556554317474365234e+01
8.510000228881835938e+00 2.060000038146972656e+01 1.966789627075195312e+01
