1.267000007629394531e+01 2.260000038146972656e+01 1.752537536621093750e+01
1.088000011444091797e+01 2.400000000000000000e+01 1.776013183593750000e+01
8.510000228881835938e+00 2.060000038146972656e+01 1.431886672973632812e+01
2.030999946594238281e+01 1.210000038146972656e+01 4.013658046722412109e+00
2.455999946594238281e+01 1.230000019073486328e+01 2.515870094299316406e+00
1.322000026702880859e+01 2.139999961853027344e+01 1.930739402770996094e+01
9.970000267028808594e+00 2.029999923706054688e+01 1.475527191162109375e+01
6.530000209808349609e+00 2.660000038146972656e+01 1.796796989440917969e+01
1.452000045776367188e+01 1.089999961853027344e+01 1.578220176696777344e+01
3.697999954223632812e+01 7.000000000000000000e+00 4.612467288970947266e-01
2.970000028610229492e+00 5.000000000000000000e+01 3.582229995727539062e+01
5.210000038146972656e+00 2.870000076293945312e+01 3.649349594116210938e+01
1.165999984741210938e+01 2.979999923706054688e+01 2.351401329040527344e+01
1.603000068664550781e+01 2.239999961853027344e+01 1.061966037750244141e+01
2.645000076293945312e+01 8.699999809265136719e+00 2.466702938079833984e+00
6.719999790191650391e+00 2.420000076293945312e+01 1.969950103759765625e+01
1.042000007629394531e+01 2.179999923706054688e+01 2.206171989440917969e+01
8.100000381469726562e+00 3.650000000000000000e+01 1.953560829162597656e+01
8.670000076293945312e+00 2.639999961853027344e+01 1.703808021545410156e+01
1.272999954223632812e+01 2.100000000000000000e+01 1.944605255126953125e+01
6.780000209808349609e+00 2.410000038146972656e+01 2.207340431213378906e+01
4.840000152587890625e+00 2.660000038146972656e+01 2.919690322875976562e+01
3.809999942779541016e+00 4.850000000000000000e+01 2.505769920349121094e+01
5.099999904632568359e+00 3.700000000000000000e+01 4.727234649658203125e+01
4.809999942779541016e+00 3.540000152587890625e+01 2.877969360351562500e+01
8.439999580383300781e+00 2.220000076293945312e+01 1.449726104736328125e+01
9.539999961853027344e+00 2.510000038146972656e+01 2.228617095947265625e+01
1.646999931335449219e+01 1.950000000000000000e+01 1.346460247039794922e+01
9.970000267028808594e+00 1.929999923706054688e+01 1.475527191162109375e+01
1.026000022888183594e+01 1.820000076293945312e+01 2.012897109985351562e+01
8.050000190734863281e+00 2.900000000000000000e+01 1.918647003173828125e+01
7.190000057220458984e+00 2.910000038146972656e+01 2.358541870117187500e+01
1.885000038146972656e+01 1.539999961853027344e+01 1.016782474517822266e+01
1.343999958038330078e+01 1.929999923706054688e+01 1.500072669982910156e+01
7.139999866485595703e+00 2.320000076293945312e+01 2.343222618103027344e+01
5.980000019073486328e+00 2.289999961853027344e+01 2.359120941162109375e+01
3.920000076293945312e+00 4.670000076293945312e+01 2.964208793640136719e+01
6.150000095367431641e+00 2.300000000000000000e+01 2.516835021972656250e+01
3.319999933242797852e+00 5.000000000000000000e+01 3.143636894226074219e+01
1.978000068664550781e+01 2.750000000000000000e+01 8.801663398742675781e+00
4.210000038146972656e+00 3.870000076293945312e+01 2.963175773620605469e+01
1.014999961853027344e+01 2.050000000000000000e+01 1.895393180847167969e+01
1.763999938964843750e+01 1.450000000000000000e+01 1.865584754943847656e+01
5.980000019073486328e+00 2.210000038146972656e+01 2.359120941162109375e+01
7.739999771118164062e+00 2.370000076293945312e+01 1.967991447448730469e+01
1.467000007629394531e+01 1.750000000000000000e+01 2.034467887878417969e+01
9.079999923706054688e+00 2.060000038146972656e+01 2.051384544372558594e+01
1.629999923706054688e+01 1.560000038146972656e+01 1.235604667663574219e+01
1.744000053405761719e+01 1.339999961853027344e+01 1.492530918121337891e+01
1.360999965667724609e+01 1.929999923706054688e+01 1.890348815917968750e+01
