6.559999942779541016e+00 2.620000076293945312e+01 2.129554748535156250e+01
4.809999942779541016e+00 3.540000152587890625e+01 2.412460136413574219e+01
8.159999847412109375e+00 2.289999961853027344e+01 2.283499526977539062e+01
2.329000091552734375e+01 1.339999961853027344e+01 9.496902465820312500e+00
1.285999965667724609e+01 2.250000000000000000e+01 1.902281570434570312e+01
7.119999885559082031e+00 2.750000000000000000e+01 1.950149536132812500e+01
6.469999790191650391e+00 3.340000152587890625e+01 2.212719917297363281e+01
2.726000022888183594e+01 1.569999980926513672e+01 3.321134328842163086e+00
6.530000209808349609e+00 2.660000038146972656e+01 2.045408439636230469e+01
1.197000026702880859e+01 2.000000000000000000e+01 1.961799812316894531e+01
1.010999965667724609e+01 1.500000000000000000e+01 2.318740272521972656e+01
8.930000305175781250e+00 2.839999961853027344e+01 3.446648406982421875e+01
1.879999923706054688e+01 1.660000038146972656e+01 1.836709594726562500e+01
2.579000091552734375e+01 7.500000000000000000e+00 3.872307300567626953e+00
4.559999942779541016e+00 3.490000152587890625e+01 2.971295738220214844e+01
1.351000022888183594e+01 2.329999923706054688e+01 1.839046859741210938e+01
6.360000133514404297e+00 2.370000076293945312e+01 3.154463386535644531e+01
7.260000228881835938e+00 4.309999847412109375e+01 2.102309799194335938e+01
9.289999961853027344e+00 1.870000076293945312e+01 2.342752838134765625e+01
1.805999946594238281e+01 2.250000000000000000e+01 9.915943145751953125e+00
1.343999958038330078e+01 1.500000000000000000e+01 1.929685783386230469e+01
6.619999885559082031e+00 3.459999847412109375e+01 2.599241256713867188e+01
4.030000209808349609e+00 3.470000076293945312e+01 3.504972076416015625e+01
2.327000045776367188e+01 1.339999961853027344e+01 1.100108337402343750e+01
7.530000209808349609e+00 2.820000076293945312e+01 2.313612937927246094e+01
4.860000133514404297e+00 3.309999847412109375e+01 3.272192382812500000e+01
3.009999990463256836e+00 4.600000000000000000e+01 3.091524505615234375e+01
6.920000076293945312e+00 2.989999961853027344e+01 3.331033706665039062e+01
4.320000171661376953e+00 3.079999923706054688e+01 2.304912376403808594e+01
7.849999904632568359e+00 3.220000076293945312e+01 1.609697532653808594e+01
2.145000076293945312e+01 1.539999961853027344e+01 2.063703727722167969e+01
1.806999969482421875e+01 1.360000038146972656e+01 1.026885414123535156e+01
1.042000007629394531e+01 2.179999923706054688e+01 2.081666374206542969e+01
2.031999969482421875e+01 7.199999809265136719e+00 6.747159004211425781e+00
1.569999980926513672e+01 1.419999980926513672e+01 9.742198944091796875e+00
4.449999809265136719e+00 5.000000000000000000e+01 3.283768844604492188e+01
6.070000171661376953e+00 2.479999923706054688e+01 2.057741546630859375e+01
3.080999946594238281e+01 1.439999961853027344e+01 1.874652862548828125e+00
1.642000007629394531e+01 1.639999961853027344e+01 1.199886226654052734e+01
1.651000022888183594e+01 1.389999961853027344e+01 1.709864044189453125e+01
9.100000381469726562e+00 2.029999923706054688e+01 2.033662033081054688e+01
1.805999946594238281e+01 1.519999980926513672e+01 9.915943145751953125e+00
4.670000076293945312e+00 2.350000000000000000e+01 3.577075958251953125e+01
1.728000068664550781e+01 1.480000019073486328e+01 1.771748352050781250e+01
2.953000068664550781e+01 1.460000038146972656e+01 2.026939964294433594e+01
3.436999893188476562e+01 1.789999961853027344e+01 1.042568492889404297e+01
1.571000003814697266e+01 2.170000076293945312e+01 9.361938476562500000e+00
1.272999954223632812e+01 2.100000000000000000e+01 1.852892494201660156e+01
2.455999946594238281e+01 1.230000019073486328e+01 2.514414072036743164e+00
1.300000000000000000e+01 2.170000076293945312e+01 2.106041526794433594e+01
