3.539999961853027344e+00 4.279999923706054688e+01 3.780736160278320312e+01
6.719999790191650391e+00 2.479999923706054688e+01 1.818790817260742188e+01
1.042000007629394531e+01 2.179999923706054688e+01 1.947341918945312500e+01
2.131999969482421875e+01 1.910000038146972656e+01 8.174146652221679688e+00
5.210000038146972656e+00 2.870000076293945312e+01 2.531975746154785156e+01
3.950000047683715820e+00 3.160000038146972656e+01 3.675103759765625000e+01
1.620000076293945312e+01 1.939999961853027344e+01 1.435480499267578125e+01
6.929999828338623047e+00 3.609999847412109375e+01 1.614097213745117188e+01
6.360000133514404297e+00 2.310000038146972656e+01 2.372818374633789062e+01
1.122000026702880859e+01 2.220000076293945312e+01 2.207250213623046875e+01
8.670000076293945312e+00 2.639999961853027344e+01 1.721294784545898438e+01
4.380000114440917969e+00 2.910000038146972656e+01 2.842840576171875000e+01
4.590000152587890625e+00 4.129999923706054688e+01 2.905533027648925781e+01
1.243000030517578125e+01 1.710000038146972656e+01 1.326722145080566406e+01
1.028999996185302734e+01 2.020000076293945312e+01 2.125116539001464844e+01
3.477000045776367188e+01 1.380000019073486328e+01 5.009432015867787413e-07
4.079999923706054688e+00 3.329999923706054688e+01 3.277077102661132812e+01
2.287999916076660156e+01 1.280000019073486328e+01 1.469746971130371094e+01
1.327000045776367188e+01 1.889999961853027344e+01 2.179834747314453125e+01
1.232999992370605469e+01 2.010000038146972656e+01 1.243046569824218750e+01
2.007999992370605469e+01 1.629999923706054688e+01 1.127101230621337891e+01
2.273999977111816406e+01 8.399999618530273438e+00 1.212295532226562500e+01
4.630000114440917969e+00 5.000000000000000000e+01 2.951425743103027344e+01
1.510000038146972656e+01 1.750000000000000000e+01 1.503415870666503906e+01
3.697999954223632812e+01 7.000000000000000000e+00 1.674827920794541569e-08
2.645000076293945312e+01 8.699999809265136719e+00 1.802233159542083740e-01
1.727000045776367188e+01 1.610000038146972656e+01 1.498551273345947266e+01
2.663999938964843750e+01 1.039999961853027344e+01 1.345650851726531982e-01
6.730000019073486328e+00 2.220000076293945312e+01 1.804945564270019531e+01
1.760000038146972656e+01 1.779999923706054688e+01 1.510511207580566406e+01
1.023999977111816406e+01 1.939999961853027344e+01 2.215688705444335938e+01
8.439999580383300781e+00 2.220000076293945312e+01 2.442787933349609375e+01
5.699999809265136719e+00 2.870000076293945312e+01 2.416524314880371094e+01
3.436999893188476562e+01 1.789999961853027344e+01 9.266239544558629859e-07
4.860000133514404297e+00 3.309999847412109375e+01 2.517235946655273438e+01
7.510000228881835938e+00 2.289999961853027344e+01 1.929657554626464844e+01
9.520000457763671875e+00 2.450000000000000000e+01 1.922923278808593750e+01
1.467000007629394531e+01 1.750000000000000000e+01 1.186490058898925781e+01
5.809999942779541016e+00 2.529999923706054688e+01 2.485316848754882812e+01
8.100000381469726562e+00 2.200000000000000000e+01 1.862337112426757812e+01
5.679999828338623047e+00 2.220000076293945312e+01 2.411514663696289062e+01
2.681999969482421875e+01 1.339999961853027344e+01 1.020301952958106995e-01
1.992000007629394531e+01 8.500000000000000000e+00 1.196765518188476562e+01
8.880000114440917969e+00 5.000000000000000000e+01 2.017671203613281250e+01
3.700000047683715820e+00 5.000000000000000000e+01 4.416189193725585938e+01
1.459000015258789062e+01 1.710000038146972656e+01 1.129771327972412109e+01
2.639999961853027344e+01 1.720000076293945312e+01 1.946257352828979492e-01
9.739999771118164062e+00 1.900000000000000000e+01 1.915834426879882812e+01
1.695999908447265625e+01 1.810000038146972656e+01 1.630537986755371094e+01
1.803000068664550781e+01 1.460000038146972656e+01 2.151521682739257812e+01
