4.840000152587890625e+00 2.660000038146972656e+01 3.582872772216796875e+01
7.010000228881835938e+00 2.500000000000000000e+01 2.768000221252441406e+01
5.679999828338623047e+00 3.250000000000000000e+01 2.220414733886718750e+01
4.670000076293945312e+00 2.350000000000000000e+01 4.076776123046875000e+01
8.649999618530273438e+00 1.650000000000000000e+01 2.726606941223144531e+01
8.880000114440917969e+00 5.000000000000000000e+01 1.742644882202148438e+01
3.730000019073486328e+00 5.000000000000000000e+01 4.736235427856445312e+01
3.109999895095825195e+00 4.229999923706054688e+01 3.748048782348632812e+01
2.779999923706054688e+01 1.380000019073486328e+01 6.156765818595886230e-01
4.380000114440917969e+00 2.910000038146972656e+01 3.294630813598632812e+01
7.699999809265136719e+00 2.039999961853027344e+01 2.500619888305664062e+01
5.909999847412109375e+00 4.879999923706054688e+01 2.502315902709960938e+01
2.113999938964843750e+01 1.970000076293945312e+01 1.238810825347900391e+01
1.710000038146972656e+01 1.889999961853027344e+01 1.489993190765380859e+01
8.050000190734863281e+00 3.300000000000000000e+01 2.359499740600585938e+01
6.190000057220458984e+00 3.320000076293945312e+01 2.396422576904296875e+01
1.027000045776367188e+01 2.079999923706054688e+01 1.879404258728027344e+01
5.900000095367431641e+00 2.439999961853027344e+01 2.575022125244140625e+01
1.063000011444091797e+01 1.860000038146972656e+01 1.952868843078613281e+01
1.871999931335449219e+01 1.519999980926513672e+01 1.369044017791748047e+01
1.992000007629394531e+01 8.500000000000000000e+00 1.164902687072753906e+01
1.885000038146972656e+01 1.539999961853027344e+01 9.248823165893554688e+00
9.500000000000000000e+00 2.200000000000000000e+01 2.497238922119140625e+01
1.131999969482421875e+01 2.229999923706054688e+01 2.002739524841308594e+01
3.402000045776367188e+01 8.399999618530273438e+00 2.005669832229614258e+00
2.031999969482421875e+01 7.199999809265136719e+00 1.210663318634033203e+01
1.292000007629394531e+01 2.120000076293945312e+01 1.982514762878417969e+01
4.590000152587890625e+00 4.129999923706054688e+01 3.531438064575195312e+01
1.845999908447265625e+01 1.779999923706054688e+01 9.739072799682617188e+00
9.680000305175781250e+00 1.889999961853027344e+01 2.333615112304687500e+01
8.939999580383300781e+00 2.139999961853027344e+01 1.571467113494873047e+01
9.420000076293945312e+00 2.750000000000000000e+01 2.073109626770019531e+01
1.865999984741210938e+01 1.950000000000000000e+01 1.510788631439208984e+01
6.530000209808349609e+00 2.660000038146972656e+01 2.439427947998046875e+01
7.199999809265136719e+00 2.379999923706054688e+01 2.721998214721679688e+01
1.760000038146972656e+01 1.779999923706054688e+01 2.309272003173828125e+01
9.090000152587890625e+00 1.979999923706054688e+01 2.056388854980468750e+01
1.334000015258789062e+01 2.060000038146972656e+01 1.532368373870849609e+01
2.397999954223632812e+01 1.929999923706054688e+01 1.193627643585205078e+01
1.620999908447265625e+01 1.879999923706054688e+01 1.680567359924316406e+01
1.465999984741210938e+01 2.439999961853027344e+01 1.893306159973144531e+01
8.770000457763671875e+00 2.100000000000000000e+01 2.096402549743652344e+01
2.929000091552734375e+01 1.180000019073486328e+01 7.070150971412658691e-01
2.970000028610229492e+00 5.000000000000000000e+01 4.095046615600585938e+01
4.980000019073486328e+00 2.400000000000000000e+01 2.226625442504882812e+01
1.937000083923339844e+01 1.250000000000000000e+01 3.201585054397583008e+00
1.327000045776367188e+01 1.889999961853027344e+01 1.766894340515136719e+01
9.380000114440917969e+00 2.810000038146972656e+01 1.880043029785156250e+01
2.438999938964843750e+01 8.300000190734863281e+00 6.064768791198730469e+00
5.289999961853027344e+00 2.189999961853027344e+01 2.797577095031738281e+01
