2.034000015258789062e+01 1.350000000000000000e+01 6.055819988250732422e+00
8.810000419616699219e+00 2.260000038146972656e+01 2.566228485107421875e+01
2.062000083923339844e+01 8.800000190734863281e+00 1.963819146156311035e+00
1.280000019073486328e+01 1.839999961853027344e+01 2.172833824157714844e+01
9.810000419616699219e+00 2.500000000000000000e+01 1.923690605163574219e+01
6.750000000000000000e+00 2.070000076293945312e+01 2.061355018615722656e+01
1.293000030517578125e+01 2.010000038146972656e+01 1.744282913208007812e+01
1.481000041961669922e+01 2.139999961853027344e+01 1.659881401062011719e+01
2.260000038146972656e+01 1.269999980926513672e+01 2.535363197326660156e+00
2.379000091552734375e+01 1.080000019073486328e+01 6.412127017974853516e+00
9.250000000000000000e+00 2.089999961853027344e+01 2.094969558715820312e+01
1.452000045776367188e+01 1.089999961853027344e+01 1.348364353179931641e+01
9.930000305175781250e+00 2.750000000000000000e+01 1.910333633422851562e+01
1.651000022888183594e+01 1.389999961853027344e+01 1.696247673034667969e+01
6.579999923706054688e+00 2.310000038146972656e+01 3.545909118652343750e+01
1.715999984741210938e+01 1.169999980926513672e+01 1.808259773254394531e+01
3.440999984741210938e+01 1.439999961853027344e+01 8.176954984664916992e-01
5.210000038146972656e+00 2.870000076293945312e+01 2.552424430847167969e+01
1.673999977111816406e+01 1.779999923706054688e+01 1.004945278167724609e+01
1.760000038146972656e+01 2.310000038146972656e+01 1.684401893615722656e+01
1.760000038146972656e+01 1.779999923706054688e+01 1.684401893615722656e+01
2.309000015258789062e+01 2.000000000000000000e+01 4.934341907501220703e+00
1.812999916076660156e+01 1.410000038146972656e+01 1.657432174682617188e+01
2.996999931335449219e+01 6.300000190734863281e+00 1.153139781951904297e+01
7.789999961853027344e+00 2.500000000000000000e+01 2.728408432006835938e+01
1.382999992370605469e+01 1.960000038146972656e+01 1.055929088592529297e+01
2.045000076293945312e+01 1.500000000000000000e+01 2.549712181091308594e+00
5.809999942779541016e+00 2.529999923706054688e+01 2.241728591918945312e+01
1.629000091552734375e+01 1.989999961853027344e+01 1.514609527587890625e+01
2.123999977111816406e+01 1.330000019073486328e+01 1.600386238098144531e+01
6.780000209808349609e+00 2.410000038146972656e+01 1.947545051574707031e+01
1.292000007629394531e+01 2.120000076293945312e+01 1.744752120971679688e+01
6.679999828338623047e+00 3.200000000000000000e+01 2.548193550109863281e+01
7.440000057220458984e+00 2.470000076293945312e+01 4.995869827270507812e+01
2.831999969482421875e+01 1.779999923706054688e+01 7.346769809722900391e+00
5.329999923706054688e+00 3.620000076293945312e+01 2.631445503234863281e+01
1.052999973297119141e+01 1.750000000000000000e+01 2.002857780456542969e+01
1.871999931335449219e+01 1.519999980926513672e+01 1.628348350524902344e+01
1.267000007629394531e+01 2.260000038146972656e+01 1.650897789001464844e+01
1.620000076293945312e+01 1.939999961853027344e+01 1.759838104248046875e+01
7.340000152587890625e+00 2.260000038146972656e+01 2.597651100158691406e+01
7.179999828338623047e+00 2.389999961853027344e+01 2.763065719604492188e+01
5.329999923706054688e+00 2.939999961853027344e+01 2.631445503234863281e+01
4.139999866485595703e+00 4.479999923706054688e+01 3.164575958251953125e+01
2.929000091552734375e+01 1.180000019073486328e+01 2.529098033905029297e+00
1.164999961853027344e+01 2.429999923706054688e+01 2.615445899963378906e+01
1.197000026702880859e+01 2.000000000000000000e+01 1.954573249816894531e+01
8.470000267028808594e+00 1.989999961853027344e+01 2.052782249450683594e+01
1.267000007629394531e+01 1.720000076293945312e+01 1.650897789001464844e+01
3.436999893188476562e+01 1.789999961853027344e+01 7.614983320236206055e-01
