5.809999942779541016e+00 2.529999923706054688e+01 3.146838378906250000e+01
1.481000041961669922e+01 2.139999961853027344e+01 1.181649398803710938e+01
6.289999961853027344e+00 2.460000038146972656e+01 3.139272308349609375e+01
1.343999958038330078e+01 1.500000000000000000e+01 2.238364219665527344e+01
9.380000114440917969e+00 2.810000038146972656e+01 2.291996002197265625e+01
1.260000038146972656e+01 1.920000076293945312e+01 1.774618530273437500e+01
6.900000095367431641e+00 3.010000038146972656e+01 2.942661666870117188e+01
2.327000045776367188e+01 1.339999961853027344e+01 1.505010795593261719e+01
1.359000015258789062e+01 2.450000000000000000e+01 2.166364860534667969e+01
1.710000038146972656e+01 1.889999961853027344e+01 1.796418762207031250e+01
1.443999958038330078e+01 1.600000000000000000e+01 1.641600608825683594e+01
7.730000019073486328e+00 2.439999961853027344e+01 2.041320800781250000e+01
1.871999931335449219e+01 1.519999980926513672e+01 8.794695854187011719e+00
7.179999828338623047e+00 2.389999961853027344e+01 2.585960006713867188e+01
2.438999938964843750e+01 8.300000190734863281e+00 2.655206918716430664e+00
3.160000085830688477e+00 4.350000000000000000e+01 4.508454132080078125e+01
1.164000034332275391e+01 2.270000076293945312e+01 1.905257225036621094e+01
4.840000152587890625e+00 2.660000038146972656e+01 3.069177246093750000e+01
1.689999961853027344e+01 1.739999961853027344e+01 1.523670864105224609e+01
1.664999961853027344e+01 1.560000038146972656e+01 1.388602828979492188e+01
5.639999866485595703e+00 2.389999961853027344e+01 2.340873336791992188e+01
1.467000007629394531e+01 1.750000000000000000e+01 1.303586006164550781e+01
1.497999954223632812e+01 1.910000038146972656e+01 1.108335304260253906e+01
6.269999980926513672e+00 2.860000038146972656e+01 3.197685241699218750e+01
1.300000000000000000e+01 2.170000076293945312e+01 1.817603302001953125e+01
1.593999958038330078e+01 1.979999923706054688e+01 1.576082897186279297e+01
2.779999923706054688e+01 1.380000019073486328e+01 6.181125640869140625e-01
2.369000053405761719e+01 1.310000038146972656e+01 7.849881172180175781e+00
6.590000152587890625e+00 2.520000076293945312e+01 2.646789550781250000e+01
2.726000022888183594e+01 1.569999980926513672e+01 2.928547561168670654e-01
3.529999971389770508e+00 3.240000152587890625e+01 3.784613037109375000e+01
9.420000076293945312e+00 2.750000000000000000e+01 2.371537399291992188e+01
1.327000045776367188e+01 1.889999961853027344e+01 2.137870979309082031e+01
3.697999954223632812e+01 7.000000000000000000e+00 2.706227004528045654e-01
1.382999992370605469e+01 1.960000038146972656e+01 1.865221786499023438e+01
4.539999961853027344e+00 2.279999923706054688e+01 3.800543594360351562e+01
1.481000041961669922e+01 1.660000038146972656e+01 1.181649398803710938e+01
1.413000011444091797e+01 1.989999961853027344e+01 1.854974746704101562e+01
8.939999580383300781e+00 2.139999961853027344e+01 3.944185638427734375e+01
1.013000011444091797e+01 2.470000076293945312e+01 2.037668037414550781e+01
8.439999580383300781e+00 2.220000076293945312e+01 1.995699119567871094e+01
9.680000305175781250e+00 1.889999961853027344e+01 2.276818847656250000e+01
8.100000381469726562e+00 3.650000000000000000e+01 2.114432334899902344e+01
2.121999931335449219e+01 1.720000076293945312e+01 1.743471527099609375e+01
2.145000076293945312e+01 1.539999961853027344e+01 1.267947387695312500e+01
2.677000045776367188e+01 5.599999904632568359e+00 1.888075470924377441e-01
1.211999988555908203e+01 1.530000019073486328e+01 1.867429542541503906e+01
7.599999904632568359e+00 2.229999923706054688e+01 2.141041183471679688e+01
1.028999996185302734e+01 2.020000076293945312e+01 2.193044471740722656e+01
1.243000030517578125e+01 1.710000038146972656e+01 1.961354827880859375e+01
