1.980000019073486328e+00 3.490000152587890625e+01 3.205323028564453125e+01
1.310999965667724609e+01 2.139999961853027344e+01 2.099915695190429688e+01
7.369999885559082031e+00 2.329999923706054688e+01 2.377176284790039062e+01
2.980000019073486328e+00 3.200000000000000000e+01 4.749415206909179688e+01
1.865999984741210938e+01 1.950000000000000000e+01 1.528037357330322266e+01
2.123999977111816406e+01 1.330000019073486328e+01 1.629566574096679688e+01
1.010999965667724609e+01 2.320000076293945312e+01 1.501829147338867188e+01
1.050000000000000000e+01 2.300000000000000000e+01 1.716617584228515625e+01
1.711000061035156250e+01 1.510000038146972656e+01 1.589688968658447266e+01
3.160000085830688477e+00 4.350000000000000000e+01 4.989938354492187500e+01
1.285999965667724609e+01 2.250000000000000000e+01 1.800929641723632812e+01
9.539999961853027344e+00 2.510000038146972656e+01 3.540746307373046875e+01
2.438999938964843750e+01 8.300000190734863281e+00 5.731128692626953125e+00
1.214000034332275391e+01 2.379999923706054688e+01 2.627037811279296875e+01
4.670000076293945312e+00 2.350000000000000000e+01 3.612261199951171875e+01
1.871999931335449219e+01 1.519999980926513672e+01 1.639369010925292969e+01
1.584000015258789062e+01 2.029999923706054688e+01 1.590579032897949219e+01
1.044999980926513672e+01 2.279999923706054688e+01 1.850830078125000000e+01
8.050000190734863281e+00 1.820000076293945312e+01 3.291704940795898438e+01
2.470000028610229492e+00 4.170000076293945312e+01 3.254395008087158203e+00
8.670000076293945312e+00 2.639999961853027344e+01 1.608448982238769531e+01
1.364999961853027344e+01 2.070000076293945312e+01 1.631439971923828125e+01
1.576000022888183594e+01 1.829999923706054688e+01 1.938831710815429688e+01
1.443000030517578125e+01 1.739999961853027344e+01 9.891307830810546875e+00
4.980000019073486328e+00 2.400000000000000000e+01 2.359110641479492188e+01
1.140999984741210938e+01 2.000000000000000000e+01 2.071099853515625000e+01
7.139999866485595703e+00 2.320000076293945312e+01 2.716379356384277344e+01
6.860000133514404297e+00 2.329999923706054688e+01 2.272104072570800781e+01
2.145000076293945312e+01 1.539999961853027344e+01 2.062302780151367188e+01
5.639999866485595703e+00 2.389999961853027344e+01 2.619037437438964844e+01
6.750000000000000000e+00 2.070000076293945312e+01 2.370713996887207031e+01
4.699999809265136719e+00 2.789999961853027344e+01 2.990360450744628906e+01
1.023999977111816406e+01 1.939999961853027344e+01 1.836690902709960938e+01
8.050000190734863281e+00 2.900000000000000000e+01 3.291704940795898438e+01
1.435999965667724609e+01 2.320000076293945312e+01 1.219889068603515625e+01
6.150000095367431641e+00 2.300000000000000000e+01 2.337291908264160156e+01
6.360000133514404297e+00 3.160000038146972656e+01 2.338854408264160156e+01
1.806999969482421875e+01 1.360000038146972656e+01 1.800452995300292969e+01
3.539999961853027344e+00 4.279999923706054688e+01 3.384707260131835938e+01
1.150000000000000000e+01 1.620000076293945312e+01 2.119866371154785156e+01
1.497999954223632812e+01 1.910000038146972656e+01 1.356055355072021484e+01
1.727000045776367188e+01 2.170000076293945312e+01 1.604677200317382812e+01
7.179999828338623047e+00 2.389999961853027344e+01 2.834025001525878906e+01
4.840000152587890625e+00 2.660000038146972656e+01 3.485261154174804688e+01
2.726000022888183594e+01 1.569999980926513672e+01 3.914102077484130859e+00
7.599999904632568359e+00 3.010000038146972656e+01 2.236046409606933594e+01
9.289999961853027344e+00 1.870000076293945312e+01 2.361054039001464844e+01
3.950000047683715820e+00 3.160000038146972656e+01 4.821859741210937500e+01
1.793000030517578125e+01 2.050000000000000000e+01 2.035120201110839844e+01
1.039999961853027344e+01 2.170000076293945312e+01 2.172652816772460938e+01
