1.023999977111816406e+01 1.939999961853027344e+01 1.769351768493652344e+01
1.919999957084655762e+00 5.000000000000000000e+01 1.097472000122070312e+01
3.402000045776367188e+01 8.399999618530273438e+00 3.469539806246757507e-02
1.165999984741210938e+01 2.979999923706054688e+01 2.127035903930664062e+01
6.730000019073486328e+00 2.220000076293945312e+01 2.309290313720703125e+01
1.804999923706054688e+01 9.600000381469726562e+00 1.489107131958007812e+01
9.710000038146972656e+00 2.670000076293945312e+01 1.933451080322265625e+01
5.889999866485595703e+00 2.660000038146972656e+01 2.434649658203125000e+01
1.659000015258789062e+01 1.839999961853027344e+01 1.286264419555664062e+01
3.130000114440917969e+00 3.759999847412109375e+01 1.083425235748291016e+01
1.364999961853027344e+01 2.070000076293945312e+01 5.258867263793945312e+00
4.030000209808349609e+00 3.470000076293945312e+01 2.271077346801757812e+01
1.728000068664550781e+01 1.480000019073486328e+01 1.579755306243896484e+01
2.929000091552734375e+01 1.180000019073486328e+01 1.029804795980453491e-01
2.470000028610229492e+00 4.170000076293945312e+01 2.031836986541748047e+00
1.603000068664550781e+01 2.239999961853027344e+01 8.927510261535644531e+00
5.989999771118164062e+00 2.450000000000000000e+01 2.219660377502441406e+01
1.980000019073486328e+00 3.490000152587890625e+01 6.823177337646484375e+00
1.173999977111816406e+01 1.850000000000000000e+01 1.729373550415039062e+01
6.900000095367431641e+00 3.010000038146972656e+01 2.946160316467285156e+01
4.500000000000000000e+00 3.010000038146972656e+01 3.927568817138671875e+01
1.621999931335449219e+01 1.430000019073486328e+01 1.629293251037597656e+01
1.021000003814697266e+01 1.929999923706054688e+01 1.563523578643798828e+01
1.813999938964843750e+01 1.380000019073486328e+01 1.350512123107910156e+01
3.198999977111816406e+01 7.400000095367431641e+00 1.173175754956901073e-03
6.360000133514404297e+00 2.310000038146972656e+01 2.106919479370117188e+01
7.199999809265136719e+00 2.379999923706054688e+01 2.357504081726074219e+01
5.329999923706054688e+00 3.620000076293945312e+01 2.936329650878906250e+01
5.519999980926513672e+00 2.279999923706054688e+01 2.441723251342773438e+01
1.015999984741210938e+01 2.279999923706054688e+01 1.416934108734130859e+01
7.260000228881835938e+00 4.309999847412109375e+01 2.075860214233398438e+01
8.100000381469726562e+00 3.650000000000000000e+01 2.199471282958984375e+01
2.639999961853027344e+01 1.720000076293945312e+01 1.319360160827636719e+01
9.930000305175781250e+00 2.750000000000000000e+01 1.938044357299804688e+01
1.539000034332275391e+01 1.800000000000000000e+01 7.287908554077148438e+00
2.329000091552734375e+01 1.339999961853027344e+01 8.025269508361816406e+00
1.835000038146972656e+01 1.310000038146972656e+01 1.411064624786376953e+01
1.351000022888183594e+01 2.329999923706054688e+01 1.245154285430908203e+01
1.410000038146972656e+01 2.150000000000000000e+01 2.078268051147460938e+01
7.789999961853027344e+00 3.600000000000000000e+01 2.503449249267578125e+01
4.730000019073486328e+00 3.150000000000000000e+01 2.982954025268554688e+01
2.131999969482421875e+01 1.330000019073486328e+01 1.907604789733886719e+01
3.700000047683715820e+00 5.000000000000000000e+01 4.076574325561523438e+01
1.327000045776367188e+01 2.170000076293945312e+01 1.891459846496582031e+01
7.730000019073486328e+00 2.439999961853027344e+01 2.266064262390136719e+01
7.510000228881835938e+00 2.289999961853027344e+01 2.921504020690917969e+01
2.102000045776367188e+01 1.360000038146972656e+01 8.344934463500976562e+00
2.123999977111816406e+01 1.330000019073486328e+01 1.670045280456542969e+01
6.650000095367431641e+00 2.839999961853027344e+01 2.961734962463378906e+01
2.309000015258789062e+01 2.000000000000000000e+01 2.113970756530761719e+00
