5.289999961853027344e+00 2.189999961853027344e+01 2.799790573120117188e+01
2.770999908447265625e+01 1.319999980926513672e+01 1.096546936035156250e+01
2.145999908447265625e+01 2.170000076293945312e+01 9.499962806701660156e+00
1.272999954223632812e+01 2.100000000000000000e+01 2.180176162719726562e+01
9.420000076293945312e+00 2.750000000000000000e+01 2.196039581298828125e+01
1.125000000000000000e+01 3.100000000000000000e+01 2.006492233276367188e+01
3.160000085830688477e+00 4.350000000000000000e+01 3.856645202636718750e+01
1.613999938964843750e+01 1.310000038146972656e+01 1.787413597106933594e+01
6.750000000000000000e+00 2.070000076293945312e+01 2.259499931335449219e+01
6.719999790191650391e+00 2.479999923706054688e+01 2.419540214538574219e+01
1.885000038146972656e+01 1.539999961853027344e+01 1.481749629974365234e+01
8.159999847412109375e+00 2.289999961853027344e+01 2.160838890075683594e+01
9.470000267028808594e+00 2.500000000000000000e+01 3.155000305175781250e+01
5.679999828338623047e+00 3.250000000000000000e+01 2.219981002807617188e+01
1.335000038146972656e+01 2.010000038146972656e+01 1.950059890747070312e+01
6.619999885559082031e+00 3.459999847412109375e+01 2.445464515686035156e+01
2.113999938964843750e+01 1.970000076293945312e+01 1.252013015747070312e+01
3.198999977111816406e+01 7.400000095367431641e+00 1.469388902187347412e-01
3.109999895095825195e+00 4.229999923706054688e+01 3.516107559204101562e+01
1.332999992370605469e+01 2.310000038146972656e+01 1.986593055725097656e+01
9.529999732971191406e+00 5.000000000000000000e+01 2.411745452880859375e+01
9.140000343322753906e+00 2.160000038146972656e+01 2.282963752746582031e+01
9.680000305175781250e+00 1.889999961853027344e+01 2.342422294616699219e+01
1.876000022888183594e+01 2.320000076293945312e+01 1.570870876312255859e+01
6.650000095367431641e+00 2.839999961853027344e+01 2.399920272827148438e+01
2.007999992370605469e+01 1.629999923706054688e+01 6.147770881652832031e+00
2.121999931335449219e+01 1.720000076293945312e+01 1.333316230773925781e+01
2.880000114440917969e+00 5.000000000000000000e+01 3.579351806640625000e+01
1.715999984741210938e+01 1.169999980926513672e+01 1.826412582397460938e+01
2.379000091552734375e+01 1.080000019073486328e+01 4.739532947540283203e+00
1.414999961853027344e+01 2.000000000000000000e+01 1.977812767028808594e+01
9.619999885559082031e+00 2.389999961853027344e+01 2.225124740600585938e+01
2.397999954223632812e+01 1.180000019073486328e+01 6.918198585510253906e+00
1.760000038146972656e+01 1.779999923706054688e+01 2.308666038513183594e+01
2.470000028610229492e+00 4.170000076293945312e+01 1.035491275787353516e+01
2.297999954223632812e+01 5.000000000000000000e+00 1.092388343811035156e+01
2.123999977111816406e+01 1.330000019073486328e+01 1.373358726501464844e+01
6.920000076293945312e+00 2.989999961853027344e+01 3.403793334960937500e+01
1.280000019073486328e+01 1.839999961853027344e+01 2.213957023620605469e+01
3.109999895095825195e+00 4.400000000000000000e+01 3.516107559204101562e+01
4.210000038146972656e+00 3.870000076293945312e+01 2.876941680908203125e+01
5.500000000000000000e+00 2.700000000000000000e+01 2.465160179138183594e+01
1.478999996185302734e+01 3.070000076293945312e+01 1.916497039794921875e+01
1.026000022888183594e+01 1.820000076293945312e+01 2.030207443237304688e+01
2.030999946594238281e+01 1.210000038146972656e+01 7.010056495666503906e+00
5.489999771118164062e+00 3.270000076293945312e+01 2.537127685546875000e+01
6.480000019073486328e+00 2.200000000000000000e+01 2.500475311279296875e+01
2.438999938964843750e+01 8.300000190734863281e+00 3.142967939376831055e+00
1.804999923706054688e+01 9.600000381469726562e+00 1.882278442382812500e+01
1.673999977111816406e+01 1.779999923706054688e+01 1.323968887329101562e+01
