1.410000038146972656e+01 2.079999923706054688e+01 1.829976844787597656e+01
2.410000038146972656e+01 1.330000019073486328e+01 1.168139171600341797e+01
4.849999904632568359e+00 3.509999847412109375e+01 2.967050743103027344e+01
5.280000209808349609e+00 2.500000000000000000e+01 2.637105178833007812e+01
1.056000041961669922e+01 1.850000000000000000e+01 1.933059310913085938e+01
1.502000045776367188e+01 1.670000076293945312e+01 1.560233497619628906e+01
6.719999790191650391e+00 2.420000076293945312e+01 2.478039550781250000e+01
8.050000190734863281e+00 1.820000076293945312e+01 3.099725151062011719e+01
6.650000095367431641e+00 2.839999961853027344e+01 3.230321502685546875e+01
1.834000015258789062e+01 1.430000019073486328e+01 1.542183780670166016e+01
4.670000076293945312e+00 2.350000000000000000e+01 3.597106170654296875e+01
8.609999656677246094e+00 3.029999923706054688e+01 1.993887329101562500e+01
2.940000057220458984e+00 3.340000152587890625e+01 4.688098907470703125e+01
1.322000026702880859e+01 2.139999961853027344e+01 2.153289794921875000e+01
2.113999938964843750e+01 1.970000076293945312e+01 1.163664913177490234e+01
5.119999885559082031e+00 5.000000000000000000e+01 3.259635925292968750e+01
2.407999992370605469e+01 9.500000000000000000e+00 1.154870128631591797e+01
1.730000019073486328e+00 5.000000000000000000e+01 4.485815525054931641e+00
7.789999961853027344e+00 3.600000000000000000e+01 2.180362319946289062e+01
8.880000114440917969e+00 5.000000000000000000e+01 2.322762107849121094e+01
1.227000045776367188e+01 1.979999923706054688e+01 1.928234481811523438e+01
2.540999984741210938e+01 1.729999923706054688e+01 1.253942489624023438e+00
1.868000030517578125e+01 1.670000076293945312e+01 1.731383323669433594e+01
1.021000003814697266e+01 1.929999923706054688e+01 1.983795166015625000e+01
7.340000152587890625e+00 2.260000038146972656e+01 2.634062957763671875e+01
2.960000038146972656e+00 5.000000000000000000e+01 4.874807357788085938e+01
1.919999957084655762e+00 5.000000000000000000e+01 2.132008552551269531e+01
2.737999916076660156e+01 8.500000000000000000e+00 6.595872879028320312e+00
1.744000053405761719e+01 1.339999961853027344e+01 1.020352745056152344e+01
2.297999954223632812e+01 5.000000000000000000e+00 1.160814857482910156e+01
4.590000152587890625e+00 4.129999923706054688e+01 3.535317993164062500e+01
3.109999895095825195e+00 4.400000000000000000e+01 3.650459671020507812e+01
1.327999973297119141e+01 1.960000038146972656e+01 2.041382026672363281e+01
6.360000133514404297e+00 2.310000038146972656e+01 2.765906715393066406e+01
1.517000007629394531e+01 1.169999980926513672e+01 1.379871463775634766e+01
1.314999961853027344e+01 1.870000076293945312e+01 2.958941650390625000e+01
1.042000007629394531e+01 2.179999923706054688e+01 2.085640716552734375e+01
1.646999931335449219e+01 1.950000000000000000e+01 1.264478015899658203e+01
2.968000030517578125e+01 8.100000381469726562e+00 9.943631172180175781e+00
6.559999942779541016e+00 2.620000076293945312e+01 2.282824707031250000e+01
1.536999988555908203e+01 2.039999961853027344e+01 1.587735843658447266e+01
1.027000045776367188e+01 2.079999923706054688e+01 1.873951530456542969e+01
4.739999771118164062e+00 2.900000000000000000e+01 3.124414825439453125e+01
1.578999996185302734e+01 1.939999961853027344e+01 1.812208938598632812e+01
1.398999977111816406e+01 1.950000000000000000e+01 2.406474304199218750e+01
1.410000038146972656e+01 2.150000000000000000e+01 1.829976844787597656e+01
9.689999580383300781e+00 2.870000076293945312e+01 2.136027336120605469e+01
6.590000152587890625e+00 2.520000076293945312e+01 3.021384048461914062e+01
3.109999895095825195e+00 4.229999923706054688e+01 3.650459671020507812e+01
8.100000381469726562e+00 3.650000000000000000e+01 2.200011062622070312e+01
