6.070000171661376953e+00 2.479999923706054688e+01 3.021359062194824219e+01
1.309000015258789062e+01 1.739999961853027344e+01 1.770314979553222656e+01
4.539999961853027344e+00 2.279999923706054688e+01 3.106706047058105469e+01
1.056000041961669922e+01 1.850000000000000000e+01 1.946667480468750000e+01
4.610000133514404297e+00 3.120000076293945312e+01 4.405612945556640625e+01
3.950000047683715820e+00 4.829999923706054688e+01 3.159392738342285156e+01
2.062000083923339844e+01 8.800000190734863281e+00 6.928612232208251953e+00
1.039999961853027344e+01 2.170000076293945312e+01 2.184606170654296875e+01
2.540999984741210938e+01 1.729999923706054688e+01 6.535853743553161621e-01
1.267000007629394531e+01 1.720000076293945312e+01 2.259711647033691406e+01
1.712000083923339844e+01 1.310000038146972656e+01 1.500673103332519531e+01
1.478999996185302734e+01 3.070000076293945312e+01 1.790483093261718750e+01
8.439999580383300781e+00 2.220000076293945312e+01 1.795957756042480469e+01
6.360000133514404297e+00 2.370000076293945312e+01 3.159394645690917969e+01
8.579999923706054688e+00 2.389999961853027344e+01 2.623295974731445312e+01
2.960000038146972656e+00 5.000000000000000000e+01 4.452618026733398438e+01
2.309000015258789062e+01 2.000000000000000000e+01 4.796497821807861328e+00
1.165999984741210938e+01 2.979999923706054688e+01 1.785768318176269531e+01
6.579999923706054688e+00 2.310000038146972656e+01 3.504862594604492188e+01
9.970000267028808594e+00 1.929999923706054688e+01 2.029845619201660156e+01
3.319999933242797852e+00 5.000000000000000000e+01 2.783432006835937500e+01
9.470000267028808594e+00 2.500000000000000000e+01 3.070092582702636719e+01
7.510000228881835938e+00 2.289999961853027344e+01 2.931588172912597656e+01
3.160000085830688477e+00 5.000000000000000000e+01 3.299631118774414062e+01
8.229999542236328125e+00 2.200000000000000000e+01 2.136844635009765625e+01
6.900000095367431641e+00 3.010000038146972656e+01 2.680473709106445312e+01
2.123999977111816406e+01 1.330000019073486328e+01 1.697713661193847656e+01
1.845999908447265625e+01 1.850000000000000000e+01 1.779933547973632812e+01
2.287999916076660156e+01 1.280000019073486328e+01 4.171455860137939453e+00
7.429999828338623047e+00 2.410000038146972656e+01 3.526250839233398438e+01
1.694000053405761719e+01 1.350000000000000000e+01 1.064457893371582031e+01
1.418999958038330078e+01 1.989999961853027344e+01 1.877594947814941406e+01
1.310999965667724609e+01 2.139999961853027344e+01 1.948954391479492188e+01
5.489999771118164062e+00 3.270000076293945312e+01 2.710874938964843750e+01
1.164000034332275391e+01 2.270000076293945312e+01 1.669483757019042969e+01
1.111999988555908203e+01 2.300000000000000000e+01 1.922150039672851562e+01
4.730000019073486328e+00 3.150000000000000000e+01 2.856009864807128906e+01
1.173999977111816406e+01 1.850000000000000000e+01 1.633747673034667969e+01
3.759999990463256836e+00 4.540000152587890625e+01 3.146447181701660156e+01
4.320000171661376953e+00 3.079999923706054688e+01 2.216089630126953125e+01
6.650000095367431641e+00 2.839999961853027344e+01 3.265988540649414062e+01
1.413000011444091797e+01 1.989999961853027344e+01 1.917317771911621094e+01
1.293000030517578125e+01 2.010000038146972656e+01 2.094379234313964844e+01
6.530000209808349609e+00 2.660000038146972656e+01 2.109663200378417969e+01
1.410000038146972656e+01 2.150000000000000000e+01 1.856281280517578125e+01
1.465999984741210938e+01 2.439999961853027344e+01 1.906318855285644531e+01
2.968000030517578125e+01 8.100000381469726562e+00 1.234058284759521484e+01
9.279999732971191406e+00 2.379999923706054688e+01 1.912563514709472656e+01
1.481000041961669922e+01 1.660000038146972656e+01 1.683755874633789062e+01
5.500000000000000000e+00 2.360000038146972656e+01 2.700106239318847656e+01
