8.100000381469726562e+00 3.650000000000000000e+01 1.940003776550292969e+01
5.250000000000000000e+00 3.170000076293945312e+01 2.186776161193847656e+01
1.452000045776367188e+01 1.089999961853027344e+01 1.388485145568847656e+01
2.260000038146972656e+01 1.269999980926513672e+01 7.154383063316345215e-01
6.650000095367431641e+00 2.839999961853027344e+01 2.212814712524414062e+01
9.529999732971191406e+00 5.000000000000000000e+01 2.481139755249023438e+01
6.860000133514404297e+00 2.329999923706054688e+01 2.259377670288085938e+01
1.727000045776367188e+01 1.610000038146972656e+01 2.161582374572753906e+01
1.673999977111816406e+01 1.779999923706054688e+01 1.057173824310302734e+01
1.714999961853027344e+01 1.900000000000000000e+01 1.232375335693359375e+01
6.480000019073486328e+00 2.200000000000000000e+01 3.192453765869140625e+01
6.289999961853027344e+00 2.460000038146972656e+01 2.498481369018554688e+01
1.695999908447265625e+01 1.810000038146972656e+01 8.646853446960449219e+00
2.360000038146972656e+01 1.130000019073486328e+01 2.072552680969238281e+00
1.835000038146972656e+01 1.310000038146972656e+01 4.205126285552978516e+00
1.344999980926513672e+01 1.970000076293945312e+01 1.880456161499023438e+01
1.937000083923339844e+01 1.250000000000000000e+01 9.437944412231445312e+00
1.359000015258789062e+01 2.450000000000000000e+01 1.780958938598632812e+01
1.832999992370605469e+01 1.779999923706054688e+01 4.685665607452392578e+00
5.679999828338623047e+00 3.250000000000000000e+01 2.021544647216796875e+01
1.980000019073486328e+00 3.490000152587890625e+01 2.613115608692169189e-01
2.540999984741210938e+01 1.729999923706054688e+01 9.156522154808044434e-01
6.269999980926513672e+00 2.860000038146972656e+01 2.385092163085937500e+01
2.681999969482421875e+01 1.339999961853027344e+01 1.481320381164550781e+00
1.760000038146972656e+01 2.310000038146972656e+01 9.546953201293945312e+00
1.969000053405761719e+01 1.410000038146972656e+01 3.388541221618652344e+00
7.440000057220458984e+00 2.470000076293945312e+01 2.306843757629394531e+01
5.519999980926513672e+00 2.279999923706054688e+01 2.510306358337402344e+01
3.559999942779541016e+00 3.729999923706054688e+01 2.681034088134765625e+01
1.300000000000000000e+01 2.170000076293945312e+01 1.543769836425781250e+01
1.763999938964843750e+01 1.450000000000000000e+01 1.064274692535400391e+01
1.914999961853027344e+01 2.710000038146972656e+01 5.370845317840576172e+00
9.640000343322753906e+00 2.260000038146972656e+01 1.863258171081542969e+01
1.464000034332275391e+01 1.679999923706054688e+01 1.594294834136962891e+01
1.234000015258789062e+01 2.120000076293945312e+01 1.480055809020996094e+01
1.015999984741210938e+01 2.279999923706054688e+01 2.009544754028320312e+01
7.179999828338623047e+00 2.389999961853027344e+01 2.146206855773925781e+01
4.809999942779541016e+00 3.540000152587890625e+01 3.649151229858398438e+01
4.500000000000000000e+00 3.010000038146972656e+01 2.965708732604980469e+01
2.121999931335449219e+01 1.720000076293945312e+01 1.191573905944824219e+01
1.052999973297119141e+01 1.750000000000000000e+01 1.782450103759765625e+01
1.603000068664550781e+01 2.239999961853027344e+01 8.638750076293945312e+00
8.050000190734863281e+00 3.300000000000000000e+01 1.818001556396484375e+01
1.901000022888183594e+01 1.269999980926513672e+01 2.552457094192504883e+00
7.429999828338623047e+00 2.410000038146972656e+01 2.288991928100585938e+01
7.730000019073486328e+00 2.439999961853027344e+01 2.833051490783691406e+01
3.080999946594238281e+01 1.439999961853027344e+01 7.175783157348632812e+00
3.697999954223632812e+01 7.000000000000000000e+00 6.106782848291913979e-07
3.569999933242797852e+00 4.379999923706054688e+01 2.609143066406250000e+01
5.389999866485595703e+00 3.490000152587890625e+01 2.584614372253417969e+01
