9.039999961853027344e+00 2.360000038146972656e+01 1.790899085998535156e+01
1.695999908447265625e+01 1.810000038146972656e+01 1.380972957611083984e+01
5.679999828338623047e+00 2.220000076293945312e+01 2.340534210205078125e+01
1.278999996185302734e+01 2.220000076293945312e+01 1.867084693908691406e+01
5.889999866485595703e+00 2.660000038146972656e+01 4.452174758911132812e+01
3.062000083923339844e+01 1.019999980926513672e+01 8.406138420104980469e+00
1.250000000000000000e+01 1.760000038146972656e+01 1.691029930114746094e+01
1.977000045776367188e+01 8.300000190734863281e+00 3.110801219940185547e+00
7.260000228881835938e+00 4.309999847412109375e+01 2.286318778991699219e+01
8.010000228881835938e+00 2.110000038146972656e+01 2.605304145812988281e+01
4.590000152587890625e+00 4.129999923706054688e+01 3.541535568237304688e+01
5.489999771118164062e+00 3.270000076293945312e+01 2.438796997070312500e+01
8.050000190734863281e+00 3.300000000000000000e+01 2.898846244812011719e+01
3.809999942779541016e+00 4.850000000000000000e+01 3.448020172119140625e+01
1.015999984741210938e+01 2.279999923706054688e+01 1.971492385864257812e+01
1.400000000000000000e+01 2.189999961853027344e+01 1.922373580932617188e+01
8.229999542236328125e+00 2.200000000000000000e+01 2.103293228149414062e+01
2.970000028610229492e+00 5.000000000000000000e+01 4.267643356323242188e+01
1.409000015258789062e+01 2.039999961853027344e+01 1.824844360351562500e+01
4.210000038146972656e+00 3.870000076293945312e+01 2.626718521118164062e+01
4.449999809265136719e+00 3.290000152587890625e+01 2.749497413635253906e+01
3.080999946594238281e+01 1.439999961853027344e+01 4.142173290252685547e+00
8.880000114440917969e+00 5.000000000000000000e+01 2.116609764099121094e+01
1.014999961853027344e+01 2.050000000000000000e+01 1.942361831665039062e+01
1.010999965667724609e+01 2.320000076293945312e+01 1.859839057922363281e+01
5.190000057220458984e+00 2.370000076293945312e+01 3.298677062988281250e+01
4.610000133514404297e+00 3.120000076293945312e+01 4.250653076171875000e+01
6.719999790191650391e+00 2.479999923706054688e+01 2.406278228759765625e+01
1.772999954223632812e+01 1.519999980926513672e+01 1.630251121520996094e+01
1.644000053405761719e+01 1.260000038146972656e+01 1.620361709594726562e+01
7.440000057220458984e+00 5.000000000000000000e+01 2.469331169128417969e+01
1.397999954223632812e+01 2.639999961853027344e+01 1.925805091857910156e+01
5.500000000000000000e+00 2.700000000000000000e+01 2.359900474548339844e+01
1.845999908447265625e+01 1.850000000000000000e+01 1.169467735290527344e+01
7.599999904632568359e+00 3.010000038146972656e+01 3.317385101318359375e+01
3.730000019073486328e+00 5.000000000000000000e+01 2.929366111755371094e+01
2.178000068664550781e+01 1.019999980926513672e+01 6.120419025421142578e+00
7.789999961853027344e+00 1.860000038146972656e+01 2.093522453308105469e+01
1.952000045776367188e+01 1.710000038146972656e+01 5.757223129272460938e+00
1.239999961853027344e+01 2.010000038146972656e+01 1.766679000854492188e+01
1.310999965667724609e+01 2.139999961853027344e+01 1.770823669433593750e+01
1.334000015258789062e+01 2.060000038146972656e+01 2.157670783996582031e+01
1.865999984741210938e+01 1.950000000000000000e+01 1.574963092803955078e+01
9.520000457763671875e+00 2.450000000000000000e+01 2.336276626586914062e+01
1.481000041961669922e+01 1.660000038146972656e+01 2.139595413208007812e+01
1.211999988555908203e+01 1.530000019073486328e+01 2.713341331481933594e+01
1.879999923706054688e+01 1.660000038146972656e+01 1.096718215942382812e+01
4.139999866485595703e+00 4.479999923706054688e+01 2.898163604736328125e+01
1.427000045776367188e+01 2.029999923706054688e+01 1.992622566223144531e+01
1.919999957084655762e+00 5.000000000000000000e+01 2.571292877197265625e+01
