5.889999866485595703e+00 2.660000038146972656e+01 4.237425231933593750e+01
5.250000000000000000e+00 3.170000076293945312e+01 2.570254707336425781e+01
2.145999908447265625e+01 2.170000076293945312e+01 1.450064563751220703e+01
8.199999809265136719e+00 2.200000000000000000e+01 2.027649688720703125e+01
1.314999961853027344e+01 2.960000038146972656e+01 1.869079017639160156e+01
1.088000011444091797e+01 2.400000000000000000e+01 2.151502990722656250e+01
1.015999984741210938e+01 2.279999923706054688e+01 2.042917251586914062e+01
7.699999809265136719e+00 2.039999961853027344e+01 2.482258987426757812e+01
1.173999977111816406e+01 1.850000000000000000e+01 1.542903327941894531e+01
2.121999931335449219e+01 1.720000076293945312e+01 1.214189529418945312e+01
9.430000305175781250e+00 2.050000000000000000e+01 2.669437217712402344e+01
4.969999790191650391e+00 2.250000000000000000e+01 2.401254463195800781e+01
8.159999847412109375e+00 2.289999961853027344e+01 1.955413818359375000e+01
3.009999990463256836e+00 4.600000000000000000e+01 3.138873291015625000e+01
3.700000047683715820e+00 5.000000000000000000e+01 4.133042907714843750e+01
1.694000053405761719e+01 1.350000000000000000e+01 1.747134208679199219e+01
5.989999771118164062e+00 2.450000000000000000e+01 2.363662147521972656e+01
1.410000038146972656e+01 2.079999923706054688e+01 1.990202140808105469e+01
1.359000015258789062e+01 2.450000000000000000e+01 1.923275184631347656e+01
6.269999980926513672e+00 2.860000038146972656e+01 2.393032646179199219e+01
1.497999954223632812e+01 1.910000038146972656e+01 1.399616146087646484e+01
6.469999790191650391e+00 3.340000152587890625e+01 2.222811317443847656e+01
2.030999946594238281e+01 1.210000038146972656e+01 7.803934097290039062e+00
3.809999942779541016e+00 4.850000000000000000e+01 3.553578567504882812e+01
2.034000015258789062e+01 1.350000000000000000e+01 8.475329399108886719e+00
4.210000038146972656e+00 3.870000076293945312e+01 2.825288391113281250e+01
8.770000457763671875e+00 2.100000000000000000e+01 2.064475250244140625e+01
6.579999923706054688e+00 3.520000076293945312e+01 2.309541511535644531e+01
3.062999916076660156e+01 8.800000190734863281e+00 9.705417633056640625e+00
8.579999923706054688e+00 2.389999961853027344e+01 1.466837501525878906e+01
5.329999923706054688e+00 2.939999961853027344e+01 3.613421249389648438e+01
1.413000011444091797e+01 1.989999961853027344e+01 1.963507843017578125e+01
1.469999980926513672e+01 2.000000000000000000e+01 2.324055671691894531e+01
2.031999969482421875e+01 7.199999809265136719e+00 7.983561992645263672e+00
7.340000152587890625e+00 2.260000038146972656e+01 2.675784301757812500e+01
1.097000026702880859e+01 2.439999961853027344e+01 1.681692314147949219e+01
1.343999958038330078e+01 1.500000000000000000e+01 1.929942512512207031e+01
1.197999954223632812e+01 2.100000000000000000e+01 1.820191955566406250e+01
1.467000007629394531e+01 1.750000000000000000e+01 2.375854492187500000e+01
1.992000007629394531e+01 8.500000000000000000e+00 1.267143535614013672e+01
2.113999938964843750e+01 1.970000076293945312e+01 1.008797264099121094e+01
7.190000057220458984e+00 2.910000038146972656e+01 2.378199768066406250e+01
1.659000015258789062e+01 1.839999961853027344e+01 1.313655567169189453e+01
3.329999923706054688e+00 2.850000000000000000e+01 4.709129333496093750e+01
1.267000007629394531e+01 1.720000076293945312e+01 2.254583168029785156e+01
1.644000053405761719e+01 1.260000038146972656e+01 1.733285713195800781e+01
2.397999954223632812e+01 1.929999923706054688e+01 1.170778656005859375e+01
8.609999656677246094e+00 3.029999923706054688e+01 1.499299526214599609e+01
2.438999938964843750e+01 8.300000190734863281e+00 5.767124652862548828e+00
6.360000133514404297e+00 2.310000038146972656e+01 2.763503074645996094e+01
