9.670000076293945312e+00 2.239999961853027344e+01 2.297411918640136719e+01
1.122000026702880859e+01 2.220000076293945312e+01 1.751816177368164062e+01
8.010000228881835938e+00 2.110000038146972656e+01 2.890868759155273438e+01
6.150000095367431641e+00 2.300000000000000000e+01 2.158331680297851562e+01
3.697999954223632812e+01 7.000000000000000000e+00 1.193319201469421387e+00
8.810000419616699219e+00 2.260000038146972656e+01 2.078347969055175781e+01
2.568000030517578125e+01 9.699999809265136719e+00 9.348013877868652344e+00
1.793000030517578125e+01 2.050000000000000000e+01 1.299795436859130859e+01
1.603000068664550781e+01 2.239999961853027344e+01 1.714776992797851562e+01
8.939999580383300781e+00 2.139999961853027344e+01 2.150107383728027344e+01
1.613999938964843750e+01 1.310000038146972656e+01 1.508071994781494141e+01
5.570000171661376953e+00 2.060000038146972656e+01 2.269095039367675781e+01
8.649999618530273438e+00 1.650000000000000000e+01 2.558393287658691406e+01
1.812999916076660156e+01 1.410000038146972656e+01 1.409594440460205078e+01
2.102000045776367188e+01 1.360000038146972656e+01 1.712774157524108887e+00
2.639999961853027344e+01 1.720000076293945312e+01 1.648998498916625977e+00
6.050000190734863281e+00 3.320000076293945312e+01 2.106374168395996094e+01
2.327000045776367188e+01 1.339999961853027344e+01 6.507369995117187500e+00
1.351000022888183594e+01 2.329999923706054688e+01 1.743799018859863281e+01
1.620999908447265625e+01 1.879999923706054688e+01 1.436543464660644531e+01
3.160000085830688477e+00 5.000000000000000000e+01 3.897558593750000000e+01
2.929000091552734375e+01 1.180000019073486328e+01 9.200164794921875000e+00
9.619999885559082031e+00 2.389999961853027344e+01 2.293807411193847656e+01
9.800000190734863281e+00 1.950000000000000000e+01 2.475768470764160156e+01
8.050000190734863281e+00 1.820000076293945312e+01 3.207088088989257812e+01
7.179999828338623047e+00 2.389999961853027344e+01 3.039255332946777344e+01
1.267000007629394531e+01 1.720000076293945312e+01 1.205442523956298828e+01
1.992000007629394531e+01 8.500000000000000000e+00 2.935238599777221680e+00
1.035999965667724609e+01 2.310000038146972656e+01 2.081406211853027344e+01
2.369000053405761719e+01 1.310000038146972656e+01 9.495502471923828125e+00
1.173999977111816406e+01 1.850000000000000000e+01 1.944625473022460938e+01
1.303999996185302734e+01 1.450000000000000000e+01 1.198753356933593750e+01
2.779999923706054688e+01 1.380000019073486328e+01 3.692834079265594482e-01
2.470000028610229492e+00 4.170000076293945312e+01 2.131231307983398438e+01
1.286999988555908203e+01 1.960000038146972656e+01 1.085225296020507812e+01
7.429999828338623047e+00 2.410000038146972656e+01 4.883498382568359375e+01
4.159999847412109375e+00 3.309999847412109375e+01 4.317900466918945312e+01
2.113999938964843750e+01 1.970000076293945312e+01 2.198858261108398438e+00
3.080999946594238281e+01 1.439999961853027344e+01 7.205265522003173828e+00
7.389999866485595703e+00 2.329999923706054688e+01 4.485483932495117188e+01
2.145000076293945312e+01 1.539999961853027344e+01 4.530486106872558594e+00
8.260000228881835938e+00 2.039999961853027344e+01 2.096483993530273438e+01
1.052999973297119141e+01 1.750000000000000000e+01 1.886408233642578125e+01
2.954999923706054688e+01 2.370000076293945312e+01 1.361884593963623047e+01
1.359000015258789062e+01 2.450000000000000000e+01 1.717232322692871094e+01
2.677000045776367188e+01 5.599999904632568359e+00 6.763690710067749023e-01
8.470000267028808594e+00 1.989999961853027344e+01 2.095613288879394531e+01
2.329000091552734375e+01 1.339999961853027344e+01 6.649071693420410156e+00
1.987999916076660156e+01 1.450000000000000000e+01 3.223257064819335938e+00
7.559999942779541016e+00 3.979999923706054688e+01 2.684569931030273438e+01
