1.039999961853027344e+01 2.170000076293945312e+01 1.337173461914062500e+01
1.930999946594238281e+01 1.300000000000000000e+01 9.951747894287109375e+00
1.469999980926513672e+01 2.000000000000000000e+01 1.690244483947753906e+01
1.168999958038330078e+01 2.020000076293945312e+01 2.427484703063964844e+01
2.993000030517578125e+01 1.650000000000000000e+01 2.802864551544189453e+00
1.978000068664550781e+01 2.750000000000000000e+01 5.922800064086914062e+00
1.327999973297119141e+01 1.960000038146972656e+01 2.161973571777343750e+01
6.150000095367431641e+00 2.300000000000000000e+01 2.314492607116699219e+01
2.779999923706054688e+01 1.380000019073486328e+01 1.337390899658203125e+00
7.880000114440917969e+00 1.189999961853027344e+01 2.278006172180175781e+01
1.870999908447265625e+01 1.489999961853027344e+01 1.472973918914794922e+01
1.805999946594238281e+01 1.519999980926513672e+01 1.203882694244384766e+01
1.969000053405761719e+01 1.410000038146972656e+01 5.539322853088378906e+00
1.792000007629394531e+01 2.150000000000000000e+01 1.140580177307128906e+01
1.260000038146972656e+01 1.920000076293945312e+01 1.776144790649414062e+01
3.319999933242797852e+00 5.000000000000000000e+01 2.703288269042968750e+01
8.510000228881835938e+00 2.060000038146972656e+01 1.811016464233398438e+01
1.327000045776367188e+01 2.170000076293945312e+01 2.147434043884277344e+01
2.639999961853027344e+01 1.720000076293945312e+01 1.412376594543457031e+01
4.849999904632568359e+00 3.509999847412109375e+01 2.598889350891113281e+01
2.831999969482421875e+01 1.779999923706054688e+01 4.098063409328460693e-01
1.629999923706054688e+01 1.560000038146972656e+01 1.857932472229003906e+01
1.300000000000000000e+01 2.110000038146972656e+01 2.167400741577148438e+01
1.147999954223632812e+01 2.270000076293945312e+01 1.785942840576171875e+01
1.359000015258789062e+01 2.450000000000000000e+01 1.880272483825683594e+01
6.210000038146972656e+00 2.500000000000000000e+01 2.071208190917968750e+01
1.264000034332275391e+01 1.610000038146972656e+01 1.809400367736816406e+01
2.869999885559082031e+00 3.640000152587890625e+01 2.753101158142089844e+01
6.530000209808349609e+00 2.660000038146972656e+01 2.492394256591796875e+01
8.100000381469726562e+00 3.650000000000000000e+01 2.022265243530273438e+01
1.497999954223632812e+01 1.910000038146972656e+01 1.073641872406005859e+01
2.369000053405761719e+01 1.310000038146972656e+01 5.942439079284667969e+00
2.131999969482421875e+01 1.910000038146972656e+01 1.333967876434326172e+01
7.849999904632568359e+00 3.220000076293945312e+01 2.488618469238281250e+01
2.980000019073486328e+00 3.200000000000000000e+01 4.803233718872070312e+01
9.500000000000000000e+00 2.200000000000000000e+01 2.530028724670410156e+01
1.414999961853027344e+01 2.000000000000000000e+01 1.895672798156738281e+01
1.410000038146972656e+01 2.150000000000000000e+01 2.077123641967773438e+01
9.970000267028808594e+00 2.029999923706054688e+01 1.200094985961914062e+01
2.726000022888183594e+01 1.569999980926513672e+01 5.344557762145996094e+00
1.502000045776367188e+01 1.560000038146972656e+01 1.031822776794433594e+01
4.500000000000000000e+00 3.010000038146972656e+01 3.422783660888671875e+01
1.292000007629394531e+01 2.120000076293945312e+01 2.112705612182617188e+01
3.700000047683715820e+00 5.000000000000000000e+01 4.436549758911132812e+01
9.619999885559082031e+00 2.389999961853027344e+01 2.128808593750000000e+01
3.109999895095825195e+00 4.400000000000000000e+01 4.230296707153320312e+01
1.763999938964843750e+01 1.450000000000000000e+01 1.625177383422851562e+01
1.418999958038330078e+01 1.989999961853027344e+01 1.753376960754394531e+01
2.568000030517578125e+01 9.699999809265136719e+00 5.932108759880065918e-01
7.510000228881835938e+00 2.289999961853027344e+01 3.247587585449218750e+01
