5.289999961853027344e+00 2.189999961853027344e+01 2.802184104919433594e+01
2.770999908447265625e+01 1.319999980926513672e+01 1.093966770172119141e+01
2.145999908447265625e+01 2.170000076293945312e+01 9.487517356872558594e+00
1.272999954223632812e+01 2.100000000000000000e+01 2.178168869018554688e+01
9.420000076293945312e+00 2.750000000000000000e+01 2.224484634399414062e+01
1.125000000000000000e+01 3.100000000000000000e+01 2.007890701293945312e+01
3.160000085830688477e+00 4.350000000000000000e+01 3.860274124145507812e+01
1.613999938964843750e+01 1.310000038146972656e+01 1.784323501586914062e+01
6.750000000000000000e+00 2.070000076293945312e+01 2.265627479553222656e+01
6.719999790191650391e+00 2.479999923706054688e+01 2.409028434753417969e+01
1.885000038146972656e+01 1.539999961853027344e+01 1.479569816589355469e+01
8.159999847412109375e+00 2.289999961853027344e+01 2.160967445373535156e+01
9.470000267028808594e+00 2.500000000000000000e+01 3.135913658142089844e+01
5.679999828338623047e+00 3.250000000000000000e+01 2.219206428527832031e+01
1.335000038146972656e+01 2.010000038146972656e+01 1.948580360412597656e+01
6.619999885559082031e+00 3.459999847412109375e+01 2.462731170654296875e+01
2.113999938964843750e+01 1.970000076293945312e+01 1.250492763519287109e+01
3.198999977111816406e+01 7.400000095367431641e+00 1.466833204030990601e-01
3.109999895095825195e+00 4.229999923706054688e+01 3.521021270751953125e+01
1.332999992370605469e+01 2.310000038146972656e+01 1.984507179260253906e+01
9.529999732971191406e+00 5.000000000000000000e+01 2.411568069458007812e+01
9.140000343322753906e+00 2.160000038146972656e+01 2.280572319030761719e+01
9.680000305175781250e+00 1.889999961853027344e+01 2.342565917968750000e+01
1.876000022888183594e+01 2.320000076293945312e+01 1.569250965118408203e+01
6.650000095367431641e+00 2.839999961853027344e+01 2.409655952453613281e+01
2.007999992370605469e+01 1.629999923706054688e+01 6.216940879821777344e+00
2.121999931335449219e+01 1.720000076293945312e+01 1.331577491760253906e+01
2.880000114440917969e+00 5.000000000000000000e+01 3.579786682128906250e+01
1.715999984741210938e+01 1.169999980926513672e+01 1.817935371398925781e+01
2.379000091552734375e+01 1.080000019073486328e+01 4.731104850769042969e+00
1.414999961853027344e+01 2.000000000000000000e+01 1.975919532775878906e+01
9.619999885559082031e+00 2.389999961853027344e+01 2.227167320251464844e+01
2.397999954223632812e+01 1.180000019073486328e+01 6.899520874023437500e+00
1.760000038146972656e+01 1.779999923706054688e+01 2.296835136413574219e+01
2.470000028610229492e+00 4.170000076293945312e+01 1.034576225280761719e+01
2.297999954223632812e+01 5.000000000000000000e+00 1.090529155731201172e+01
2.123999977111816406e+01 1.330000019073486328e+01 1.371638679504394531e+01
6.920000076293945312e+00 2.989999961853027344e+01 3.395106887817382812e+01
1.280000019073486328e+01 1.839999961853027344e+01 2.211518669128417969e+01
3.109999895095825195e+00 4.400000000000000000e+01 3.521021270751953125e+01
4.210000038146972656e+00 3.870000076293945312e+01 2.876446533203125000e+01
5.500000000000000000e+00 2.700000000000000000e+01 2.464065170288085938e+01
1.478999996185302734e+01 3.070000076293945312e+01 1.923670768737792969e+01
1.026000022888183594e+01 1.820000076293945312e+01 2.029058647155761719e+01
2.030999946594238281e+01 1.210000038146972656e+01 7.211409568786621094e+00
5.489999771118164062e+00 3.270000076293945312e+01 2.535699462890625000e+01
6.480000019073486328e+00 2.200000000000000000e+01 2.495751190185546875e+01
2.438999938964843750e+01 8.300000190734863281e+00 3.136009454727172852e+00
1.804999923706054688e+01 9.600000381469726562e+00 1.876963806152343750e+01
1.673999977111816406e+01 1.779999923706054688e+01 1.321688652038574219e+01
