3.198999977111816406e+01 7.400000095367431641e+00 1.221334096044301987e-02
5.809999942779541016e+00 2.529999923706054688e+01 2.362973403930664062e+01
9.800000190734863281e+00 1.950000000000000000e+01 2.389826774597167969e+01
1.845999908447265625e+01 1.850000000000000000e+01 1.070892810821533203e+01
8.260000228881835938e+00 2.039999961853027344e+01 1.970693778991699219e+01
4.590000152587890625e+00 3.540000152587890625e+01 4.047751235961914062e+01
2.415999984741210938e+01 1.400000000000000000e+01 3.218492984771728516e+00
7.199999809265136719e+00 2.379999923706054688e+01 2.372145843505859375e+01
2.287999916076660156e+01 1.280000019073486328e+01 4.343337059020996094e+00
6.590000152587890625e+00 2.520000076293945312e+01 2.895096206665039062e+01
1.432999992370605469e+01 1.679999923706054688e+01 1.733342361450195312e+01
1.414999961853027344e+01 2.000000000000000000e+01 1.919992256164550781e+01
5.289999961853027344e+00 2.800000000000000000e+01 2.191036224365234375e+01
1.728000068664550781e+01 1.480000019073486328e+01 1.588706398010253906e+01
1.760000038146972656e+01 2.310000038146972656e+01 1.285092639923095703e+01
6.719999790191650391e+00 2.479999923706054688e+01 2.421234703063964844e+01
1.201000022888183594e+01 2.179999923706054688e+01 1.493492698669433594e+01
2.540999984741210938e+01 1.729999923706054688e+01 1.986729145050048828e+00
1.140999984741210938e+01 2.000000000000000000e+01 1.987574386596679688e+01
1.110000038146972656e+01 2.379999923706054688e+01 1.152498817443847656e+01
1.267000007629394531e+01 2.260000038146972656e+01 1.715824317932128906e+01
6.050000190734863281e+00 3.320000076293945312e+01 2.193450355529785156e+01
1.314999961853027344e+01 2.960000038146972656e+01 2.035943412780761719e+01
7.730000019073486328e+00 2.439999961853027344e+01 1.914503097534179688e+01
1.360999965667724609e+01 1.929999923706054688e+01 1.997028350830078125e+01
3.160000085830688477e+00 5.000000000000000000e+01 3.904035186767578125e+01
2.407999992370605469e+01 9.500000000000000000e+00 4.112224102020263672e+00
1.243000030517578125e+01 2.289999961853027344e+01 1.865244102478027344e+01
2.954999923706054688e+01 2.370000076293945312e+01 3.984865188598632812e+00
1.793000030517578125e+01 2.050000000000000000e+01 2.024034881591796875e+01
6.119999885559082031e+00 2.500000000000000000e+01 2.529236984252929688e+01
5.329999923706054688e+00 2.939999961853027344e+01 3.618781661987304688e+01
7.530000209808349609e+00 2.820000076293945312e+01 3.444774627685546875e+01
1.343999958038330078e+01 1.929999923706054688e+01 1.963881683349609375e+01
1.138000011444091797e+01 2.200000000000000000e+01 2.009038162231445312e+01
3.697999954223632812e+01 7.000000000000000000e+00 4.605551657732576132e-05
1.147999954223632812e+01 2.270000076293945312e+01 1.936958503723144531e+01
7.789999961853027344e+00 1.860000038146972656e+01 1.849023818969726562e+01
1.901000022888183594e+01 1.269999980926513672e+01 7.588857650756835938e+00
1.620000076293945312e+01 1.939999961853027344e+01 1.370775318145751953e+01
1.122000026702880859e+01 2.220000076293945312e+01 1.426919460296630859e+01
5.639999866485595703e+00 2.389999961853027344e+01 2.687835121154785156e+01
1.832999992370605469e+01 1.779999923706054688e+01 1.269158458709716797e+01
4.559999942779541016e+00 2.979999923706054688e+01 3.491160964965820312e+01
1.436999988555908203e+01 2.200000000000000000e+01 1.663417243957519531e+01
3.759999990463256836e+00 3.150000000000000000e+01 4.539386749267578125e+01
1.398999977111816406e+01 1.950000000000000000e+01 2.410268211364746094e+01
2.438999938964843750e+01 8.300000190734863281e+00 4.892932415008544922e+00
6.619999885559082031e+00 3.459999847412109375e+01 2.901890945434570312e+01
9.590000152587890625e+00 3.379999923706054688e+01 2.319297027587890625e+01
