7.699999809265136719e+00 2.039999961853027344e+01 2.317891120910644531e+01
7.829999923706054688e+00 1.939999961853027344e+01 2.416200447082519531e+01
2.996999931335449219e+01 6.300000190734863281e+00 2.099478244781494141e+00
8.510000228881835938e+00 2.060000038146972656e+01 2.258189582824707031e+01
3.730000019073486328e+00 5.000000000000000000e+01 2.588684844970703125e+01
1.709000015258789062e+01 1.870000076293945312e+01 1.111346435546875000e+01
2.397999954223632812e+01 1.929999923706054688e+01 7.813158988952636719e+00
1.140999984741210938e+01 2.000000000000000000e+01 2.076173019409179688e+01
2.062000083923339844e+01 8.800000190734863281e+00 6.358247756958007812e+00
6.679999828338623047e+00 3.200000000000000000e+01 2.850265312194824219e+01
1.314999961853027344e+01 2.960000038146972656e+01 2.131524467468261719e+01
4.610000133514404297e+00 3.120000076293945312e+01 3.053736877441406250e+01
5.329999923706054688e+00 3.620000076293945312e+01 2.376406669616699219e+01
2.121999931335449219e+01 1.720000076293945312e+01 2.662095785140991211e+00
1.901000022888183594e+01 1.269999980926513672e+01 1.173705291748046875e+01
1.642000007629394531e+01 1.639999961853027344e+01 6.958370685577392578e+00
1.044999980926513672e+01 1.850000000000000000e+01 2.274769020080566406e+01
1.127999973297119141e+01 1.820000076293945312e+01 1.812098312377929688e+01
3.759999990463256836e+00 4.540000152587890625e+01 2.610394477844238281e+01
2.681999969482421875e+01 1.339999961853027344e+01 7.933151245117187500e+00
1.879999923706054688e+01 1.660000038146972656e+01 1.253104400634765625e+01
9.159999847412109375e+00 2.429999923706054688e+01 2.181911087036132812e+01
5.099999904632568359e+00 3.700000000000000000e+01 4.821734237670898438e+01
3.950000047683715820e+00 3.160000038146972656e+01 2.918577384948730469e+01
1.414999961853027344e+01 2.000000000000000000e+01 1.986923217773437500e+01
1.272999954223632812e+01 2.100000000000000000e+01 2.119899749755859375e+01
4.590000152587890625e+00 4.129999923706054688e+01 3.036828994750976562e+01
6.579999923706054688e+00 2.310000038146972656e+01 2.717475700378417969e+01
7.429999828338623047e+00 2.410000038146972656e+01 2.137798309326171875e+01
5.909999847412109375e+00 4.879999923706054688e+01 2.147779655456542969e+01
1.322000026702880859e+01 2.139999961853027344e+01 2.166662025451660156e+01
5.489999771118164062e+00 2.410000038146972656e+01 2.092865753173828125e+01
1.569999980926513672e+01 1.419999980926513672e+01 1.513821315765380859e+01
6.190000057220458984e+00 3.320000076293945312e+01 2.663262939453125000e+01
1.803000068664550781e+01 1.460000038146972656e+01 1.256433677673339844e+01
2.107999992370605469e+01 1.089999961853027344e+01 3.141452074050903320e+00
2.490999984741210938e+01 1.200000000000000000e+01 2.924039602279663086e+00
5.980000019073486328e+00 2.289999961853027344e+01 2.269288444519042969e+01
1.568999958038330078e+01 1.019999980926513672e+01 1.538116836547851562e+01
1.464999961853027344e+01 1.770000076293945312e+01 1.924801635742187500e+01
2.770999908447265625e+01 1.319999980926513672e+01 9.358047485351562500e+00
2.869999885559082031e+00 3.640000152587890625e+01 4.874089813232421875e+01
8.229999542236328125e+00 2.200000000000000000e+01 2.094933509826660156e+01
5.699999809265136719e+00 2.870000076293945312e+01 1.979702949523925781e+01
2.178000068664550781e+01 1.019999980926513672e+01 2.264667272567749023e+00
1.359000015258789062e+01 2.450000000000000000e+01 1.703096199035644531e+01
9.090000152587890625e+00 1.979999923706054688e+01 2.096096420288085938e+01
4.590000152587890625e+00 3.540000152587890625e+01 3.036828994750976562e+01
1.659000015258789062e+01 1.839999961853027344e+01 6.985556602478027344e+00
1.476000022888183594e+01 2.010000038146972656e+01 2.063237190246582031e+01
